Acer Aspire,Brother Printer Toner,Belkin Mouse Pad,VGA Monitor Cable,,,,,,,,,,,,,,,,,,,,,,,,,,,,
Dell Desktop,Lenovo Desktop Computer,Apple Wireless Keyboard,,,,,,,,,,,,,,,,,,,,,,,,,,,,,
iMac,,,,,,,,,,,,,,,,,,,,,,,,,,,,,,,
Acer Desktop,Lenovo Desktop Computer, Intel Desktop ,XIBERIA Gaming Headset,,,,,,,,,,,,,,,,,,,,,,,,,,,,
HP Laptop,iMac,Epson Black Ink,ASUS Desktop,,,,,,,,,,,,,,,,,,,,,,,,,,,,
iMac,ASUS Monitor,Lenovo Desktop Computer,Mackie CR Speakers,Gaming Mouse Professional,,,,,,,,,,,,,,,,,,,,,,,,,,,
CYBERPOWER Gamer Desktop,,,,,,,,,,,,,,,,,,,,,,,,,,,,,,,
HP Laptop,Bose Companion Speakers,CYBERPOWER Gamer Desktop,Apple MacBook Air,Large Mouse Pad,,,,,,,,,,,,,,,,,,,,,,,,,,,
Logitech Keyboard,,,,,,,,,,,,,,,,,,,,,,,,,,,,,,,
iMac,Generic Black 3-Button,,,,,,,,,,,,,,,,,,,,,,,,,,,,,,
Dell Desktop,HP Laptop,AOC Monitor,Apple MacBook Pro,Dell Laptop,,,,,,,,,,,,,,,,,,,,,,,,,,,
Acer Aspire,Dell Desktop,iMac,ASUS Monitor,ASUS 2 Monitor,Lenovo Desktop Computer,Rii LED Gaming Keyboard & Mouse Combo ,Apple MacBook Pro,JBL Splashproof Portable Bluetooth Speaker,,,,,,,,,,,,,,,,,,,,,,,
ASUS Chromebook,,,,,,,,,,,,,,,,,,,,,,,,,,,,,,,
Acer Monitor,CYBERPOWER Gamer Desktop,Apple Earpods,,,,,,,,,,,,,,,,,,,,,,,,,,,,,
HP Wireless Mouse,Dell Desktop,,,,,,,,,,,,,,,,,,,,,,,,,,,,,,
ASUS Monitor,Dell Desktop,HP Monitor,Backlit LED Gaming Keyboard,,,,,,,,,,,,,,,,,,,,,,,,,,,,
HP Monitor,,,,,,,,,,,,,,,,,,,,,,,,,,,,,,,
Logitech Wireless Mouse,,,,,,,,,,,,,,,,,,,,,,,,,,,,,,,
Dell Laptop,,,,,,,,,,,,,,,,,,,,,,,,,,,,,,,
HP Desktop,,,,,,,,,,,,,,,,,,,,,,,,,,,,,,,
HP Laptop,,,,,,,,,,,,,,,,,,,,,,,,,,,,,,,
Alienware Laptop,3-Button Mouse,,,,,,,,,,,,,,,,,,,,,,,,,,,,,,
iMac,,,,,,,,,,,,,,,,,,,,,,,,,,,,,,,
Dell Desktop, Intel Desktop ,Dell Wired Keyboard,Zombie Gaming Headset,Backlit LED Gaming Keyboard,,,,,,,,,,,,,,,,,,,,,,,,,,,
Dell Desktop,ViewSonic Monitor,HP Laptop,Logitech Keyboard,CYBERPOWER Gamer Desktop,Rii LED Gaming Keyboard & Mouse Combo ,Fire TV Stick,Slim Wireless Mouse,Wireless Portable Mouse,iPad,1TB Portable External Hard Drive,,,,,,,,,,,,,,,,,,,,,
Apple MacBook Pro,Apple MacBook Air,,,,,,,,,,,,,,,,,,,,,,,,,,,,,,
Lenovo Desktop Computer,,,,,,,,,,,,,,,,,,,,,,,,,,,,,,,
Samsung Monitor,CYBERPOWER Gamer Desktop,Apple Earpods,Dell Laptop,,,,,,,,,,,,,,,,,,,,,,,,,,,,
HP Laptop,,,,,,,,,,,,,,,,,,,,,,,,,,,,,,,
Logitech 3-button Mouse,Apple Earpods,HP Monitor,Apple MacBook Air,Backlit LED Gaming Keyboard,Microsoft Wireless Desktop Keyboard and Mouse,,,,,,,,,,,,,,,,,,,,,,,,,,
Lenovo Desktop Computer,Slim 2TB Portable External Hard Drive,Apple MacBook Pro,HP Desktop,,,,,,,,,,,,,,,,,,,,,,,,,,,,
Eluktronics Pro Gaming Laptop,HP Laptop,CYBERPOWER Gamer Desktop,HP Notebook Touchscreen Laptop PC,Apple MacBook Pro,Brother Printer,iPad Pro ,,,,,,,,,,,,,,,,,,,,,,,,,
ViewSonic Monitor,HP Laptop,iMac,Slim 2TB Portable External Hard Drive,Dell Desktop,,,,,,,,,,,,,,,,,,,,,,,,,,,
LG Monitor,Dell 2 Desktop,HP Laptop,iMac,Apple Magic Keyboard,Microsoft Office Home and Student 2016,Apple Earpods,Gaming Mouse Professional,,,,,,,,,,,,,,,,,,,,,,,,
ASUS Chromebook,Logitech MK270 Wireless Keyboard and Mouse Combo,Zombie Gaming Headset,,,,,,,,,,,,,,,,,,,,,,,,,,,,,
3-Button Mouse,Apple Earpods,,,,,,,,,,,,,,,,,,,,,,,,,,,,,,
HP Monitor,,,,,,,,,,,,,,,,,,,,,,,,,,,,,,,
Apple MacBook Air,,,,,,,,,,,,,,,,,,,,,,,,,,,,,,,
ViewSonic Monitor,HP Laptop,iMac,HP Wireless Printer,,,,,,,,,,,,,,,,,,,,,,,,,,,,
Acer Aspire,3TB Portable External Hard Drive,Backlit LED Gaming Keyboard,,,,,,,,,,,,,,,,,,,,,,,,,,,,,
Samsung Monitor,CYBERPOWER Gamer Desktop,Apple Earpods,Apple MacBook Air,HP Desktop,Microsoft Wireless Desktop Keyboard and Mouse,,,,,,,,,,,,,,,,,,,,,,,,,,
Dell Desktop,ViewSonic Monitor,iMac,Lenovo Desktop Computer,Microsoft Office Home and Student 2016,Logitech 3-button Mouse,3-Button Mouse,Dell Desktop,Generic Black 3-Button,Apple Wireless Keyboard,Apple Earpods,Wireless Portable Mouse,iPad,,,,,,,,,,,,,,,,,,,
Dell 2 Desktop,Lenovo Desktop Computer,,,,,,,,,,,,,,,,,,,,,,,,,,,,,,
Apple MacBook Air,,,,,,,,,,,,,,,,,,,,,,,,,,,,,,,
Alienware Laptop,Lenovo Desktop Computer, Intel Desktop ,Apple Wired Keyboard,CYBERPOWER Gamer Desktop,Apple MacBook Pro,Apple Earpods,Backlit LED Gaming Keyboard,,,,,,,,,,,,,,,,,,,,,,,,
Apple Wireless Keyboard,,,,,,,,,,,,,,,,,,,,,,,,,,,,,,,
3-Button Mouse,Apple MacBook Pro,,,,,,,,,,,,,,,,,,,,,,,,,,,,,,
CYBERPOWER Gamer Desktop,,,,,,,,,,,,,,,,,,,,,,,,,,,,,,,
Acer Desktop,,,,,,,,,,,,,,,,,,,,,,,,,,,,,,,
ViewSonic Monitor,HP Laptop,ASUS Monitor,ASUS 2 Monitor,Apple Magic Keyboard,Bose Companion Speakers,Logitech MK550 Wireless Wave Keyboard and Mouse Combo,CYBERPOWER Gamer Desktop,Apple MacBook Pro,ASUS Desktop,,,,,,,,,,,,,,,,,,,,,,
Samsung Monitor,CYBERPOWER Gamer Desktop,Redragon Gaming Mouse,Backlit LED Gaming Keyboard,,,,,,,,,,,,,,,,,,,,,,,,,,,,
Apple MacBook Air,,,,,,,,,,,,,,,,,,,,,,,,,,,,,,,
HDMI Cable 6ft,Logitech MK270 Wireless Keyboard and Mouse Combo,HP Laptop,iMac,,,,,,,,,,,,,,,,,,,,,,,,,,,,
Logitech Desktop MK120 Mouse and keyboard Combo,Dell Desktop,HP Laptop,ASUS 2 Monitor,Microsoft Office Home and Student 2016,Logitech 3-button Mouse,Brother Printer Toner,Belkin Mouse Pad,Smart Light Bulb,HP Monitor,,,,,,,,,,,,,,,,,,,,,,
iMac,Lenovo Desktop Computer,Dell Wired Keyboard,Microsoft Basic Optical Mouse,Apple Earpods,,,,,,,,,,,,,,,,,,,,,,,,,,,
iMac,ASUS 2 Monitor,Lenovo Desktop Computer,3-Button Mouse,,,,,,,,,,,,,,,,,,,,,,,,,,,,
Logitech Wireless Mouse,Logitech 3-button Mouse,Apple MacBook Air,,,,,,,,,,,,,,,,,,,,,,,,,,,,,
CYBERPOWER Gamer Desktop,Etekcity Power Extension Cord Cable,Apple MacBook Pro,Microsoft Headset,Logitech ClearChat Headset,Brother Printer,iPad Pro ,,,,,,,,,,,,,,,,,,,,,,,,,
HDMI Cable 6ft,ASUS Chromebook,Apple Magic Keyboard,Sonos,CYBERPOWER Gamer Desktop,Redragon Gaming Mouse,,,,,,,,,,,,,,,,,,,,,,,,,,
CYBERPOWER Gamer Desktop,3-Button Mouse,Dell Desktop,,,,,,,,,,,,,,,,,,,,,,,,,,,,,
HP Laptop,iMac,Epson Printer,Halter Acrylic Monitor Stand,Slim Wireless Mouse,PC Gaming Headset,Zombie Gaming Headset,,,,,,,,,,,,,,,,,,,,,,,,,
Samsung Monitor,3-Button Mouse,,,,,,,,,,,,,,,,,,,,,,,,,,,,,,
Samsung Monitor,ASUS Chromebook,iMac,,,,,,,,,,,,,,,,,,,,,,,,,,,,,
Acer Monitor,Dell Desktop,CYBERPOWER Gamer Desktop,Logitech 3-button Mouse,Dell Desktop,,,,,,,,,,,,,,,,,,,,,,,,,,,
CYBERPOWER Gamer Desktop,3-Button Mouse,Apple Earpods,,,,,,,,,,,,,,,,,,,,,,,,,,,,,
iMac,,,,,,,,,,,,,,,,,,,,,,,,,,,,,,,
ASUS 2 Monitor,Apple Wireless Keyboard,,,,,,,,,,,,,,,,,,,,,,,,,,,,,,
Dell KM117 Wireless Keyboard & Mouse,Backlit LED Gaming Keyboard,,,,,,,,,,,,,,,,,,,,,,,,,,,,,,
Samsung Monitor,iMac,ASUS 2 Monitor,,,,,,,,,,,,,,,,,,,,,,,,,,,,,
Dell Desktop,Acer Desktop,Dell 2 Desktop,iMac,Dell Monitor,CYBERPOWER Gamer Desktop,Microsoft Basic Optical Mouse,Dell Laptop,,,,,,,,,,,,,,,,,,,,,,,,
Dell KM117 Wireless Keyboard & Mouse,,,,,,,,,,,,,,,,,,,,,,,,,,,,,,,
iMac,ASUS Monitor,Belkin Mouse Pad,Audio Cable,Dell Laptop,Sceptre Monitor,Halter Mesh Metal Monitor Stand,,,,,,,,,,,,,,,,,,,,,,,,,
Acer Monitor,Acer Aspire,iMac,Microsoft Office Home and Student 2016,Etekcity Power Extension Cord Cable,EagleTec Wireless Combo Keyboard and Mouse,Dell Laptop,Backlit LED Gaming Keyboard,,,,,,,,,,,,,,,,,,,,,,,,
iMac,XIBERIA Gaming Headset,Apple Earpods,,,,,,,,,,,,,,,,,,,,,,,,,,,,,
Dell Monitor,,,,,,,,,,,,,,,,,,,,,,,,,,,,,,,
HP Laptop,iMac,CYBERPOWER Gamer Desktop,Dell Desktop,,,,,,,,,,,,,,,,,,,,,,,,,,,,
Acer Aspire,iMac,ASUS 2 Monitor,Alienware Laptop,3-Button Mouse,,,,,,,,,,,,,,,,,,,,,,,,,,,
Rii LED Gaming Keyboard & Mouse Combo ,Lenovo Desktop Computer,Apple MacBook Pro,HP Monitor,Apple MacBook Air,,,,,,,,,,,,,,,,,,,,,,,,,,,
Dell Desktop,Apple MacBook Pro,Apple Earpods,Apple MacBook Air,,,,,,,,,,,,,,,,,,,,,,,,,,,,
Cambridge Bluetooth Speaker,Apple Wireless Keyboard,,,,,,,,,,,,,,,,,,,,,,,,,,,,,,
Dell Laptop,,,,,,,,,,,,,,,,,,,,,,,,,,,,,,,
ViewSonic Monitor,iMac,Epson Printer,Microsoft Office Home and Student 2016,CYBERPOWER Gamer Desktop,Etekcity Power Extension Cord Cable,Belkin Mouse Pad,Full Motion Monitor Mount,HP Monitor,1TB Portable External Hard Drive,,,,,,,,,,,,,,,,,,,,,,
ViewSonic Monitor,Computer Game,Logitech MK550 Wireless Wave Keyboard and Mouse Combo,Epson Printer,,,,,,,,,,,,,,,,,,,,,,,,,,,,
HP Black & Tri-color Ink ,Epson Black Ink,Epson Printer,Lenovo Desktop Computer,Etekcity Power Extension Cord Cable,LG Touchscreen Laptop,Sceptre Monitor,,,,,,,,,,,,,,,,,,,,,,,,,
Apple MacBook Pro,,,,,,,,,,,,,,,,,,,,,,,,,,,,,,,
Samsung Monitor,ViewSonic Monitor,Computer Game,Lenovo Desktop Computer,CYBERPOWER Gamer Desktop,Kindle ,Zombie Gaming Headset,,,,,,,,,,,,,,,,,,,,,,,,,
Apple Wireless Keyboard,Backlit LED Gaming Keyboard,,,,,,,,,,,,,,,,,,,,,,,,,,,,,,
LG Monitor,HP Laptop,Apple Magic Keyboard,,,,,,,,,,,,,,,,,,,,,,,,,,,,,
Dell 2 Desktop,Lenovo Desktop Computer,,,,,,,,,,,,,,,,,,,,,,,,,,,,,,
Apple Earpods,,,,,,,,,,,,,,,,,,,,,,,,,,,,,,,
Dell 2 Desktop,,,,,,,,,,,,,,,,,,,,,,,,,,,,,,,
HP Monitor,Slim Wireless Mouse,Sceptre Monitor,,,,,,,,,,,,,,,,,,,,,,,,,,,,,
Acer Aspire,Alienware Laptop,Lenovo Desktop Computer, Intel Desktop ,,,,,,,,,,,,,,,,,,,,,,,,,,,,
LG Monitor,Eluktronics Pro Gaming Laptop,Acer Aspire,Dell 2 Desktop,Computer Game,Apple Magic Keyboard,Mackie CR Speakers,Apple Wireless Keyboard,Dell Laptop,,,,,,,,,,,,,,,,,,,,,,,
Zombie Gaming Headset,,,,,,,,,,,,,,,,,,,,,,,,,,,,,,,
Logitech MK270 Wireless Keyboard and Mouse Combo,Rokono Mini Speaker,,,,,,,,,,,,,,,,,,,,,,,,,,,,,,
Samsung Monitor,Panasonic In-Ear Headphone ,CYBERPOWER Gamer Desktop,Logitech 3-button Mouse,HP Monitor,Apple MacBook Air,Dell KM117 Wireless Keyboard & Mouse,Wireless Portable Mouse,Microsoft Wireless Desktop Keyboard and Mouse,,,,,,,,,,,,,,,,,,,,,,,
HP Wireless Mouse,Eluktronics Pro Gaming Laptop,Acer Aspire,Dell Desktop,ViewSonic Monitor,HP Laptop,ASUS Monitor,Cyber Acoustics,Etekcity Power Extension Cord Cable,Zombie Gaming Headset,,,,,,,,,,,,,,,,,,,,,,
iMac,Lenovo Desktop Computer,Logitech 3-button Mouse,,,,,,,,,,,,,,,,,,,,,,,,,,,,,
Acer Aspire,Dell Desktop,,,,,,,,,,,,,,,,,,,,,,,,,,,,,,
Apple Earpods,Acer Desktop,,,,,,,,,,,,,,,,,,,,,,,,,,,,,,
Samsung Monitor,LG Monitor,Logitech MK270 Wireless Keyboard and Mouse Combo,iMac,CYBERPOWER Gamer Desktop,3-Button Mouse,Apple Earpods,HP Desktop,1TB Portable External Hard Drive,,,,,,,,,,,,,,,,,,,,,,,
Acer Monitor,CYBERPOWER Gamer Desktop,Apple MacBook Pro,,,,,,,,,,,,,,,,,,,,,,,,,,,,,
Samsung Monitor,iMac,Lenovo Desktop Computer,Apple Wireless Keyboard,HP Monitor,Apple MacBook Air,USB Cable,iPad Pro ,Rokono Mini Speaker,Microsoft Wireless Desktop Keyboard and Mouse,,,,,,,,,,,,,,,,,,,,,,
Apple Earpods,,,,,,,,,,,,,,,,,,,,,,,,,,,,,,,
CYBERPOWER Gamer Desktop,HP Monitor,,,,,,,,,,,,,,,,,,,,,,,,,,,,,,
ASUS Chromebook,Acer Aspire,Dell 2 Desktop,ViewSonic Monitor,Logitech 3-button Mouse,Zombie Gaming Headset,,,,,,,,,,,,,,,,,,,,,,,,,,
iMac,Apple Magic Keyboard,CYBERPOWER Gamer Desktop,Apple Earpods,Wireless Portable Mouse,iPad,DYMO Labeling Tape ,,,,,,,,,,,,,,,,,,,,,,,,,
Dell Wired Keyboard,,,,,,,,,,,,,,,,,,,,,,,,,,,,,,,
Dell Desktop,Acer Desktop,,,,,,,,,,,,,,,,,,,,,,,,,,,,,,
Acer Monitor,Samsung Monitor,ViewSonic Monitor,HP Laptop,CYBERPOWER Gamer Desktop,Etekcity Power Extension Cord Cable,Microsoft Basic Optical Mouse,Apple MacBook Air,Microsoft Headset,JBL Splashproof Portable Bluetooth Speaker,,,,,,,,,,,,,,,,,,,,,,
Logitech Wireless Mouse,Apple MacBook Pro,,,,,,,,,,,,,,,,,,,,,,,,,,,,,,
iMac,HP Wireless Printer,Epson Printer,CYBERPOWER Gamer Desktop,Belkin Mouse Pad,Apple MacBook Pro,Dell KM117 Wireless Keyboard & Mouse,Backlit LED Gaming Keyboard,,,,,,,,,,,,,,,,,,,,,,,,
Dell 2 Desktop,Apple Magic Keyboard,,,,,,,,,,,,,,,,,,,,,,,,,,,,,,
Acer Aspire,Dell 2 Desktop,Bose Companion Speakers,Dell Wired Keyboard,,,,,,,,,,,,,,,,,,,,,,,,,,,,
Dell Desktop,iMac,Lenovo Desktop Computer,,,,,,,,,,,,,,,,,,,,,,,,,,,,,
Eluktronics Pro Gaming Laptop,iMac,Epson Printer,CYBERPOWER Gamer Desktop,Apple MacBook Air,EagleTec Wireless Combo Keyboard and Mouse,,,,,,,,,,,,,,,,,,,,,,,,,,
Eluktronics Pro Gaming Laptop,HP Laptop,iMac,Epson Printer,Microsoft Office Home and Student 2016,Apple Earpods,JBL Splashproof Portable Bluetooth Speaker,,,,,,,,,,,,,,,,,,,,,,,,,
iMac, Intel Desktop ,Apple Earpods,,,,,,,,,,,,,,,,,,,,,,,,,,,,,
Ailihen Stereo Headphones,HP Laptop,3-Button Mouse,Belkin Mouse Pad,Apple Wireless Keyboard,ASUS Desktop,Samsung Galaxy Tablet,Microsoft Wireless Desktop Keyboard and Mouse,,,,,,,,,,,,,,,,,,,,,,,,
Acer Monitor,Samsung Monitor,ASUS Desktop,Wireless Portable Mouse,,,,,,,,,,,,,,,,,,,,,,,,,,,,
Logitech Wireless Mouse,HP Wireless Printer,Brother Printer Toner,Apple MacBook Air,,,,,,,,,,,,,,,,,,,,,,,,,,,,
3-Button Mouse,Apple Earpods,,,,,,,,,,,,,,,,,,,,,,,,,,,,,,
HP Laptop,Dell KM117 Wireless Keyboard & Mouse,,,,,,,,,,,,,,,,,,,,,,,,,,,,,,
Acer Desktop,,,,,,,,,,,,,,,,,,,,,,,,,,,,,,,
Acer Monitor,Samsung Monitor,Acer Aspire,Dell Desktop,Acer Desktop,iMac,Logitech MK550 Wireless Wave Keyboard and Mouse Combo, Intel Desktop ,Microsoft Office Home and Student 2016,Mackie CR Speakers,Dell Desktop,Ethernet Cable,Acer Desktop,HP Monitor,Brother Printer,,,,,,,,,,,,,,,,,
EagleTec Wireless Combo Keyboard and Mouse,,,,,,,,,,,,,,,,,,,,,,,,,,,,,,,
HP Desktop,,,,,,,,,,,,,,,,,,,,,,,,,,,,,,,
Samsung Monitor,Alienware Laptop,CYBERPOWER Gamer Desktop,,,,,,,,,,,,,,,,,,,,,,,,,,,,,
ASUS 2 Monitor,,,,,,,,,,,,,,,,,,,,,,,,,,,,,,,
Acer Monitor,HP Wireless Printer,,,,,,,,,,,,,,,,,,,,,,,,,,,,,,
iMac,Lenovo Desktop Computer,Slim 2TB Portable External Hard Drive,Logitech 3-button Mouse,Microsoft Wireless Desktop Keyboard and Mouse,,,,,,,,,,,,,,,,,,,,,,,,,,,
Backlit LED Gaming Keyboard,,,,,,,,,,,,,,,,,,,,,,,,,,,,,,,
Dell 2 Desktop,Apple Earpods,,,,,,,,,,,,,,,,,,,,,,,,,,,,,,
ASUS 2 Monitor,Rii LED Gaming Keyboard & Mouse Combo ,Large Mouse Pad,,,,,,,,,,,,,,,,,,,,,,,,,,,,,
Dell Desktop,HP Laptop,Apple Wireless Keyboard,,,,,,,,,,,,,,,,,,,,,,,,,,,,,
Apple Earpods,,,,,,,,,,,,,,,,,,,,,,,,,,,,,,,
CYBERPOWER Gamer Desktop,Logitech MK360 Wireless Keyboard and Mouse Combo,,,,,,,,,,,,,,,,,,,,,,,,,,,,,,
Apple MacBook Air,,,,,,,,,,,,,,,,,,,,,,,,,,,,,,,
Apple MacBook Air,,,,,,,,,,,,,,,,,,,,,,,,,,,,,,,
Acer Monitor,Samsung Monitor,iMac,CYBERPOWER Gamer Desktop,Belkin Mouse Pad,,,,,,,,,,,,,,,,,,,,,,,,,,,
HP Laptop,Acer Desktop,Apple MacBook Air,,,,,,,,,,,,,,,,,,,,,,,,,,,,,
iMac,Epson Printer,,,,,,,,,,,,,,,,,,,,,,,,,,,,,,
iMac,,,,,,,,,,,,,,,,,,,,,,,,,,,,,,,
Acer Aspire,ASUS Monitor, Intel Desktop ,AOC Monitor,Etekcity Power Extension Cord Cable,Belkin Mouse Pad,Backlit LED Gaming Keyboard,,,,,,,,,,,,,,,,,,,,,,,,,
Acer Monitor,CYBERPOWER Gamer Desktop,,,,,,,,,,,,,,,,,,,,,,,,,,,,,,
Acer Monitor,HDMI Cable 6ft,Acer Desktop,HP Laptop,iMac,Koss Home Headphones,Epson Printer,CYBERPOWER Gamer Desktop,Dell Desktop,Smart Light Bulb,,,,,,,,,,,,,,,,,,,,,,
Alienware Laptop,Lenovo Desktop Computer,,Apple Earpods,Zombie Gaming Headset,,,,,,,,,,,,,,,,,,,,,,,,,,,
Eluktronics Pro Gaming Laptop,Acer Aspire,Computer Game,CYBERPOWER Gamer Desktop,Apple MacBook Pro,DYMO Label Manker  ,,,,,,,,,,,,,,,,,,,,,,,,,,
Cyber Acoustics,Microsoft Wireless Comfort Keyboard and Mouse,,,,,,,,,,,,,,,,,,,,,,,,,,,,,,
HP Laptop,iMac,XIBERIA Gaming Headset,Rii LED Keyboard,Dell Laptop,Microsoft Wireless Desktop Keyboard and Mouse,,,,,,,,,,,,,,,,,,,,,,,,,,
Samsung Monitor,LG Monitor,Acer Aspire,HP Wireless Printer,AOC Monitor,JBL Splashproof Portable Bluetooth Speaker,Sceptre Monitor,,,,,,,,,,,,,,,,,,,,,,,,,
CYBERPOWER Gamer Desktop,,,,,,,,,,,,,,,,,,,,,,,,,,,,,,,
Logitech MK270 Wireless Keyboard and Mouse Combo,HP Laptop,ASUS 2 Monitor,HP Wireless Printer,Lenovo Desktop Computer,iPad Pro ,,,,,,,,,,,,,,,,,,,,,,,,,,
ViewSonic Monitor,HP Laptop,iMac,Lenovo Desktop Computer,Slim 2TB Portable External Hard Drive,Koss Home Headphones,Epson Printer,HP Monitor,Apple MacBook Air,,,,,,,,,,,,,,,,,,,,,,,
Apple Wireless Keyboard,Microsoft Wireless Desktop Keyboard and Mouse,,,,,,,,,,,,,,,,,,,,,,,,,,,,,,
Microsoft Wireless Comfort Keyboard and Mouse,,,,,,,,,,,,,,,,,,,,,,,,,,,,,,,
iMac,CYBERPOWER Gamer Desktop,Dell Desktop,Apple MacBook Pro,Apple Earpods,,,,,,,,,,,,,,,,,,,,,,,,,,,
Dell Desktop,HP Laptop,Logitech Wireless Mouse,iMac,Logitech Stereo Headset ,,,,,,,,,,,,,,,,,,,,,,,,,,,
ASUS Chromebook,HP Black & Tri-color Ink ,Rii LED Gaming Keyboard & Mouse Combo ,DYMO Labeling Tape ,Etekcity Power Extension Cord Cable,,,,,,,,,,,,,,,,,,,,,,,,,,,
iMac,ASUS Monitor,HP Wireless Printer,CYBERPOWER Gamer Desktop,,,,,,,,,,,,,,,,,,,,,,,,,,,,
Acer Monitor,Apple Earpods,Microsoft Headset,,,,,,,,,,,,,,,,,,,,,,,,,,,,,
Dell Desktop,Google Home,Apple MacBook Pro,,,,,,,,,,,,,,,,,,,,,,,,,,,,,
Apple MacBook Air,,,,,,,,,,,,,,,,,,,,,,,,,,,,,,,
Kensington Headphones ,HP Laptop,Epson Printer,Apple MacBook Air,,,,,,,,,,,,,,,,,,,,,,,,,,,,
Slim 2TB Portable External Hard Drive,Apple Earpods,,,,,,,,,,,,,,,,,,,,,,,,,,,,,,
Eluktronics Pro Gaming Laptop,ViewSonic Monitor,iMac,,,,,,,,,,,,,,,,,,,,,,,,,,,,,
iMac,3-Button Mouse,ASUS Desktop,,,,,,,,,,,,,,,,,,,,,,,,,,,,,
Kensington Headphones ,LG Touchscreen Laptop,Microsoft Wireless Desktop Keyboard and Mouse,,,,,,,,,,,,,,,,,,,,,,,,,,,,,
HP Laptop,,,,,,,,,,,,,,,,,,,,,,,,,,,,,,,
HDMI Cable 6ft,Dell Desktop,HP Laptop,iMac,AOC Monitor,Logitech 3-button Mouse,HP Monitor,Apple MacBook Air,,,,,,,,,,,,,,,,,,,,,,,,
HP Laptop,,,,,,,,,,,,,,,,,,,,,,,,,,,,,,,
ASUS 2 Monitor,Alienware Laptop,Logitech Wireless Keyboard,Slim Wireless Mouse,Microsoft Wireless Comfort Keyboard and Mouse,,,,,,,,,,,,,,,,,,,,,,,,,,,
Apple MacBook Air,,,,,,,,,,,,,,,,,,,,,,,,,,,,,,,
ASUS 2 Monitor,HP Wireless Printer,Apple Earpods,Slim Wireless Mouse,Wireless Portable Mouse,Rii LED Keyboard,Dell Laptop,Microsoft Wireless Desktop Keyboard and Mouse,,,,,,,,,,,,,,,,,,,,,,,,
iMac, Intel Desktop ,Generic Black 3-Button,HP USB Keyboard ,,,,,,,,,,,,,,,,,,,,,,,,,,,,
iMac,Lenovo Desktop Computer,,,,,,,,,,,,,,,,,,,,,,,,,,,,,,
HP Wireless Printer,Sonos,,,,,,,,,,,,,,,,,,,,,,,,,,,,,,
Samsung Monitor,Koss Home Headphones,Apple Wireless Keyboard,,,,,,,,,,,,,,,,,,,,,,,,,,,,,
HP Laptop,Apple MacBook Pro,Wireless Portable Mouse,JBL Splashproof Portable Bluetooth Speaker,Microsoft Wireless Desktop Keyboard and Mouse,,,,,,,,,,,,,,,,,,,,,,,,,,,
HDMI Cable 6ft,iMac,CYBERPOWER Gamer Desktop,,,,,,,,,,,,,,,,,,,,,,,,,,,,,
HP Laptop,Sonos,,,,,,,,,,,,,,,,,,,,,,,,,,,,,,
HP Laptop,Apple MacBook Pro,,,,,,,,,,,,,,,,,,,,,,,,,,,,,,
Apple Earpods,Apple MacBook Air,LG Touchscreen Laptop,Computer Game,,,,,,,,,,,,,,,,,,,,,,,,,,,,
HP Black & Tri-color Ink ,iPad,,,,,,,,,,,,,,,,,,,,,,,,,,,,,,
Acer Monitor,HDMI Cable 6ft,Dell Desktop,Acer Desktop,ViewSonic Monitor,HP Laptop,iMac,ASUS Monitor,ASUS 2 Monitor,Lenovo Desktop Computer,Apple Magic Keyboard,Koss Home Headphones,Panasonic In-Ear Headphone , Intel Desktop ,Cambridge Bluetooth Speaker,Ailihen Stereo Headphones,Microsoft Office Home and Student 2016,AOC Monitor,Dell Desktop,Generic Black 3-Button,HP Monitor,Apple MacBook Air,Wireless Portable Mouse,,,,,,,,,
CYBERPOWER Gamer Desktop,Apple MacBook Air,,,,,,,,,,,,,,,,,,,,,,,,,,,,,,
ASUS 2 Monitor, Intel Desktop ,Brother Printer Toner,3TB Portable External Hard Drive,Rii LED Keyboard,HP Desktop,Microsoft Wireless Desktop Keyboard and Mouse,,,,,,,,,,,,,,,,,,,,,,,,,
Acer Monitor,Dell Desktop,iMac,Apple Wired Keyboard,Belkin Mouse Pad,Microsoft Wireless Desktop Keyboard and Mouse,,,,,,,,,,,,,,,,,,,,,,,,,,
HP Laptop,,,,,,,,,,,,,,,,,,,,,,,,,,,,,,,
HP USB Keyboard ,,,,,,,,,,,,,,,,,,,,,,,,,,,,,,,
HP Desktop,,,,,,,,,,,,,,,,,,,,,,,,,,,,,,,
ASUS 2 Monitor,Lenovo Desktop Computer,Large Mouse Pad,Zombie Gaming Headset,Microsoft Wireless Desktop Keyboard and Mouse,,,,,,,,,,,,,,,,,,,,,,,,,,,
Acer Monitor,CYBERPOWER Gamer Desktop,,,,,,,,,,,,,,,,,,,,,,,,,,,,,,
Apple Earpods,,,,,,,,,,,,,,,,,,,,,,,,,,,,,,,
ASUS Chromebook,Dell 2 Desktop,ViewSonic Monitor,iMac,HP Wireless Printer,Apple Wired Keyboard,Logitech 3-button Mouse,,,,,,,,,,,,,,,,,,,,,,,,,
Apple MacBook Air,,,,,,,,,,,,,,,,,,,,,,,,,,,,,,,
LG Monitor,ASUS Chromebook,Acer Desktop,HP Black & Tri-color Ink ,HP Notebook Touchscreen Laptop PC,,,,,,,,,,,,,,,,,,,,,,,,,,,
Acer Monitor,Acer Aspire,Bose Companion Speakers,Belkin Mouse Pad,Dell Desktop,,,,,,,,,,,,,,,,,,,,,,,,,,,
Samsung Monitor,Apple MacBook Air,Large Mouse Pad,,,,,,,,,,,,,,,,,,,,,,,,,,,,,
Apple MacBook Air,,,,,,,,,,,,,,,,,,,,,,,,,,,,,,,
Dell Laptop,,,,,,,,,,,,,,,,,,,,,,,,,,,,,,,
ASUS 2 Monitor,CYBERPOWER Gamer Desktop,,,,,,,,,,,,,,,,,,,,,,,,,,,,,,
Apple MacBook Air,,,,,,,,,,,,,,,,,,,,,,,,,,,,,,,
iMac,Apple MacBook Pro,Backlit LED Gaming Keyboard,,,,,,,,,,,,,,,,,,,,,,,,,,,,,
CYBERPOWER Gamer Desktop,Microsoft Headset,,,,,,,,,,,,,,,,,,,,,,,,,,,,,,
LG Monitor,ViewSonic Monitor,HP Laptop,iMac,JBL Splashproof Portable Bluetooth Speaker,,,,,,,,,,,,,,,,,,,,,,,,,,,
Acer Aspire,3-Button Mouse,,,,,,,,,,,,,,,,,,,,,,,,,,,,,,
Logitech Keyboard,,,,,,,,,,,,,,,,,,,,,,,,,,,,,,,
CYBERPOWER Gamer Desktop,3-Button Mouse,Apple Earpods,,,,,,,,,,,,,,,,,,,,,,,,,,,,,
ASUS Monitor,Lenovo Desktop Computer,Apple MacBook Pro,Apple Earpods,,Brother Printer,,,,,,,,,,,,,,,,,,,,,,,,,,
Epson Black Ink,Dell Desktop,Apple Wireless Keyboard,Microsoft Wireless Desktop Keyboard and Mouse,,,,,,,,,,,,,,,,,,,,,,,,,,,,
Samsung Monitor,HP Laptop,Lenovo Desktop Computer,Apple Earpods,Microsoft Wireless Desktop Keyboard and Mouse,,,,,,,,,,,,,,,,,,,,,,,,,,,
iMac,Slim 2TB Portable External Hard Drive,Bose Companion Speakers,Apple Earpods,,,,,,,,,,,,,,,,,,,,,,,,,,,,
Samsung Monitor,LG Monitor,ASUS Chromebook,iMac,CYBERPOWER Gamer Desktop,Belkin Mouse Pad,,,,,,,,,,,,,,,,,,,,,,,,,,
Slim 2TB Portable External Hard Drive,,,,,,,,,,,,,,,,,,,,,,,,,,,,,,,
Slim 2TB Portable External Hard Drive,HP Desktop,,,,,,,,,,,,,,,,,,,,,,,,,,,,,,
Apple MacBook Pro,HP Monitor,,,,,,,,,,,,,,,,,,,,,,,,,,,,,,
Backlit LED Gaming Keyboard,,,,,,,,,,,,,,,,,,,,,,,,,,,,,,,
Apple TV,2TB Portable External Hard Drive,,,,,,,,,,,,,,,,,,,,,,,,,,,,,,
Samsung Monitor,Apple Earpods,Backlit LED Gaming Keyboard,Microsoft Wireless Desktop Keyboard and Mouse,,,,,,,,,,,,,,,,,,,,,,,,,,,,
Backlit LED Gaming Keyboard,,,,,,,,,,,,,,,,,,,,,,,,,,,,,,,
Samsung Monitor,ASUS Chromebook,Acer Aspire,HP Laptop,iMac,Alienware Laptop,Apple Magic Keyboard,Slim 2TB Portable External Hard Drive,Logitech MK550 Wireless Wave Keyboard and Mouse Combo,CYBERPOWER Gamer Desktop,Apple TV,Canon Ink ,,,,,,,,,,,,,,,,,,,,
Acer Desktop,Backlit LED Gaming Keyboard,,,,,,,,,,,,,,,,,,,,,,,,,,,,,,
LG Touchscreen Laptop,,,,,,,,,,,,,,,,,,,,,,,,,,,,,,,
Samsung Monitor,Panasonic In-Ear Headphone ,CYBERPOWER Gamer Desktop,Apple Earpods,Apple MacBook Air,Microsoft Wireless Desktop Keyboard and Mouse,,,,,,,,,,,,,,,,,,,,,,,,,,
Otium Wireless Sports Bluetooth Headphone,ASUS 2 Monitor,Apple MacBook Air,Rii LED Keyboard,,,,,,,,,,,,,,,,,,,,,,,,,,,,
Acer Monitor,Otium Wireless Sports Bluetooth Headphone,Dell Desktop,Computer Game,Etekcity Power Extension Cord Cable,Smart Light Bulb,Logitech Multimedia Speakers,DYMO Labeling Tape ,,,,,,,,,,,,,,,,,,,,,,,,
Sonos,CYBERPOWER Gamer Desktop,Apple MacBook Air,,,,,,,,,,,,,,,,,,,,,,,,,,,,,
Apple MacBook Air,,,,,,,,,,,,,,,,,,,,,,,,,,,,,,,
Dell Desktop,Dell 2 Desktop,ViewSonic Monitor,HP Laptop,Apple MacBook Pro,Microsoft Wireless Desktop Keyboard and Mouse,,,,,,,,,,,,,,,,,,,,,,,,,,
Otium Wireless Sports Bluetooth Headphone,Acer Aspire,HP Laptop,ASUS 2 Monitor,HP Wireless Printer,Alienware Laptop,Slim 2TB Portable External Hard Drive, Intel Desktop ,CYBERPOWER Gamer Desktop,Logitech 3-button Mouse,Logitech Multimedia Speakers,Apple MacBook Pro,,,,,,,,,,,,,,,,,,,,
iMac,Fire HD Tablet,Apple MacBook Pro,,,,,,,,,,,,,,,,,,,,,,,,,,,,,
Samsung Monitor,ASUS Chromebook,Slim 2TB Portable External Hard Drive,Panasonic In-Ear Headphone ,CYBERPOWER Gamer Desktop,HP Notebook Touchscreen Laptop PC,Epson Black Ink,Halter Mesh Metal Monitor Stand,,,,,,,,,,,,,,,,,,,,,,,,
Acer Monitor,Samsung Monitor,ViewSonic Monitor,ASUS Monitor,ASUS 2 Monitor,Panasonic In-Ear Headphone ,CYBERPOWER Gamer Desktop,Slim Wireless Mouse,ASUS Desktop,,,,,,,,,,,,,,,,,,,,,,,
Otium Wireless Sports Bluetooth Headphone,HP Laptop,ASUS Monitor,CYBERPOWER Gamer Desktop,,,,,,,,,,,,,,,,,,,,,,,,,,,,
ViewSonic Monitor,Slim 2TB Portable External Hard Drive,Logitech MK360 Wireless Keyboard and Mouse Combo,Microsoft Basic Optical Mouse,Zombie Gaming Headset,,,,,,,,,,,,,,,,,,,,,,,,,,,
ViewSonic Monitor,HP Black & Tri-color Ink ,HP Laptop,iMac,Panasonic In-Ear Headphone ,CYBERPOWER Gamer Desktop,,,,,,,,,,,,,,,,,,,,,,,,,,
iMac,Apple Magic Keyboard,Brother Printer Toner,Belkin Mouse Pad,,,,,,,,,,,,,,,,,,,,,,,,,,,,
Acer Aspire,iMac,ASUS 2 Monitor,HP Wireless Printer,Lenovo Desktop Computer,Apple Magic Keyboard,Logitech Keyboard,CYBERPOWER Gamer Desktop,Lenovo Desktop Computer,Dell Desktop,Generic Black 3-Button,Full Motion Monitor Mount,Halter Acrylic Monitor Stand,Canon Office Printer,Brother Printer,iPad Pro ,,,,,,,,,,,,,,,,
Acer Aspire,ASUS 2 Monitor,3-Button Mouse,Belkin Mouse Pad,Dell Desktop,iPad,Backlit LED Gaming Keyboard,,,,,,,,,,,,,,,,,,,,,,,,,
HP Laptop,iMac,Apple MacBook Pro,Apple Earpods,Acer Desktop,Apple MacBook Air,Dell KM117 Wireless Keyboard & Mouse,iPad Pro ,,,,,,,,,,,,,,,,,,,,,,,,
Acer Aspire,iMac,CYBERPOWER Gamer Desktop,,,,,,,,,,,,,,,,,,,,,,,,,,,,,
Samsung Monitor,Etekcity Power Extension Cord Cable,Brother Printer,iPad Pro ,,,,,,,,,,,,,,,,,,,,,,,,,,,,
Acer Monitor,ASUS Chromebook,Eluktronics Pro Gaming Laptop,Logitech MK270 Wireless Keyboard and Mouse Combo,ViewSonic Monitor,iMac,ASUS Monitor,Logitech Keyboard,Computer Game,Apple MacBook Pro,Apple MacBook Air,,,,,,,,,,,,,,,,,,,,,
Logitech MK550 Wireless Wave Keyboard and Mouse Combo,CYBERPOWER Gamer Desktop,Apple MacBook Pro,Backlit LED Gaming Keyboard,,,,,,,,,,,,,,,,,,,,,,,,,,,,
 Intel Desktop ,CYBERPOWER Gamer Desktop,Apple Earpods,Dell Laptop,,,,,,,,,,,,,,,,,,,,,,,,,,,,
Logitech Desktop MK120 Mouse and keyboard Combo,ASUS Chromebook,Epson Printer,JBL Splashproof Portable Bluetooth Speaker,Rokono Mini Speaker,,,,,,,,,,,,,,,,,,,,,,,,,,,
LG Monitor,HP Laptop,Apple Magic Keyboard,CYBERPOWER Gamer Desktop,Apple Earpods,Microsoft Wireless Desktop Keyboard and Mouse,,,,,,,,,,,,,,,,,,,,,,,,,,
iMac,Slim 2TB Portable External Hard Drive,,,,,,,,,,,,,,,,,,,,,,,,,,,,,,
CYBERPOWER Gamer Desktop,Apple Earpods,,,,,,,,,,,,,,,,,,,,,,,,,,,,,,
Samsung Monitor,Acer Desktop,iMac,ASUS 2 Monitor,Lenovo Desktop Computer,Panasonic In-Ear Headphone ,CYBERPOWER Gamer Desktop,Apple MacBook Pro,Brother Printer,,,,,,,,,,,,,,,,,,,,,,,
Sonos,,,,,,,,,,,,,,,,,,,,,,,,,,,,,,,
iPhone Charger Cable,,,,,,,,,,,,,,,,,,,,,,,,,,,,,,,
Acer Desktop,HP Laptop,HP Monitor,,,,,,,,,,,,,,,,,,,,,,,,,,,,,
ViewSonic Monitor,HP Laptop,Lenovo Desktop Computer,,,,,,,,,,,,,,,,,,,,,,,,,,,,,
Apple Earpods,,,,,,,,,,,,,,,,,,,,,,,,,,,,,,,
Apple Earpods,,,,,,,,,,,,,,,,,,,,,,,,,,,,,,,
Samsung Monitor,Acer Aspire,Dell Desktop,HP Laptop,iMac,Lenovo Desktop Computer,CYBERPOWER Gamer Desktop,Apple MacBook Pro,Apple Earpods,Dell Laptop,Backlit LED Gaming Keyboard,,,,,,,,,,,,,,,,,,,,,
ViewSonic Monitor,iMac,APIE Bluetooth Headphone,Zombie Gaming Headset,,,,,,,,,,,,,,,,,,,,,,,,,,,,
LG Monitor,Dell 2 Desktop,ViewSonic Monitor,HP Laptop,3-Button Mouse,HP Desktop,,,,,,,,,,,,,,,,,,,,,,,,,,
LG Monitor,,,,,,,,,,,,,,,,,,,,,,,,,,,,,,,
Dell Laptop,,,,,,,,,,,,,,,,,,,,,,,,,,,,,,,
HP Monitor,,,,,,,,,,,,,,,,,,,,,,,,,,,,,,,
Microsoft Basic Optical Mouse,Apple Wireless Keyboard,,,,,,,,,,,,,,,,,,,,,,,,,,,,,,
Apple MacBook Pro,,,,,,,,,,,,,,,,,,,,,,,,,,,,,,,
Acer Monitor,Samsung Monitor,ASUS Monitor,Apple Magic Keyboard,CYBERPOWER Gamer Desktop,Belkin Mouse Pad,HP Notebook Touchscreen Laptop PC,,,,,,,,,,,,,,,,,,,,,,,,,
Dell Desktop,Acer Desktop,Computer Game,HP Laptop,iMac,Microsoft Office Home and Student 2016,Dell Desktop,Computer Game,Logitech Multimedia Speakers,Apple Earpods,Brother Printer,iPad Pro ,,,,,,,,,,,,,,,,,,,,
Apple MacBook Air,,,,,,,,,,,,,,,,,,,,,,,,,,,,,,,
ViewSonic Monitor,,,,,,,,,,,,,,,,,,,,,,,,,,,,,,,
Otium Wireless Sports Bluetooth Headphone,Acer Aspire,Dell 2 Desktop,ViewSonic Monitor,iMac,Apple Earpods,,,,,,,,,,,,,,,,,,,,,,,,,,
Acer Monitor,CYBERPOWER Gamer Desktop,Apple MacBook Pro,HP Monitor,Brother Printer,,,,,,,,,,,,,,,,,,,,,,,,,,,
Dell Desktop,Belkin Mouse Pad,Philips Flexible Earhook Headphone,,,,,,,,,,,,,,,,,,,,,,,,,,,,,
Dell Desktop,ViewSonic Monitor,HP Black & Tri-color Ink ,iMac,Alienware Laptop,Apple Magic Keyboard,Rii LED Gaming Keyboard & Mouse Combo ,Brother Printer,,,,,,,,,,,,,,,,,,,,,,,,
Acer Aspire,Acer Desktop,ViewSonic Monitor,HP Laptop,iMac, Intel Desktop ,Microsoft Office Home and Student 2016,Logitech 3-button Mouse,Belkin Mouse Pad,Smart Light Bulb,Wireless Portable Mouse,,,,,,,,,,,,,,,,,,,,,
Eluktronics Pro Gaming Laptop,HP Laptop,iMac,ASUS 2 Monitor,Lenovo Desktop Computer,CYBERPOWER Gamer Desktop,3-Button Mouse,Brother Printer Toner,Belkin Mouse Pad,Apple MacBook Pro,HP Monitor,,,,,,,,,,,,,,,,,,,,,
HP Wireless Mouse,Acer Desktop,HP Laptop,iMac,HP Wireless Printer,Lenovo Desktop Computer,Apple Magic Keyboard,CYBERPOWER Gamer Desktop,Cyber Acoustics,Apple Earpods,Wireless Portable Mouse,,,,,,,,,,,,,,,,,,,,,
HP Wireless Mouse,Acer Aspire,Dell Desktop,ViewSonic Monitor,iMac,Ailihen Stereo Headphones,CYBERPOWER Gamer Desktop,,,,,,,,,,,,,,,,,,,,,,,,,
Acer Monitor,Acer Aspire,Computer Game,HP Laptop,iMac,CYBERPOWER Gamer Desktop,Dell Desktop,Apple Earpods,,,,,,,,,,,,,,,,,,,,,,,,
Apple MacBook Air,,,,,,,,,,,,,,,,,,,,,,,,,,,,,,,
Logitech Desktop MK120 Mouse and keyboard Combo,Acer Desktop,USB Cable,3-Button Mouse,,,,,,,,,,,,,,,,,,,,,,,,,,,,
Logitech Wireless Mouse,iMac,ASUS 2 Monitor,Lenovo Desktop Computer,Microsoft Office Home and Student 2016,Logitech 3-button Mouse,Fire HD Tablet,Microsoft Basic Optical Mouse,Apple MacBook Pro,Acer Desktop,,,,,,,,,,,,,,,,,,,,,,
Cyber Acoustics,,,,,,,,,,,,,,,,,,,,,,,,,,,,,,,
Acer Aspire,Dell Desktop,,,,,,,,,,,,,,,,,,,,,,,,,,,,,,
Samsung Monitor,iMac,Lenovo Desktop Computer,CYBERPOWER Gamer Desktop,Logitech 3-button Mouse,Logitech Keyboard,,,,,,,,,,,,,,,,,,,,,,,,,,
iMac,Cambridge Bluetooth Speaker,3-Button Mouse,HP Monitor,Wireless Portable Mouse,,,,,,,,,,,,,,,,,,,,,,,,,,,
Apple MacBook Air,,,,,,,,,,,,,,,,,,,,,,,,,,,,,,,
Acer Aspire,Dell Desktop,Samsung Charging Cable,,,,,,,,,,,,,,,,,,,,,,,,,,,,,
Large Mouse Pad,,,,,,,,,,,,,,,,,,,,,,,,,,,,,,,
Acer Aspire,HP Laptop,CYBERPOWER Gamer Desktop,Slim Wireless Mouse,Microsoft Wireless Desktop Keyboard and Mouse,,,,,,,,,,,,,,,,,,,,,,,,,,,
Samsung Monitor,,,,,,,,,,,,,,,,,,,,,,,,,,,,,,,
HP Wireless Mouse,HP Laptop,iMac,DOSS Touch Wireless Bluetooth,Etekcity Power Extension Cord Cable,Apple MacBook Pro,Apple MacBook Air,iPad Pro ,Backlit LED Gaming Keyboard,,,,,,,,,,,,,,,,,,,,,,,
Eluktronics Pro Gaming Laptop,ViewSonic Monitor,HP Laptop,iMac,Lenovo Desktop Computer,Apple Magic Keyboard,Google Home,Rii LED Gaming Keyboard & Mouse Combo ,Belkin Mouse Pad,,,,,,,,,,,,,,,,,,,,,,,
Samsung Monitor,LG Monitor,HP Laptop,HP Wireless Printer,Lenovo Desktop Computer,Etekcity Power Extension Cord Cable,Apple Earpods,,,,,,,,,,,,,,,,,,,,,,,,,
ASUS Chromebook,Dell 2 Desktop,ViewSonic Monitor,iMac,Apple Magic Keyboard,Gaming Mouse Professional,,,,,,,,,,,,,,,,,,,,,,,,,,
Acer Aspire,Logitech Wireless Mouse,Lenovo Desktop Computer,Apple MacBook Pro,,,,,,,,,,,,,,,,,,,,,,,,,,,,
Bose Companion Speakers,Apple Wireless Keyboard,,,,,,,,,,,,,,,,,,,,,,,,,,,,,,
iPad,,,,,,,,,,,,,,,,,,,,,,,,,,,,,,,
Backlit LED Gaming Keyboard,,,,,,,,,,,,,,,,,,,,,,,,,,,,,,,
ASUS Chromebook,Acer Aspire,HP Laptop,Lenovo Desktop Computer,,,,,,,,,,,,,,,,,,,,,,,,,,,,
Samsung Monitor,CYBERPOWER Gamer Desktop,,,,,,,,,,,,,,,,,,,,,,,,,,,,,,
Acer Monitor,ASUS Chromebook,ViewSonic Monitor,ASUS 2 Monitor,HP Wireless Printer,Lenovo Desktop Computer,Koss Home Headphones,CYBERPOWER Gamer Desktop,Fire HD Tablet,Microsoft Basic Optical Mouse,Apple MacBook Air,Brother Printer,iPad Pro ,,,,,,,,,,,,,,,,,,,
Apple MacBook Air,,,,,,,,,,,,,,,,,,,,,,,,,,,,,,,
Apple MacBook Air,,,,,,,,,,,,,,,,,,,,,,,,,,,,,,,
Computer Game,Apple Earpods,Microsoft Headset,Dell Laptop,Backlit LED Gaming Keyboard,,,,,,,,,,,,,,,,,,,,,,,,,,,
Dell Desktop,Logitech Wireless Mouse, Intel Desktop ,AOC Monitor,iPad,,,,,,,,,,,,,,,,,,,,,,,,,,,
Apple MacBook Pro,LG Touchscreen Laptop,,,,,,,,,,,,,,,,,,,,,,,,,,,,,,
ASUS Chromebook,AOC Monitor,3-Button Mouse,Cyber Acoustics,Eluktronics Pro Gaming Laptop,,,,,,,,,,,,,,,,,,,,,,,,,,,
Samsung Monitor,HP Wireless Mouse,Dell Desktop,ViewSonic Monitor,iMac,Lenovo Desktop Computer,iPad,Gaming Mouse Professional,Apple TV,,,,,,,,,,,,,,,,,,,,,,,
Kindle,,,,,,,,,,,,,,,,,,,,,,,,,,,,,,,
HP Wireless Mouse,iMac,HP Notebook Touchscreen Laptop PC,ASUS Desktop,Microsoft Wireless Desktop Keyboard and Mouse,,,,,,,,,,,,,,,,,,,,,,,,,,,
LG Monitor,Acer Aspire,Logitech 3-button Mouse,3-Button Mouse,Dell Desktop,Redragon Gaming Mouse,,,,,,,,,,,,,,,,,,,,,,,,,,
Sonos,,,,,,,,,,,,,,,,,,,,,,,,,,,,,,,
Otium Wireless Sports Bluetooth Headphone,Logitech MK550 Wireless Wave Keyboard and Mouse Combo,Apple MacBook Air,,,,,,,,,,,,,,,,,,,,,,,,,,,,,
HP Laptop,Lenovo Desktop Computer,Logitech 3-button Mouse,Apple Wireless Keyboard,,,,,,,,,,,,,,,,,,,,,,,,,,,,
Apple MacBook Pro,Rii LED Keyboard,,,,,,,,,,,,,,,,,,,,,,,,,,,,,,
Dell Desktop,Apple Earpods,Slim Wireless Mouse,,,,,,,,,,,,,,,,,,,,,,,,,,,,,
Rokono Mini Speaker,,,,,,,,,,,,,,,,,,,,,,,,,,,,,,,
Samsung Monitor,Acer Aspire,Lenovo Desktop Computer,Apple Wireless Keyboard,Apple Earpods,Apple MacBook Air,JBL Splashproof Portable Bluetooth Speaker,,,,,,,,,,,,,,,,,,,,,,,,,
Logitech MK270 Wireless Keyboard and Mouse Combo,ViewSonic Monitor,,,,,,,,,,,,,,,,,,,,,,,,,,,,,,
Microsoft Office Home and Student 2016,Logitech 3-button Mouse,Rokono Mini Speaker,,,,,,,,,,,,,,,,,,,,,,,,,,,,,
CYBERPOWER Gamer Desktop,Halter Acrylic Monitor Stand,Apple MacBook Air,,,,,,,,,,,,,,,,,,,,,,,,,,,,,
Dell Desktop,iMac,,,,,,,,,,,,,,,,,,,,,,,,,,,,,,
HP Wireless Mouse,,,,,,,,,,,,,,,,,,,,,,,,,,,,,,,
Acer Monitor,HP Laptop,Lenovo Desktop Computer,Logitech 3-button Mouse,Apple MacBook Pro,,,,,,,,,,,,,,,,,,,,,,,,,,,
Dell 2 Desktop,ViewSonic Monitor,HP Laptop,ASUS 2 Monitor,Alienware Laptop, Intel Desktop , ,Belkin Mouse Pad,Acer Desktop,Dell Laptop,Zombie Gaming Headset,,,,,,,,,,,,,,,,,,,,,
Belkin Mouse Pad,Brother Printer,,,,,,,,,,,,,,,,,,,,,,,,,,,,,,
Dell Desktop,Lenovo Desktop Computer,CYBERPOWER Gamer Desktop,Apple Earpods,Microsoft Wireless Desktop Keyboard and Mouse,,,,,,,,,,,,,,,,,,,,,,,,,,,
HDMI Cable 6ft,HP Laptop,Apple Magic Keyboard,Logitech MK550 Wireless Wave Keyboard and Mouse Combo,CYBERPOWER Gamer Desktop,Apple Earpods,Acer Desktop,Dell Laptop,iPad,,,,,,,,,,,,,,,,,,,,,,,
Eluktronics Pro Gaming Laptop,AOC Monitor,Slim Wireless Mouse,,,,,,,,,,,,,,,,,,,,,,,,,,,,,
Lenovo Desktop Computer,Height-Adjustable Standing Desk,CYBERPOWER Gamer Desktop,Apple Earpods,iPad Pro ,,,,,,,,,,,,,,,,,,,,,,,,,,,
Apple Earpods,Dell Laptop,,,,,,,,,,,,,,,,,,,,,,,,,,,,,,
Lenovo Desktop Computer,,,,,,,,,,,,,,,,,,,,,,,,,,,,,,,
Apple Earpods,,,,,,,,,,,,,,,,,,,,,,,,,,,,,,,
Apple MacBook Pro,,,,,,,,,,,,,,,,,,,,,,,,,,,,,,,
Samsung Monitor,Otium Wireless Sports Bluetooth Headphone,Eluktronics Pro Gaming Laptop,HP Laptop,,,,,,,,,,,,,,,,,,,,,,,,,,,,
Acer Aspire,Acer Desktop,Slim 2TB Portable External Hard Drive,Logitech MK550 Wireless Wave Keyboard and Mouse Combo,APIE Bluetooth Headphone,Apple Earpods,HP Monitor,Wireless Portable Mouse,,,,,,,,,,,,,,,,,,,,,,,,
Microsoft Wireless Desktop Keyboard and Mouse,,,,,,,,,,,,,,,,,,,,,,,,,,,,,,,
Backlit LED Gaming Keyboard,,,,,,,,,,,,,,,,,,,,,,,,,,,,,,,
Acer Monitor,HP Laptop,iMac,ASUS 2 Monitor,Dell Monitor,3TB Portable External Hard Drive,HP Desktop,Apple TV,,,,,,,,,,,,,,,,,,,,,,,,
Samsung Monitor,Acer Aspire,iMac,Apple MacBook Air,,,,,,,,,,,,,,,,,,,,,,,,,,,,
Acer Monitor,CYBERPOWER Gamer Desktop,,,,,,,,,,,,,,,,,,,,,,,,,,,,,,
Lenovo Desktop Computer,Slim Wireless Mouse,Canon Ink ,,,,,,,,,,,,,,,,,,,,,,,,,,,,,
Etekcity Power Extension Cord Cable,,,,,,,,,,,,,,,,,,,,,,,,,,,,,,,
ASUS 2 Monitor,Slim 2TB Portable External Hard Drive, Intel Desktop ,CYBERPOWER Gamer Desktop,3-Button Mouse,Apple Earpods,Rii LED Keyboard,Microsoft Headset,,,,,,,,,,,,,,,,,,,,,,,,
HP Laptop,ASUS Monitor,Dell Laptop,,,,,,,,,,,,,,,,,,,,,,,,,,,,,
Acer Aspire,,,,,,,,,,,,,,,,,,,,,,,,,,,,,,,
Acer Monitor,iMac,Alienware Laptop,,,,,,,,,,,,,,,,,,,,,,,,,,,,,
ViewSonic Monitor,iMac,ASUS Monitor,Dell Wired Keyboard,Height-Adjustable Standing Desk,Slim Wireless Mouse,,,,,,,,,,,,,,,,,,,,,,,,,,
Dell Desktop,iMac,Cambridge Bluetooth Speaker,Apple MacBook Air,,,,,,,,,,,,,,,,,,,,,,,,,,,,
ASUS Chromebook,Eluktronics Pro Gaming Laptop,Acer Desktop,,,,,,,,,,,,,,,,,,,,,,,,,,,,,
Dell 2 Desktop,Apple Magic Keyboard,Generic Black 3-Button,Wireless Portable Mouse,Microsoft Wireless Desktop Keyboard and Mouse,,,,,,,,,,,,,,,,,,,,,,,,,,,
Apple MacBook Air,,,,,,,,,,,,,,,,,,,,,,,,,,,,,,,
Apple Magic Keyboard,Apple MacBook Air,Dell KM117 Wireless Keyboard & Mouse,,,,,,,,,,,,,,,,,,,,,,,,,,,,,
ViewSonic Monitor,Microsoft Office Home and Student 2016,Belkin Mouse Pad,Logitech ClearChat Headset,iPad,,,,,,,,,,,,,,,,,,,,,,,,,,,
iMac,Apple Earpods,,,,,,,,,,,,,,,,,,,,,,,,,,,,,,
ASUS Chromebook,,,,,,,,,,,,,,,,,,,,,,,,,,,,,,,
Epson Printer,,,,,,,,,,,,,,,,,,,,,,,,,,,,,,,
CYBERPOWER Gamer Desktop,Apple MacBook Air,,,,,,,,,,,,,,,,,,,,,,,,,,,,,,
iMac,Brother Printer,,,,,,,,,,,,,,,,,,,,,,,,,,,,,,
iMac,,,,,,,,,,,,,,,,,,,,,,,,,,,,,,,
Acer Aspire,iMac,ASUS 2 Monitor,Koss Home Headphones,,,,,,,,,,,,,,,,,,,,,,,,,,,,
3-Button Mouse,HP Monitor,,,,,,,,,,,,,,,,,,,,,,,,,,,,,,
Acer Monitor,Samsung Monitor,LG Monitor,Acer Desktop,ASUS Monitor,Dell Wired Keyboard,AOC Monitor,Logitech 3-button Mouse,,,,,,,,,,,,,,,,,,,,,,,,
Dell Desktop,ViewSonic Monitor,iMac,Apple Magic Keyboard,Microsoft Office Home and Student 2016,,,,,,,,,,,,,,,,,,,,,,,,,,,
Acer Monitor,Samsung Monitor,ViewSonic Monitor,Lenovo Desktop Computer,Apple Magic Keyboard,3-Button Mouse,iPad Pro ,,,,,,,,,,,,,,,,,,,,,,,,,
Dell 2 Desktop,ViewSonic Monitor,HP Laptop,Logitech Wireless Mouse,iMac,ASUS 2 Monitor,ASUS 2 Monitor,Redragon Gaming Mouse,HP Desktop,Zombie Gaming Headset,,,,,,,,,,,,,,,,,,,,,,
CYBERPOWER Gamer Desktop,Logitech 3-button Mouse,3-Button Mouse,Apple Wireless Keyboard,Apple MacBook Air,,,,,,,,,,,,,,,,,,,,,,,,,,,
ViewSonic Monitor,Logitech Wireless Mouse,ASUS 2 Monitor,HP Wireless Printer,Epson Printer,Audio Cable,Apple Wireless Keyboard,,,,,,,,,,,,,,,,,,,,,,,,,
Lenovo Desktop Computer,,,,,,,,,,,,,,,,,,,,,,,,,,,,,,,
HP Laptop,Apple MacBook Pro,,,,,,,,,,,,,,,,,,,,,,,,,,,,,,
Dell 2 Desktop,AOC Monitor,,,,,,,,,,,,,,,,,,,,,,,,,,,,,,
Dell 2 Desktop,Apple Wireless Keyboard,,,,,,,,,,,,,,,,,,,,,,,,,,,,,,
HP Laptop,Alienware Laptop,Cambridge Bluetooth Speaker,Apple MacBook Pro,,,,,,,,,,,,,,,,,,,,,,,,,,,,
CYBERPOWER Gamer Desktop,Backlit LED Gaming Keyboard,,,,,,,,,,,,,,,,,,,,,,,,,,,,,,
HDMI Cable 6ft,Acer Aspire,iMac,Apple Magic Keyboard,CYBERPOWER Gamer Desktop,3-Button Mouse,Wireless Portable Mouse,Brother Printer,,,,,,,,,,,,,,,,,,,,,,,,
iMac,Logitech Keyboard,Slim Wireless Mouse,iPad Pro ,,,,,,,,,,,,,,,,,,,,,,,,,,,,
Dell Desktop,Alienware Laptop,CYBERPOWER Gamer Desktop,Apple MacBook Pro,,,,,,,,,,,,,,,,,,,,,,,,,,,,
Apple MacBook Pro,,,,,,,,,,,,,,,,,,,,,,,,,,,,,,,
Alienware Laptop,Lenovo Desktop Computer,,,,,,,,,,,,,,,,,,,,,,,,,,,,,,
Backlit LED Gaming Keyboard,,,,,,,,,,,,,,,,,,,,,,,,,,,,,,,
Apple Wireless Keyboard,,,,,,,,,,,,,,,,,,,,,,,,,,,,,,,
Apple MacBook Air,iPhone Charger Cable,,,,,,,,,,,,,,,,,,,,,,,,,,,,,,
Computer Game,ASUS Monitor,Apple Magic Keyboard,Logitech MK550 Wireless Wave Keyboard and Mouse Combo,Epson Printer,Cyber Acoustics,Audio Cable,Zombie Gaming Headset,iPad,iPad Pro ,DYMO Labeling Tape ,,,,,,,,,,,,,,,,,,,,,
Eluktronics Pro Gaming Laptop,Logitech MK550 Wireless Wave Keyboard and Mouse Combo,Cambridge Bluetooth Speaker,Cyber Acoustics,HP USB Keyboard ,Slim Wireless Mouse,Microsoft Wireless Desktop Keyboard and Mouse,,,,,,,,,,,,,,,,,,,,,,,,,
Samsung Monitor,Monster Beats By Dr Dre,HP Laptop, Intel Desktop ,3-Button Mouse,Eluktronics Pro Gaming Laptop,Microsoft Wireless Desktop Keyboard and Mouse,,,,,,,,,,,,,,,,,,,,,,,,,
Logitech MK550 Wireless Wave Keyboard and Mouse Combo,3-Button Mouse,iPad Pro ,,,,,,,,,,,,,,,,,,,,,,,,,,,,,
Samsung Monitor,Dell Desktop,Epson Black Ink,CYBERPOWER Gamer Desktop,,,,,,,,,,,,,,,,,,,,,,,,,,,,
Eluktronics Pro Gaming Laptop,,,,,,,,,,,,,,,,,,,,,,,,,,,,,,,
Computer Game,iMac,Slim 2TB Portable External Hard Drive,Logitech Keyboard,,,,,,,,,,,,,,,,,,,,,,,,,,,,
Apple Wireless Keyboard,,,,,,,,,,,,,,,,,,,,,,,,,,,,,,,
Microsoft Wireless Desktop Keyboard and Mouse,,,,,,,,,,,,,,,,,,,,,,,,,,,,,,,
Lenovo Desktop Computer,CYBERPOWER Gamer Desktop,3-Button Mouse,Apple MacBook Pro,Apple Earpods,Microsoft Wireless Desktop Keyboard and Mouse,,,,,,,,,,,,,,,,,,,,,,,,,,
Apple Earpods,,,,,,,,,,,,,,,,,,,,,,,,,,,,,,,
Panasonic In-Ear Headphone ,,,,,,,,,,,,,,,,,,,,,,,,,,,,,,,
Samsung Monitor,iMac,Apple Wireless Keyboard,,,,,,,,,,,,,,,,,,,,,,,,,,,,,
Lenovo Desktop Computer,Dell Laptop,,,,,,,,,,,,,,,,,,,,,,,,,,,,,,
Microsoft Office Home and Student 2016,CYBERPOWER Gamer Desktop,Apple TV,Brother Printer,,,,,,,,,,,,,,,,,,,,,,,,,,,,
iMac,,,,,,,,,,,,,,,,,,,,,,,,,,,,,,,
Otium Wireless Sports Bluetooth Headphone,HP Laptop,iMac,Apple Magic Keyboard,,,,,,,,,,,,,,,,,,,,,,,,,,,,
Apple TV,1TB Portable External Hard Drive,Brother Printer,iPad Pro ,,,,,,,,,,,,,,,,,,,,,,,,,,,,
HP Laptop,Dell KM117 Wireless Keyboard & Mouse,,,,,,,,,,,,,,,,,,,,,,,,,,,,,,
iMac,Alienware Laptop,Lenovo Desktop Computer,Panasonic In-Ear Headphone ,CYBERPOWER Gamer Desktop,Fire TV Stick,Apple Wireless Keyboard,HP Monitor,ASUS Desktop,Microsoft Wireless Desktop Keyboard and Mouse,,,,,,,,,,,,,,,,,,,,,,
HP Laptop,iMac,CYBERPOWER Gamer Desktop,Logitech MK360 Wireless Keyboard and Mouse Combo,,,,,,,,,,,,,,,,,,,,,,,,,,,,
Dell Desktop,HP Laptop,,,,,,,,,,,,,,,,,,,,,,,,,,,,,,
Smart Light Bulb,Apple MacBook Pro,Slim Wireless Mouse,Microsoft Headset,,,,,,,,,,,,,,,,,,,,,,,,,,,,
HP Desktop,,,,,,,,,,,,,,,,,,,,,,,,,,,,,,,
Sonos,,,,,,,,,,,,,,,,,,,,,,,,,,,,,,,
Acer Monitor,Lenovo Desktop Computer,,,,,,,,,,,,,,,,,,,,,,,,,,,,,,
Apple MacBook Air,,,,,,,,,,,,,,,,,,,,,,,,,,,,,,,
Apple MacBook Pro,,,,,,,,,,,,,,,,,,,,,,,,,,,,,,,
HP Laptop,iMac,CYBERPOWER Gamer Desktop,Belkin Mouse Pad,Apple MacBook Pro,Apple MacBook Air,,,,,,,,,,,,,,,,,,,,,,,,,,
Acer Aspire,Dell Desktop,Computer Game,HP Laptop,Microsoft Wireless Desktop Keyboard and Mouse,,,,,,,,,,,,,,,,,,,,,,,,,,,
Samsung Monitor,HDMI Cable 6ft,Eluktronics Pro Gaming Laptop,iMac,Apple Earpods,USB Cable,Backlit LED Gaming Keyboard,,,,,,,,,,,,,,,,,,,,,,,,,
Microsoft Office Home and Student 2016,CYBERPOWER Gamer Desktop,HP Desktop,iPad Pro ,,,,,,,,,,,,,,,,,,,,,,,,,,,,
LG Monitor,Acer Aspire,Dell Desktop,ViewSonic Monitor,HP Laptop,ASUS 2 Monitor,Brother Printer,,,,,,,,,,,,,,,,,,,,,,,,,
Google Home,Epson Printer,Apple Wireless Keyboard,Apple Earpods,HP Monitor,Slim Wireless Mouse,,,,,,,,,,,,,,,,,,,,,,,,,,
LG Monitor,Acer Aspire,Acer Desktop,Lenovo Desktop Computer,HP Monitor,EagleTec Wireless Combo Keyboard and Mouse,,,,,,,,,,,,,,,,,,,,,,,,,,
ASUS Chromebook,Dell 2 Desktop,Apple Magic Keyboard,Microsoft Office Home and Student 2016,CYBERPOWER Gamer Desktop,,,,,,,,,,,,,,,,,,,,,,,,,,,
HP Laptop,APIE Bluetooth Headphone,,,,,,,,,,,,,,,,,,,,,,,,,,,,,,
HP Wireless Mouse,Lenovo Desktop Computer,Panasonic In-Ear Headphone ,CYBERPOWER Gamer Desktop,Microsoft Headset,JBL Splashproof Portable Bluetooth Speaker,,,,,,,,,,,,,,,,,,,,,,,,,,
Apple Earpods,Microsoft Headset,,,,,,,,,,,,,,,,,,,,,,,,,,,,,,
iMac,,,,,,,,,,,,,,,,,,,,,,,,,,,,,,,
CYBERPOWER Gamer Desktop,,,,,,,,,,,,,,,,,,,,,,,,,,,,,,,
Apple MacBook Air,,,,,,,,,,,,,,,,,,,,,,,,,,,,,,,
ViewSonic Monitor,3-Button Mouse,Apple MacBook Pro,Samsung Galaxy Tablet,,,,,,,,,,,,,,,,,,,,,,,,,,,,
3-Button Mouse,,,,,,,,,,,,,,,,,,,,,,,,,,,,,,,
Dell 2 Desktop,APIE Bluetooth Headphone,Rii LED Keyboard,Microsoft Wireless Desktop Keyboard and Mouse,,,,,,,,,,,,,,,,,,,,,,,,,,,,
Acer Aspire,Dell Desktop,ViewSonic Monitor,Lenovo Desktop Computer,Full Motion Monitor Mount,Apple MacBook Pro,Apple Earpods,USB Cable,,,,,,,,,,,,,,,,,,,,,,,,
iMac,Etekcity Power Extension Cord Cable,Ethernet Cable,HP Monitor,,,,,,,,,,,,,,,,,,,,,,,,,,,,
Apple Earpods,Acer Desktop,,,,,,,,,,,,,,,,,,,,,,,,,,,,,,
Apple MacBook Pro,Apple Earpods,,,,,,,,,,,,,,,,,,,,,,,,,,,,,,
Dell Desktop,HP Laptop,CYBERPOWER Gamer Desktop,,,,,,,,,,,,,,,,,,,,,,,,,,,,,
Slim Wireless Mouse,,,,,,,,,,,,,,,,,,,,,,,,,,,,,,,
Apple MacBook Pro,Apple MacBook Air,,,,,,,,,,,,,,,,,,,,,,,,,,,,,,
Dell Laptop,,,,,,,,,,,,,,,,,,,,,,,,,,,,,,,
Acer Aspire,Bose Companion Speakers, Intel Desktop ,Epson Printer,,,,,,,,,,,,,,,,,,,,,,,,,,,,
Apple MacBook Pro,Apple MacBook Air,Samsung Galaxy Tablet,,,,,,,,,,,,,,,,,,,,,,,,,,,,,
Computer Game,HP Laptop,3-Button Mouse,Apple MacBook Pro,Apple Earpods,iPad Pro ,,,,,,,,,,,,,,,,,,,,,,,,,,
HP Wireless Printer,Etekcity Power Extension Cord Cable,Redragon Gaming Mouse,Apple Earpods,,,,,,,,,,,,,,,,,,,,,,,,,,,,
ASUS Chromebook,HP Laptop,iMac,Dell Monitor,CYBERPOWER Gamer Desktop,Etekcity Power Extension Cord Cable,Belkin Mouse Pad,Apple Wireless Keyboard,DYMO Label Manker  ,Brother Printer,Backlit LED Gaming Keyboard,,,,,,,,,,,,,,,,,,,,,
CYBERPOWER Gamer Desktop,3TB Portable External Hard Drive,Apple MacBook Pro,Acer Desktop,Apple MacBook Air,Apple MacBook Air,Kindle ,,,,,,,,,,,,,,,,,,,,,,,,,
ASUS Chromebook,Dell Desktop,ViewSonic Monitor,Computer Game,HP Laptop,Apple Wireless Keyboard,Apple Earpods,,,,,,,,,,,,,,,,,,,,,,,,,
Apple Earpods,,,,,,,,,,,,,,,,,,,,,,,,,,,,,,,
Apple Wireless Keyboard,Brother Printer,,,,,,,,,,,,,,,,,,,,,,,,,,,,,,
CYBERPOWER Gamer Desktop,Logitech 3-button Mouse,Apple MacBook Pro,,,,,,,,,,,,,,,,,,,,,,,,,,,,,
LG Monitor,ASUS Chromebook,Eluktronics Pro Gaming Laptop,HP Laptop,iMac,Epson Printer,CYBERPOWER Gamer Desktop,Belkin Mouse Pad,Microsoft Wireless Desktop Keyboard and Mouse,,,,,,,,,,,,,,,,,,,,,,,
Apple Earpods,Apple MacBook Air,Large Mouse Pad,Brother Printer,iPad Pro ,Backlit LED Gaming Keyboard,,,,,,,,,,,,,,,,,,,,,,,,,,
Samsung Monitor,HDMI Cable 6ft,HP Laptop,Sonos,AOC Monitor,,,,,,,,,,,,,,,,,,,,,,,,,,,
ASUS Chromebook,ViewSonic Monitor,HP Laptop,CYBERPOWER Gamer Desktop,Dell Desktop,,,,,,,,,,,,,,,,,,,,,,,,,,,
iMac,ASUS Monitor,Apple MacBook Pro,Apple MacBook Air,,,,,,,,,,,,,,,,,,,,,,,,,,,,
LG Monitor,Sonos,Brother Printer,Epson Black Ink,,,,,,,,,,,,,,,,,,,,,,,,,,,,
Dell 2 Desktop,Logitech Wireless Mouse,iMac,Sonos,HP Monitor,Slim Wireless Mouse,HP Desktop,,,,,,,,,,,,,,,,,,,,,,,,,
Samsung Monitor,HP Laptop,ASUS 2 Monitor,Lenovo Desktop Computer,Apple Magic Keyboard,Epson Printer,CYBERPOWER Gamer Desktop, ,,,,,,,,,,,,,,,,,,,,,,,,
Apple MacBook Pro,Acer Desktop,DYMO Labeling Tape ,,,,,,,,,,,,,,,,,,,,,,,,,,,,,
Dell Desktop,HP Laptop,Logitech Wireless Mouse,iMac,Logitech MK550 Wireless Wave Keyboard and Mouse Combo,Logitech Keyboard,Mackie CR Speakers,Apple MacBook Pro,,,,,,,,,,,,,,,,,,,,,,,,
HP Black & Tri-color Ink ,Apple MacBook Pro,,,,,,,,,,,,,,,,,,,,,,,,,,,,,,
Lenovo Desktop Computer,CYBERPOWER Gamer Desktop,,,,,,,,,,,,,,,,,,,,,,,,,,,,,,
Logitech MK360 Wireless Keyboard and Mouse Combo,,,,,,,,,,,,,,,,,,,,,,,,,,,,,,,
Dell Laptop,,,,,,,,,,,,,,,,,,,,,,,,,,,,,,,
Apple Wireless Keyboard,,,,,,,,,,,,,,,,,,,,,,,,,,,,,,,
Apple MacBook Air,iPhone Charger Cable,,,,,,,,,,,,,,,,,,,,,,,,,,,,,,
ASUS Chromebook,ViewSonic Monitor,,,,,,,,,,,,,,,,,,,,,,,,,,,,,,
iMac,,Wireless Portable Mouse,,,,,,,,,,,,,,,,,,,,,,,,,,,,,
Acer Monitor,CYBERPOWER Gamer Desktop,3-Button Mouse,Logitech Stereo Headset ,HP Desktop,,,,,,,,,,,,,,,,,,,,,,,,,,,
Acer Monitor,Samsung Monitor,Monster Beats By Dr Dre,ViewSonic Monitor,ASUS 2 Monitor,Epson Printer,CYBERPOWER Gamer Desktop,Brother Printer Toner,Brother Printer,Rokono Mini Speaker,,,,,,,,,,,,,,,,,,,,,,
HP Laptop,iMac, Intel Desktop ,,,,,,,,,,,,,,,,,,,,,,,,,,,,,
Acer Monitor,ViewSonic Monitor,Microsoft Basic Optical Mouse,Apple Earpods,PC Gaming Headset,,,,,,,,,,,,,,,,,,,,,,,,,,,
iMac,CYBERPOWER Gamer Desktop,Backlit LED Gaming Keyboard,,,,,,,,,,,,,,,,,,,,,,,,,,,,,
Acer Monitor,Belkin Mouse Pad,DYMO Label Manker  ,,,,,,,,,,,,,,,,,,,,,,,,,,,,,
HP Laptop,Slim Wireless Mouse,,,,,,,,,,,,,,,,,,,,,,,,,,,,,,
Apple MacBook Pro,Microsoft Wireless Desktop Keyboard and Mouse,,,,,,,,,,,,,,,,,,,,,,,,,,,,,,
LG Monitor,Computer Game,iMac,ASUS Monitor,CYBERPOWER Gamer Desktop,3-Button Mouse,Philips Flexible Earhook Headphone,Brother Printer,,,,,,,,,,,,,,,,,,,,,,,,
Apple MacBook Pro,,,,,,,,,,,,,,,,,,,,,,,,,,,,,,,
HP Laptop,Apple Magic Keyboard,Google Home,Microsoft Office Home and Student 2016,,,,,,,,,,,,,,,,,,,,,,,,,,,,
Eluktronics Pro Gaming Laptop,iMac,ASUS 2 Monitor,Cyber Acoustics,Apple MacBook Air,,,,,,,,,,,,,,,,,,,,,,,,,,,
Eluktronics Pro Gaming Laptop,Acer Aspire,HP Laptop,,,,,,,,,,,,,,,,,,,,,,,,,,,,,
Microsoft Wireless Desktop Keyboard and Mouse,,,,,,,,,,,,,,,,,,,,,,,,,,,,,,,
iMac, Intel Desktop ,Apple Earpods,HP Monitor,,,,,,,,,,,,,,,,,,,,,,,,,,,,
Sonos,,,,,,,,,,,,,,,,,,,,,,,,,,,,,,,
3-Button Mouse,Apple MacBook Pro,,,,,,,,,,,,,,,,,,,,,,,,,,,,,,
HDMI Cable 6ft,Acer Desktop,iMac,ASUS 2 Monitor,HP Wireless Printer,Alienware Laptop,Apple Magic Keyboard,Panasonic In-Ear Headphone , Intel Desktop ,AOC Monitor,Apple Wireless Keyboard,ASUS Desktop,Dell Laptop,Computer Game,,,,,,,,,,,,,,,,,,
Acer Monitor,Apple Earpods,,,,,,,,,,,,,,,,,,,,,,,,,,,,,,
Samsung Monitor,Logitech Desktop MK120 Mouse and keyboard Combo,ASUS Chromebook,ViewSonic Monitor,Microsoft Office Home and Student 2016,CYBERPOWER Gamer Desktop,Rii LED Gaming Keyboard & Mouse Combo ,Mackie CR Speakers,Monster Beats By Dr Dre,Acer Desktop,iPad Pro ,,,,,,,,,,,,,,,,,,,,,
Apple MacBook Air,,,,,,,,,,,,,,,,,,,,,,,,,,,,,,,
Apple MacBook Pro,Apple MacBook Air,iPad Pro ,,,,,,,,,,,,,,,,,,,,,,,,,,,,,
Otium Wireless Sports Bluetooth Headphone,HP Laptop,Logitech MK550 Wireless Wave Keyboard and Mouse Combo,Cambridge Bluetooth Speaker,Apple MacBook Pro,Apple Earpods,,,,,,,,,,,,,,,,,,,,,,,,,,
HP Wireless Printer,iPad,,,,,,,,,,,,,,,,,,,,,,,,,,,,,,
HP Laptop,Logitech Wireless Mouse,Bose Companion Speakers,Apple MacBook Pro,,,,,,,,,,,,,,,,,,,,,,,,,,,,
Slim 2TB Portable External Hard Drive,CYBERPOWER Gamer Desktop,Apple Earpods,,,,,,,,,,,,,,,,,,,,,,,,,,,,,
HDMI Cable 6ft,Fire HD Tablet,Halter Acrylic Monitor Stand,,,,,,,,,,,,,,,,,,,,,,,,,,,,,
HP Desktop,,,,,,,,,,,,,,,,,,,,,,,,,,,,,,,
Logitech 3-button Mouse,Apple Earpods,Slim Wireless Mouse,Microsoft Wireless Desktop Keyboard and Mouse,,,,,,,,,,,,,,,,,,,,,,,,,,,,
iMac, Intel Desktop ,Apple Wireless Keyboard,,,,,,,,,,,,,,,,,,,,,,,,,,,,,
CYBERPOWER Gamer Desktop,3-Button Mouse,Dell KM117 Wireless Keyboard & Mouse,,,,,,,,,,,,,,,,,,,,,,,,,,,,,
Apple MacBook Air,Monster Beats By Dr Dre,,,,,,,,,,,,,,,,,,,,,,,,,,,,,,
APIE Bluetooth Headphone,Apple MacBook Air,,,,,,,,,,,,,,,,,,,,,,,,,,,,,,
Acer Aspire,HP Laptop,Apple Earpods,,,,,,,,,,,,,,,,,,,,,,,,,,,,,
LG Monitor,HP Laptop,Epson Printer,Brother Printer,,,,,,,,,,,,,,,,,,,,,,,,,,,,
HP Laptop,Microsoft Wireless Desktop Keyboard and Mouse,,,,,,,,,,,,,,,,,,,,,,,,,,,,,,
LG Touchscreen Laptop,Zombie Gaming Headset,,,,,,,,,,,,,,,,,,,,,,,,,,,,,,
iMac,HP Wireless Printer,Apple MacBook Pro,,,,,,,,,,,,,,,,,,,,,,,,,,,,,
Acer Desktop,LG Touchscreen Laptop,Microsoft Wireless Desktop Keyboard and Mouse,,,,,,,,,,,,,,,,,,,,,,,,,,,,,
Dell Desktop,Apple Earpods,Apple MacBook Air,,,,,,,,,,,,,,,,,,,,,,,,,,,,,
Dell Desktop,Acer Desktop,CYBERPOWER Gamer Desktop,Apple Wireless Keyboard,HP Monitor,iPad,,,,,,,,,,,,,,,,,,,,,,,,,,
ViewSonic Monitor, Intel Desktop ,Apple Wired Keyboard,Logitech Keyboard,AOC Monitor,Apple MacBook Pro,Apple Earpods,Acer Desktop,HP Monitor,Apple MacBook Air,,,,,,,,,,,,,,,,,,,,,,
Apple Earpods,Acer Desktop,,,,,,,,,,,,,,,,,,,,,,,,,,,,,,
iMac,ASUS 2 Monitor,,,,,,,,,,,,,,,,,,,,,,,,,,,,,,
Dell Desktop,HP Laptop,Lenovo Desktop Computer,Apple MacBook Pro,Samsung Galaxy Tablet,,,,,,,,,,,,,,,,,,,,,,,,,,,
AOC Monitor,Logitech 3-button Mouse,,,,,,,,,,,,,,,,,,,,,,,,,,,,,,
Logitech 3-button Mouse,Dell Desktop,Brother Printer,,,,,,,,,,,,,,,,,,,,,,,,,,,,,
Dell Desktop,ViewSonic Monitor,Apple Wireless Keyboard,Apple MacBook Pro,Dell KM117 Wireless Keyboard & Mouse,iPad,Epson Black Ink,Microsoft Wireless Desktop Keyboard and Mouse,,,,,,,,,,,,,,,,,,,,,,,,
Microsoft Office Home and Student 2016,,,,,,,,,,,,,,,,,,,,,,,,,,,,,,,
Apple Wireless Keyboard,Zombie Gaming Headset,Brother Printer,Rokono Mini Speaker,,,,,,,,,,,,,,,,,,,,,,,,,,,,
Apple Earpods,,,,,,,,,,,,,,,,,,,,,,,,,,,,,,,
iMac,,,,,,,,,,,,,,,,,,,,,,,,,,,,,,,
Apple MacBook Air,,,,,,,,,,,,,,,,,,,,,,,,,,,,,,,
LG Monitor,ASUS Chromebook,Dell 2 Desktop,Logitech Wireless Mouse,iMac,Height-Adjustable Standing Desk,Ailihen Stereo Headphones,Dell Monitor,Etekcity Power Extension Cord Cable,Fire HD Tablet,Redragon Gaming Mouse,Apple Wireless Keyboard,Apple Earpods,Dell Laptop,Apple TV,iPad Pro ,Backlit LED Gaming Keyboard,,,,,,,,,,,,,,,
HP Laptop,Lenovo Desktop Computer,,,,,,,,,,,,,,,,,,,,,,,,,,,,,,
Lenovo Desktop Computer,Apple MacBook Pro,JBL Splashproof Portable Bluetooth Speaker,,,,,,,,,,,,,,,,,,,,,,,,,,,,,
EagleTec Wireless Combo Keyboard and Mouse,,,,,,,,,,,,,,,,,,,,,,,,,,,,,,,
Apple MacBook Pro,iPad,,,,,,,,,,,,,,,,,,,,,,,,,,,,,,
Acer Aspire,Dell 2 Desktop,HP Laptop,Alienware Laptop,Dell Desktop,HP Monitor,Brother Printer,,,,,,,,,,,,,,,,,,,,,,,,,
Eluktronics Pro Gaming Laptop,ViewSonic Monitor,HP Laptop,iMac,CYBERPOWER Gamer Desktop,,,,,,,,,,,,,,,,,,,,,,,,,,,
Logitech Wireless Mouse,PC Gaming Headset,,,,,,,,,,,,,,,,,,,,,,,,,,,,,,
HP Laptop,Belkin Mouse Pad,,,,,,,,,,,,,,,,,,,,,,,,,,,,,,
Apple Earpods,,,,,,,,,,,,,,,,,,,,,,,,,,,,,,,
iMac,Lenovo Desktop Computer,Dell Monitor,Belkin Mouse Pad,Apple MacBook Pro,HP Monitor,Slim Wireless Mouse,,,,,,,,,,,,,,,,,,,,,,,,,
HP Black & Tri-color Ink ,Lenovo Desktop Computer,,,,,,,,,,,,,,,,,,,,,,,,,,,,,,
Acer Aspire,Apple Wired Keyboard,CYBERPOWER Gamer Desktop,Apple Earpods,,,,,,,,,,,,,,,,,,,,,,,,,,,,
Acer Desktop,,,,,,,,,,,,,,,,,,,,,,,,,,,,,,,
2TB Portable External Hard Drive,,,,,,,,,,,,,,,,,,,,,,,,,,,,,,,
Apple Earpods,,,,,,,,,,,,,,,,,,,,,,,,,,,,,,,
Dell Desktop,iMac,Slim 2TB Portable External Hard Drive,AOC Monitor,Cyber Acoustics,Microsoft Wireless Desktop Keyboard and Mouse,,,,,,,,,,,,,,,,,,,,,,,,,,
Apple Earpods,2TB Portable External Hard Drive,,,,,,,,,,,,,,,,,,,,,,,,,,,,,,
AOC Monitor,Apple MacBook Pro,Apple Earpods,Wireless Portable Mouse,,,,,,,,,,,,,,,,,,,,,,,,,,,,
Apple Wireless Keyboard,Microsoft Headset,Logitech ClearChat Headset,,,,,,,,,,,,,,,,,,,,,,,,,,,,,
Dell Desktop,ViewSonic Monitor,iMac,Epson Printer,,Smart Light Bulb,Apple Wireless Keyboard,Dell KM117 Wireless Keyboard & Mouse,Logitech ClearChat Headset,,,,,,,,,,,,,,,,,,,,,,,
LG Monitor,Acer Desktop,iMac,Alienware Laptop,,,,,,,,,,,,,,,,,,,,,,,,,,,,
Acer Aspire,Apple MacBook Pro,,,,,,,,,,,,,,,,,,,,,,,,,,,,,,
Acer Monitor,,,,,,,,,,,,,,,,,,,,,,,,,,,,,,,
Acer Monitor,CYBERPOWER Gamer Desktop,,,,,,,,,,,,,,,,,,,,,,,,,,,,,,
Acer Monitor,Dell Desktop,Acer Desktop,ASUS 2 Monitor,Bose Companion Speakers,Logitech MK550 Wireless Wave Keyboard and Mouse Combo,Microsoft Office Home and Student 2016,CYBERPOWER Gamer Desktop,Brother Printer,iPad Pro ,Microsoft Wireless Desktop Keyboard and Mouse,,,,,,,,,,,,,,,,,,,,,
HP Laptop,,,,,,,,,,,,,,,,,,,,,,,,,,,,,,,
Lenovo Desktop Computer,HP Monitor,Backlit LED Gaming Keyboard,,,,,,,,,,,,,,,,,,,,,,,,,,,,,
Samsung Monitor,iMac,Lenovo Desktop Computer,Logitech 3-button Mouse,Generic Black 3-Button,Apple MacBook Pro,Apple Earpods,,,,,,,,,,,,,,,,,,,,,,,,,
iMac,,,,,,,,,,,,,,,,,,,,,,,,,,,,,,,
Acer Desktop,iMac,ASUS 2 Monitor,3-Button Mouse,Apple MacBook Pro,,,,,,,,,,,,,,,,,,,,,,,,,,,
iMac,,,,,,,,,,,,,,,,,,,,,,,,,,,,,,,
ViewSonic Monitor,HP Laptop,,,,,,,,,,,,,,,,,,,,,,,,,,,,,,
Computer Game,HP Monitor,,,,,,,,,,,,,,,,,,,,,,,,,,,,,,
Dell Laptop,,,,,,,,,,,,,,,,,,,,,,,,,,,,,,,
Eluktronics Pro Gaming Laptop,Microsoft Office Home and Student 2016,,,,,,,,,,,,,,,,,,,,,,,,,,,,,,
Rokono Mini Speaker,,,,,,,,,,,,,,,,,,,,,,,,,,,,,,,
CYBERPOWER Gamer Desktop,Apple Earpods,Logitech Stereo Headset ,Backlit LED Gaming Keyboard,,,,,,,,,,,,,,,,,,,,,,,,,,,,
Apple MacBook Air,,,,,,,,,,,,,,,,,,,,,,,,,,,,,,,
Apple MacBook Air,,,,,,,,,,,,,,,,,,,,,,,,,,,,,,,
HP Laptop,ASUS 2 Monitor,Cambridge Bluetooth Speaker,Dell Monitor,Apple Earpods,Apple MacBook Air,Multi Media Stand,Sceptre Monitor,,,,,,,,,,,,,,,,,,,,,,,,
Apple MacBook Air,,,,,,,,,,,,,,,,,,,,,,,,,,,,,,,
ASUS 2 Monitor,Apple Magic Keyboard,CYBERPOWER Gamer Desktop,3TB Portable External Hard Drive,HP Notebook Touchscreen Laptop PC,,,,,,,,,,,,,,,,,,,,,,,,,,,
ASUS Monitor,HP Monitor,Backlit LED Gaming Keyboard,,,,,,,,,,,,,,,,,,,,,,,,,,,,,
HP Laptop,iMac,Lenovo Desktop Computer,Microsoft Office Home and Student 2016,Apple MacBook Pro,Apple Earpods,,,,,,,,,,,,,,,,,,,,,,,,,,
iMac,,,,,,,,,,,,,,,,,,,,,,,,,,,,,,,
ASUS Chromebook,Dell Desktop,HP Black & Tri-color Ink ,iMac,ASUS 2 Monitor,Lenovo Desktop Computer,Apple Magic Keyboard,Panasonic In-Ear Headphone ,,,,,,,,,,,,,,,,,,,,,,,,
Samsung Monitor,CYBERPOWER Gamer Desktop,,,,,,,,,,,,,,,,,,,,,,,,,,,,,,
Apple Earpods,,,,,,,,,,,,,,,,,,,,,,,,,,,,,,,
HP Monitor,ASUS Desktop,,,,,,,,,,,,,,,,,,,,,,,,,,,,,,
CYBERPOWER Gamer Desktop,Apple Wireless Keyboard,ASUS Desktop,Zombie Gaming Headset,Microsoft Wireless Desktop Keyboard and Mouse,,,,,,,,,,,,,,,,,,,,,,,,,,,
Acer Desktop,iMac,Apple MacBook Pro,iPad,,,,,,,,,,,,,,,,,,,,,,,,,,,,
Epson Printer,Apple MacBook Air,Large Mouse Pad,Microsoft Headset,iPad Pro ,Backlit LED Gaming Keyboard,,,,,,,,,,,,,,,,,,,,,,,,,,
Slim 2TB Portable External Hard Drive,,,,,,,,,,,,,,,,,,,,,,,,,,,,,,,
Eluktronics Pro Gaming Laptop,ViewSonic Monitor,HP Laptop,Microsoft Office Home and Student 2016, ,Etekcity Power Extension Cord Cable,Belkin Mouse Pad,Brother Printer,,,,,,,,,,,,,,,,,,,,,,,,
ViewSonic Monitor,HP Laptop,iMac,Lenovo Desktop Computer,HP Monitor,LG Touchscreen Laptop,,,,,,,,,,,,,,,,,,,,,,,,,,
Apple MacBook Air,,,,,,,,,,,,,,,,,,,,,,,,,,,,,,,
Epson Printer,Apple MacBook Air,,,,,,,,,,,,,,,,,,,,,,,,,,,,,,
Apple MacBook Air,,,,,,,,,,,,,,,,,,,,,,,,,,,,,,,
Backlit LED Gaming Keyboard,,,,,,,,,,,,,,,,,,,,,,,,,,,,,,,
CYBERPOWER Gamer Desktop,,,,,,,,,,,,,,,,,,,,,,,,,,,,,,,
Eluktronics Pro Gaming Laptop,Bose Companion Speakers,Slim Wireless Mouse,,,,,,,,,,,,,,,,,,,,,,,,,,,,,
Acer Desktop,iMac,ASUS 2 Monitor,Philips Flexible Earhook Headphone,,,,,,,,,,,,,,,,,,,,,,,,,,,,
Apple MacBook Air,,,,,,,,,,,,,,,,,,,,,,,,,,,,,,,
Logitech MK270 Wireless Keyboard and Mouse Combo,ViewSonic Monitor,Epson Printer,Microsoft Office Home and Student 2016,LG Touchscreen Laptop,,,,,,,,,,,,,,,,,,,,,,,,,,,
ViewSonic Monitor,Logitech Wireless Mouse,ASUS Monitor,Apple Magic Keyboard,CYBERPOWER Gamer Desktop,,,,,,,,,,,,,,,,,,,,,,,,,,,
Acer Aspire,Epson Printer,CYBERPOWER Gamer Desktop,Apple MacBook Air,Slim Wireless Mouse,,,,,,,,,,,,,,,,,,,,,,,,,,,
DYMO Labeling Tape ,Logitech Keyboard,,,,,,,,,,,,,,,,,,,,,,,,,,,,,,
Acer Monitor,iMac,CYBERPOWER Gamer Desktop,Belkin Mouse Pad,Smart Light Bulb,Apple MacBook Air,,,,,,,,,,,,,,,,,,,,,,,,,,
iMac,Dell KM117 Wireless Keyboard & Mouse,,,,,,,,,,,,,,,,,,,,,,,,,,,,,,
LG Monitor,Dell Desktop,iMac,ASUS 2 Monitor,Lenovo Desktop Computer,Logitech MK550 Wireless Wave Keyboard and Mouse Combo,Cambridge Bluetooth Speaker,Logitech Keyboard,Microsoft Office Home and Student 2016,Generic Black 3-Button,Smart Light Bulb,HP Monitor,Eluktronics Pro Gaming Laptop,,,,,,,,,,,,,,,,,,,
HP Wireless Mouse,3-Button Mouse,,,,,,,,,,,,,,,,,,,,,,,,,,,,,,
Samsung Monitor,Apple TV,JBL Splashproof Portable Bluetooth Speaker,,,,,,,,,,,,,,,,,,,,,,,,,,,,,
HP Desktop,,,,,,,,,,,,,,,,,,,,,,,,,,,,,,,
Apple Magic Keyboard,3-Button Mouse,HP Desktop,,,,,,,,,,,,,,,,,,,,,,,,,,,,,
ViewSonic Monitor,Logitech 3-button Mouse,,,,,,,,,,,,,,,,,,,,,,,,,,,,,,
CYBERPOWER Gamer Desktop,Apple Earpods,,,,,,,,,,,,,,,,,,,,,,,,,,,,,,
HP Laptop,Apple MacBook Air,Dell KM117 Wireless Keyboard & Mouse,,,,,,,,,,,,,,,,,,,,,,,,,,,,,
Acer Aspire,Dell Desktop,Dell 2 Desktop,ViewSonic Monitor,HP Laptop,iMac,ASUS Monitor,Apple MacBook Pro,HP Laptop,Brother Printer,iPad Pro ,,,,,,,,,,,,,,,,,,,,,
iMac,Dell Wired Keyboard,Logitech 3-button Mouse,3-Button Mouse,Apple Earpods,,,,,,,,,,,,,,,,,,,,,,,,,,,
Acer Monitor,Samsung Monitor,Dell Desktop,ViewSonic Monitor,iMac,Lenovo Desktop Computer,CYBERPOWER Gamer Desktop,3-Button Mouse,iPad,,,,,,,,,,,,,,,,,,,,,,,
Apple Wireless Keyboard,ASUS Desktop,,,,,,,,,,,,,,,,,,,,,,,,,,,,,,
HDMI Cable 6ft,CYBERPOWER Gamer Desktop,LG Touchscreen Laptop,,,,,,,,,,,,,,,,,,,,,,,,,,,,,
Apple MacBook Air,,,,,,,,,,,,,,,,,,,,,,,,,,,,,,,
Apple MacBook Air,,,,,,,,,,,,,,,,,,,,,,,,,,,,,,,
Apple MacBook Air,,,,,,,,,,,,,,,,,,,,,,,,,,,,,,,
Acer Desktop,iMac,Halter Acrylic Monitor Stand,,,,,,,,,,,,,,,,,,,,,,,,,,,,,
LG Monitor,Acer Desktop,HP Laptop,iMac,ASUS 2 Monitor,AOC Monitor,Dell Desktop,Apple MacBook Pro,Apple Earpods,,,,,,,,,,,,,,,,,,,,,,,
Eluktronics Pro Gaming Laptop,,,,,,,,,,,,,,,,,,,,,,,,,,,,,,,
Acer Desktop,ASUS Monitor,Cambridge Bluetooth Speaker,Cyber Acoustics,Apple MacBook Pro,,,,,,,,,,,,,,,,,,,,,,,,,,,
ASUS Chromebook,Eluktronics Pro Gaming Laptop,Acer Aspire,iMac,Fire HD Tablet,Eluktronics Pro Gaming Laptop,,,,,,,,,,,,,,,,,,,,,,,,,,
Samsung Monitor,Otium Wireless Sports Bluetooth Headphone,HP Laptop,iMac,Lenovo Desktop Computer,CYBERPOWER Gamer Desktop,Apple Earpods,Apple MacBook Air,Dell Laptop,Backlit LED Gaming Keyboard,,,,,,,,,,,,,,,,,,,,,,
HP Wireless Mouse,,,,,,,,,,,,,,,,,,,,,,,,,,,,,,,
Apple Earpods,,,,,,,,,,,,,,,,,,,,,,,,,,,,,,,
Dell Desktop,ASUS 2 Monitor,Lenovo Desktop Computer,CYBERPOWER Gamer Desktop,Logitech 3-button Mouse,Apple MacBook Pro,Apple MacBook Air,PC Gaming Headset,,,,,,,,,,,,,,,,,,,,,,,,
HP Laptop,,,,,,,,,,,,,,,,,,,,,,,,,,,,,,,
ASUS Chromebook,Acer Aspire,ASUS 2 Monitor,CYBERPOWER Gamer Desktop,Etekcity Power Extension Cord Cable,Belkin Mouse Pad,HP Desktop,Zombie Gaming Headset,Backlit LED Gaming Keyboard,,,,,,,,,,,,,,,,,,,,,,,
Otium Wireless Sports Bluetooth Headphone,LG Monitor,ASUS Chromebook,Acer Aspire,ViewSonic Monitor,HP Laptop,iMac,Microsoft Basic Optical Mouse,,,,,,,,,,,,,,,,,,,,,,,,
Otium Wireless Sports Bluetooth Headphone,Eluktronics Pro Gaming Laptop,ViewSonic Monitor,Logitech Wireless Mouse,iMac,ASUS Monitor,Backlit LED Gaming Keyboard,,,,,,,,,,,,,,,,,,,,,,,,,
Apple MacBook Pro,Apple Earpods,Dell KM117 Wireless Keyboard & Mouse,ASUS Desktop,Backlit LED Gaming Keyboard,,,,,,,,,,,,,,,,,,,,,,,,,,,
CYBERPOWER Gamer Desktop,,,,,,,,,,,,,,,,,,,,,,,,,,,,,,,
3-Button Mouse,Apple MacBook Air,,,,,,,,,,,,,,,,,,,,,,,,,,,,,,
LG Monitor,iMac,3-Button Mouse,Samsung Charging Cable,,,,,,,,,,,,,,,,,,,,,,,,,,,,
Acer Desktop,Panasonic In-Ear Headphone ,3-Button Mouse,LG Touchscreen Laptop,Roku Express,Backlit LED Gaming Keyboard,,,,,,,,,,,,,,,,,,,,,,,,,,
ASUS Chromebook,Acer Aspire,Dell Desktop,Lenovo Desktop Computer,Bose Companion Speakers,Epson Printer,CYBERPOWER Gamer Desktop,Apple MacBook Pro,Canon Office Printer,,,,,,,,,,,,,,,,,,,,,,,
ASUS Chromebook,Acer Aspire,Dell 2 Desktop,Logitech 3-button Mouse,Dell Desktop,Apple Wireless Keyboard,Multi Media Stand,,,,,,,,,,,,,,,,,,,,,,,,,
CYBERPOWER Gamer Desktop,HP Notebook Touchscreen Laptop PC,,,,,,,,,,,,,,,,,,,,,,,,,,,,,,
Acer Aspire,Dell Desktop,HP Black & Tri-color Ink ,iMac,ASUS Monitor,ASUS 2 Monitor,Apple Magic Keyboard,Epson Printer,Full Motion Monitor Mount,Acer Desktop,,,,,,,,,,,,,,,,,,,,,,
Otium Wireless Sports Bluetooth Headphone,ASUS Chromebook,HP Black & Tri-color Ink ,iMac,Logitech Keyboard,CYBERPOWER Gamer Desktop,Brother Printer Toner,Rii LED Gaming Keyboard & Mouse Combo ,Etekcity Power Extension Cord Cable,Apple Wireless Keyboard,Logitech Keyboard,,,,,,,,,,,,,,,,,,,,,
Slim 2TB Portable External Hard Drive,3-Button Mouse,Apple MacBook Pro,,,,,,,,,,,,,,,,,,,,,,,,,,,,,
ASUS Chromebook,Acer Aspire,HP Laptop,CYBERPOWER Gamer Desktop,,,,,,,,,,,,,,,,,,,,,,,,,,,,
HDMI Cable 6ft,iMac,AOC Monitor,Belkin Mouse Pad,Kindle,,,,,,,,,,,,,,,,,,,,,,,,,,,
Eluktronics Pro Gaming Laptop,iMac,Etekcity Power Extension Cord Cable,iPhone Charger Cable,Computer Game,Logitech MK360 Wireless Keyboard and Mouse Combo,Halter Acrylic Monitor Stand,Apple Wireless Keyboard,Apple MacBook Air,Brother Printer,Backlit LED Gaming Keyboard,,,,,,,,,,,,,,,,,,,,,
ASUS Chromebook,Acer Aspire,HP Laptop,Alienware Laptop,Panasonic In-Ear Headphone ,Dell Wired Keyboard,CYBERPOWER Gamer Desktop,Belkin Mouse Pad,Apple MacBook Pro,HP Monitor,,,,,,,,,,,,,,,,,,,,,,
ASUS Chromebook,Acer Aspire,iMac,Microsoft Office Home and Student 2016,CYBERPOWER Gamer Desktop,3-Button Mouse, ,Logitech Multimedia Speakers,HP Monitor,,,,,,,,,,,,,,,,,,,,,,,
ViewSonic Monitor,iMac,Zombie Gaming Headset,,,,,,,,,,,,,,,,,,,,,,,,,,,,,
Acer Aspire,Dell Desktop,Logitech MK270 Wireless Keyboard and Mouse Combo,HP Laptop,Epson Printer,Microsoft Basic Optical Mouse,HP Monitor,iPhone Charger Cable,Philips Flexible Earhook Headphone,Large Mouse Pad,iPad,DYMO Labeling Tape ,,,,,,,,,,,,,,,,,,,,
Lenovo Desktop Computer,Apple MacBook Pro,,,,,,,,,,,,,,,,,,,,,,,,,,,,,,
Dell Desktop,ViewSonic Monitor,HP Laptop,Apple Magic Keyboard,Logitech 3-button Mouse,Halter Acrylic Monitor Stand,ASUS Desktop,,,,,,,,,,,,,,,,,,,,,,,,,
Acer Monitor,ViewSonic Monitor,Backlit LED Gaming Keyboard,,,,,,,,,,,,,,,,,,,,,,,,,,,,,
ASUS Chromebook,HP Laptop,iMac,Logitech 3-button Mouse,3-Button Mouse,Slim Wireless Mouse,Gaming Mouse Professional,Microsoft Wireless Desktop Keyboard and Mouse,,,,,,,,,,,,,,,,,,,,,,,,
Microsoft Wireless Desktop Keyboard and Mouse,,,,,,,,,,,,,,,,,,,,,,,,,,,,,,,
Apple MacBook Air,,,,,,,,,,,,,,,,,,,,,,,,,,,,,,,
CYBERPOWER Gamer Desktop,Apple MacBook Air,,,,,,,,,,,,,,,,,,,,,,,,,,,,,,
HP Laptop,CYBERPOWER Gamer Desktop,XIBERIA Gaming Headset,Apple MacBook Pro,Apple Earpods,Acer Desktop,Wireless Portable Mouse,Dell Laptop,iPad,,,,,,,,,,,,,,,,,,,,,,,
Eluktronics Pro Gaming Laptop,HP Laptop,Lenovo Desktop Computer,CYBERPOWER Gamer Desktop,Apple MacBook Pro,,,,,,,,,,,,,,,,,,,,,,,,,,,
Eluktronics Pro Gaming Laptop,Acer Aspire,ViewSonic Monitor,CYBERPOWER Gamer Desktop,Logitech MK360 Wireless Keyboard and Mouse Combo,Halter Acrylic Monitor Stand,Apple MacBook Pro,Apple Earpods,HP Monitor,iPad Pro ,,,,,,,,,,,,,,,,,,,,,,
Acer Monitor,Samsung Monitor,Microsoft Office Home and Student 2016,Apple Earpods,Microsoft Headset,Microsoft Wireless Desktop Keyboard and Mouse,,,,,,,,,,,,,,,,,,,,,,,,,,
Apple MacBook Air,,,,,,,,,,,,,,,,,,,,,,,,,,,,,,,
Dell Desktop,Microsoft Office Home and Student 2016,CYBERPOWER Gamer Desktop,3-Button Mouse,,,,,,,,,,,,,,,,,,,,,,,,,,,,
Apple Earpods,,,,,,,,,,,,,,,,,,,,,,,,,,,,,,,
Acer Monitor,ViewSonic Monitor,Computer Game,HP Laptop,AOC Monitor,Apple MacBook Air,,,,,,,,,,,,,,,,,,,,,,,,,,
HP Wireless Mouse,Eluktronics Pro Gaming Laptop,HP Black & Tri-color Ink ,Apple Magic Keyboard,Computer Game,Apple Earpods,Apple MacBook Air,Apple TV,iPad Pro ,DYMO Labeling Tape ,,,,,,,,,,,,,,,,,,,,,,
Apple Wireless Keyboard,Apple Earpods,,,,,,,,,,,,,,,,,,,,,,,,,,,,,,
iMac,,,,,,,,,,,,,,,,,,,,,,,,,,,,,,,
Belkin Mouse Pad,,,,,,,,,,,,,,,,,,,,,,,,,,,,,,,
Dell Desktop,HP Laptop,,,,,,,,,,,,,,,,,,,,,,,,,,,,,,
Otium Wireless Sports Bluetooth Headphone,HP Laptop,,,,,,,,,,,,,,,,,,,,,,,,,,,,,,
 Intel Desktop ,Apple MacBook Pro,Apple MacBook Air,,,,,,,,,,,,,,,,,,,,,,,,,,,,,
Backlit LED Gaming Keyboard,,,,,,,,,,,,,,,,,,,,,,,,,,,,,,,
CYBERPOWER Gamer Desktop,3-Button Mouse,Backlit LED Gaming Keyboard,,,,,,,,,,,,,,,,,,,,,,,,,,,,,
Acer Aspire,HP Laptop,iMac,ASUS 2 Monitor,Lenovo Desktop Computer,Computer Game,HP Monitor,ASUS Desktop,,,,,,,,,,,,,,,,,,,,,,,,
iMac,CYBERPOWER Gamer Desktop,Zombie Gaming Headset,,,,,,,,,,,,,,,,,,,,,,,,,,,,,
Acer Monitor,Acer Aspire,Alienware Laptop,Bose Companion Speakers,CYBERPOWER Gamer Desktop,2TB Portable External Hard Drive,Microsoft Wireless Desktop Keyboard and Mouse,,,,,,,,,,,,,,,,,,,,,,,,,
HDMI Cable 6ft,HP Laptop,ASUS Monitor,Apple Magic Keyboard,Dell Desktop,Apple Earpods,,,,,,,,,,,,,,,,,,,,,,,,,,
Acer Monitor,Acer Aspire,Apple MacBook Air,Slim Wireless Mouse,,,,,,,,,,,,,,,,,,,,,,,,,,,,
Samsung Monitor,Computer Game,ASUS 2 Monitor,Lenovo Desktop Computer,Microsoft Office Home and Student 2016,Apple Wireless Keyboard,,,,,,,,,,,,,,,,,,,,,,,,,,
Microsoft Office Home and Student 2016,,,,,,,,,,,,,,,,,,,,,,,,,,,,,,,
iMac,Microsoft Office Home and Student 2016,CYBERPOWER Gamer Desktop,Apple Earpods,,,,,,,,,,,,,,,,,,,,,,,,,,,,
CYBERPOWER Gamer Desktop,Apple MacBook Air,Backlit LED Gaming Keyboard,,,,,,,,,,,,,,,,,,,,,,,,,,,,,
iMac,Logitech MK550 Wireless Wave Keyboard and Mouse Combo,Logitech ClearChat Headset,,,,,,,,,,,,,,,,,,,,,,,,,,,,,
Samsung Monitor,ViewSonic Monitor,HP Laptop,CYBERPOWER Gamer Desktop,Apple Earpods,,,,,,,,,,,,,,,,,,,,,,,,,,,
ASUS 2 Monitor,Alienware Laptop,Lenovo Desktop Computer,Slim 2TB Portable External Hard Drive,,,,,,,,,,,,,,,,,,,,,,,,,,,,
Apple MacBook Pro,,,,,,,,,,,,,,,,,,,,,,,,,,,,,,,
ASUS Chromebook,,,,,,,,,,,,,,,,,,,,,,,,,,,,,,,
Acer Monitor,Eluktronics Pro Gaming Laptop,iMac,CYBERPOWER Gamer Desktop,Computer Game,Fire HD Tablet,Apple Wireless Keyboard,Wireless Portable Mouse,Logitech ClearChat Headset,Eluktronics Pro Gaming Laptop,Backlit LED Gaming Keyboard,,,,,,,,,,,,,,,,,,,,,
HP Wireless Mouse,ASUS Monitor,Backlit LED Gaming Keyboard,,,,,,,,,,,,,,,,,,,,,,,,,,,,,
Samsung Monitor,Otium Wireless Sports Bluetooth Headphone,Dell Desktop,Acer Desktop,3-Button Mouse,Dell Desktop,Apple Wireless Keyboard,Sceptre Monitor,Logitech Keyboard,,,,,,,,,,,,,,,,,,,,,,,
LG Monitor,iMac,Apple Magic Keyboard,Slim 2TB Portable External Hard Drive,,,,,,,,,,,,,,,,,,,,,,,,,,,,
Lenovo Desktop Computer,3-Button Mouse,Apple Wireless Keyboard,,,,,,,,,,,,,,,,,,,,,,,,,,,,,
iMac,Panasonic In-Ear Headphone ,Belkin Mouse Pad,Redragon Gaming Mouse,Zombie Gaming Headset,JBL Splashproof Portable Bluetooth Speaker,Microsoft Wireless Desktop Keyboard and Mouse,,,,,,,,,,,,,,,,,,,,,,,,,
Acer Monitor,HDMI Cable 6ft,iMac,Lenovo Desktop Computer,CYBERPOWER Gamer Desktop,3-Button Mouse,DOSS Touch Wireless Bluetooth,Dell Desktop,Apple Earpods,HP Monitor,iPad Pro ,,,,,,,,,,,,,,,,,,,,,
ASUS Chromebook,iMac,Logitech 3-button Mouse,Dell Laptop,Backlit LED Gaming Keyboard,,,,,,,,,,,,,,,,,,,,,,,,,,,
Acer Desktop,HP Laptop,Alienware Laptop, Intel Desktop ,CYBERPOWER Gamer Desktop,,,,,,,,,,,,,,,,,,,,,,,,,,,
Samsung Monitor,iMac,CYBERPOWER Gamer Desktop,Apple Wireless Keyboard,Dell Laptop,,,,,,,,,,,,,,,,,,,,,,,,,,,
3-Button Mouse,Apple Wireless Keyboard,,,,,,,,,,,,,,,,,,,,,,,,,,,,,,
HP Wireless Mouse,ASUS Chromebook,Dell Laptop,,,,,,,,,,,,,,,,,,,,,,,,,,,,,
ViewSonic Monitor,HP Laptop,iMac,Panasonic In-Ear Headphone ,Epson Printer,Ailihen Stereo Headphones,Logitech Keyboard,Dell Laptop,,,,,,,,,,,,,,,,,,,,,,,,
iMac,Cambridge Bluetooth Speaker,CYBERPOWER Gamer Desktop,,,,,,,,,,,,,,,,,,,,,,,,,,,,,
Zombie Gaming Headset,,,,,,,,,,,,,,,,,,,,,,,,,,,,,,,
CYBERPOWER Gamer Desktop,Halter Acrylic Monitor Stand,,,,,,,,,,,,,,,,,,,,,,,,,,,,,,
Epson Black Ink,,,,,,,,,,,,,,,,,,,,,,,,,,,,,,,
Lenovo Desktop Computer,Lenovo Desktop Computer,HDMI Adapter,EagleTec Wireless Combo Keyboard and Mouse,Apple TV,,,,,,,,,,,,,,,,,,,,,,,,,,,
Dell Desktop,ASUS 2 Monitor,Panasonic In-Ear Headphone ,CYBERPOWER Gamer Desktop,Apple Earpods,,,,,,,,,,,,,,,,,,,,,,,,,,,
Dell Desktop,,,,,,,,,,,,,,,,,,,,,,,,,,,,,,,
ASUS 2 Monitor,Bose Companion Speakers,Microsoft Office Home and Student 2016,DYMO Label Manker  ,,,,,,,,,,,,,,,,,,,,,,,,,,,,
ASUS Chromebook,Dell 2 Desktop,Computer Game,CYBERPOWER Gamer Desktop,,,,,,,,,,,,,,,,,,,,,,,,,,,,
iMac,Logitech 3-button Mouse,Cyber Acoustics,Belkin Mouse Pad,Apple MacBook Pro,iPad Pro ,Backlit LED Gaming Keyboard,,,,,,,,,,,,,,,,,,,,,,,,,
LG Monitor,Bose Companion Speakers,Apple MacBook Pro,Apple Earpods,Apple MacBook Air,,,,,,,,,,,,,,,,,,,,,,,,,,,
HP Laptop,ASUS 2 Monitor,Lenovo Desktop Computer,ASUS 2 Monitor,Belkin Mouse Pad,Apple TV,Brother Printer,,,,,,,,,,,,,,,,,,,,,,,,,
CYBERPOWER Gamer Desktop,Apple Earpods,HP Monitor,Apple MacBook Air,LG Touchscreen Laptop,ASUS Desktop,Microsoft Wireless Desktop Keyboard and Mouse,,,,,,,,,,,,,,,,,,,,,,,,,
Acer Monitor,Acer Desktop,iMac,CYBERPOWER Gamer Desktop, ,,,,,,,,,,,,,,,,,,,,,,,,,,,
Lenovo Desktop Computer,Brother Printer,Backlit LED Gaming Keyboard,Microsoft Wireless Desktop Keyboard and Mouse,,,,,,,,,,,,,,,,,,,,,,,,,,,,
iMac,ASUS 2 Monitor,Panasonic In-Ear Headphone ,Redragon Gaming Mouse,Apple Wireless Keyboard,,,,,,,,,,,,,,,,,,,,,,,,,,,
Apple MacBook Pro,iPad,,,,,,,,,,,,,,,,,,,,,,,,,,,,,,
Acer Monitor,ASUS Chromebook,ASUS Monitor,,,,,,,,,,,,,,,,,,,,,,,,,,,,,
CYBERPOWER Gamer Desktop,Apple Earpods,Logitech Stereo Headset ,Microsoft Wireless Desktop Keyboard and Mouse,,,,,,,,,,,,,,,,,,,,,,,,,,,,
iMac,3-Button Mouse,Apple MacBook Pro,Brother Printer,,,,,,,,,,,,,,,,,,,,,,,,,,,,
CYBERPOWER Gamer Desktop,,,,,,,,,,,,,,,,,,,,,,,,,,,,,,,
HP Wireless Mouse,Computer Game,HP Laptop,iMac,Logitech 3-button Mouse,LG Touchscreen Laptop,Dell KM117 Wireless Keyboard & Mouse,,,,,,,,,,,,,,,,,,,,,,,,,
Dell Desktop,Computer Game,iMac,ASUS Monitor,JBL Splashproof Portable Bluetooth Speaker,,,,,,,,,,,,,,,,,,,,,,,,,,,
Samsung Monitor,Logitech Desktop MK120 Mouse and keyboard Combo,HP Laptop,Lenovo Desktop Computer,Logitech 3-button Mouse,Etekcity Power Extension Cord Cable,Brother Printer,Microsoft Wireless Desktop Keyboard and Mouse,,,,,,,,,,,,,,,,,,,,,,,,
Samsung Monitor,HP Laptop,iMac,ASUS 2 Monitor,Logitech MK550 Wireless Wave Keyboard and Mouse Combo,Apple Earpods,iPad,Backlit LED Gaming Keyboard,,,,,,,,,,,,,,,,,,,,,,,,
Acer Monitor,Acer Aspire,3-Button Mouse,Belkin Mouse Pad,VGA Monitor Cable,Apple Wireless Keyboard,Microsoft Wireless Desktop Keyboard and Mouse,,,,,,,,,,,,,,,,,,,,,,,,,
Bose Companion Speakers,Logitech Keyboard,HP Monitor,iPhone Charger Cable,Backlit LED Gaming Keyboard,,,,,,,,,,,,,,,,,,,,,,,,,,,
CYBERPOWER Gamer Desktop,Backlit LED Gaming Keyboard,,,,,,,,,,,,,,,,,,,,,,,,,,,,,,
Apple MacBook Air,,,,,,,,,,,,,,,,,,,,,,,,,,,,,,,
Lenovo Desktop Computer,HP Desktop,,,,,,,,,,,,,,,,,,,,,,,,,,,,,,
Apple Magic Keyboard,HP Desktop,,,,,,,,,,,,,,,,,,,,,,,,,,,,,,
CYBERPOWER Gamer Desktop,Apple MacBook Air,,,,,,,,,,,,,,,,,,,,,,,,,,,,,,
CYBERPOWER Gamer Desktop,,,,,,,,,,,,,,,,,,,,,,,,,,,,,,,
Slim 2TB Portable External Hard Drive,CYBERPOWER Gamer Desktop,,,,,,,,,,,,,,,,,,,,,,,,,,,,,,
CYBERPOWER Gamer Desktop,,,,,,,,,,,,,,,,,,,,,,,,,,,,,,,
CYBERPOWER Gamer Desktop,Microsoft Wireless Desktop Keyboard and Mouse,,,,,,,,,,,,,,,,,,,,,,,,,,,,,,
Apple MacBook Air,,,,,,,,,,,,,,,,,,,,,,,,,,,,,,,
Acer Aspire,ASUS 2 Monitor,Lenovo Desktop Computer,Panasonic In-Ear Headphone ,CYBERPOWER Gamer Desktop,Etekcity Power Extension Cord Cable,Apple MacBook Pro,,,,,,,,,,,,,,,,,,,,,,,,,
Apple MacBook Pro,Apple Earpods,,,,,,,,,,,,,,,,,,,,,,,,,,,,,,
3-Button Mouse,,,,,,,,,,,,,,,,,,,,,,,,,,,,,,,
Microsoft Office Home and Student 2016,CYBERPOWER Gamer Desktop,3-Button Mouse,Apple Wireless Keyboard,Sceptre Monitor,,,,,,,,,,,,,,,,,,,,,,,,,,,
ASUS Chromebook,Acer Desktop,ViewSonic Monitor,CYBERPOWER Gamer Desktop,Belkin Mouse Pad,,,,,,,,,,,,,,,,,,,,,,,,,,,
Apple Wired Keyboard,CYBERPOWER Gamer Desktop,Apple MacBook Pro,Backlit LED Gaming Keyboard,,,,,,,,,,,,,,,,,,,,,,,,,,,,
Dell Desktop,Apple Wired Keyboard,CYBERPOWER Gamer Desktop,Apple Earpods,,,,,,,,,,,,,,,,,,,,,,,,,,,,
Logitech Wireless Mouse,Apple MacBook Air,Sceptre Monitor,,,,,,,,,,,,,,,,,,,,,,,,,,,,,
iMac,Lenovo Desktop Computer,Apple MacBook Air,LG Touchscreen Laptop,Slim Wireless Mouse,iPad Pro ,,,,,,,,,,,,,,,,,,,,,,,,,,
Otium Wireless Sports Bluetooth Headphone,ASUS Chromebook,HP Laptop,iMac,ASUS Monitor,Microsoft Office Home and Student 2016,CYBERPOWER Gamer Desktop,,,,,,,,,,,,,,,,,,,,,,,,,
Computer Game,iMac,Apple MacBook Air,Large Mouse Pad,Zombie Gaming Headset,JBL Splashproof Portable Bluetooth Speaker,,,,,,,,,,,,,,,,,,,,,,,,,,
Acer Monitor,Logitech MK270 Wireless Keyboard and Mouse Combo,HP Laptop,Alienware Laptop,Bose Companion Speakers,Logitech 3-button Mouse,Belkin Mouse Pad,Monster Beats By Dr Dre,Apple MacBook Pro,Apple Earpods,,,,,,,,,,,,,,,,,,,,,,
ASUS Chromebook,CYBERPOWER Gamer Desktop,Apple MacBook Air,,,,,,,,,,,,,,,,,,,,,,,,,,,,,
ASUS Chromebook,,,,,,,,,,,,,,,,,,,,,,,,,,,,,,,
Samsung Monitor,Apple MacBook Air,Large Mouse Pad,,,,,,,,,,,,,,,,,,,,,,,,,,,,,
HP Wireless Mouse,Computer Game,HP Black & Tri-color Ink ,Brother Printer,,,,,,,,,,,,,,,,,,,,,,,,,,,,
Apple MacBook Air,,,,,,,,,,,,,,,,,,,,,,,,,,,,,,,
Samsung Monitor,ViewSonic Monitor,HP Laptop,iMac,Apple MacBook Air,PC Gaming Headset,,,,,,,,,,,,,,,,,,,,,,,,,,
Dell Desktop,iMac,ASUS 2 Monitor,Lenovo Desktop Computer,Apple Magic Keyboard,,,,,,,,,,,,,,,,,,,,,,,,,,,
Acer Monitor,CYBERPOWER Gamer Desktop,Apple Earpods,Gaming Mouse Professional,Backlit LED Gaming Keyboard,Halter Mesh Metal Monitor Stand,,,,,,,,,,,,,,,,,,,,,,,,,,
Samsung Monitor,Dell Desktop,Brother Printer Toner,,,,,,,,,,,,,,,,,,,,,,,,,,,,,
ASUS Chromebook,Dell Desktop,ViewSonic Monitor,Lenovo Desktop Computer,,,,,,,,,,,,,,,,,,,,,,,,,,,,
Dell Desktop,3-Button Mouse,Rii LED Gaming Keyboard & Mouse Combo ,Philips Flexible Earhook Headphone,,,,,,,,,,,,,,,,,,,,,,,,,,,,
Lenovo Desktop Computer,,,,,,,,,,,,,,,,,,,,,,,,,,,,,,,
Acer Monitor,CYBERPOWER Gamer Desktop,Fire HD Tablet,,,,,,,,,,,,,,,,,,,,,,,,,,,,,
Apple MacBook Air,,,,,,,,,,,,,,,,,,,,,,,,,,,,,,,
Logitech MK270 Wireless Keyboard and Mouse Combo,Apple Earpods,,,,,,,,,,,,,,,,,,,,,,,,,,,,,,
Slim 2TB Portable External Hard Drive,CYBERPOWER Gamer Desktop,,,,,,,,,,,,,,,,,,,,,,,,,,,,,,
ASUS 2 Monitor,Apple MacBook Air,Logitech Keyboard,,,,,,,,,,,,,,,,,,,,,,,,,,,,,
Sonos,Dell Desktop,Halter Mesh Metal Monitor Stand,,,,,,,,,,,,,,,,,,,,,,,,,,,,,
Samsung Monitor,CYBERPOWER Gamer Desktop,Apple Earpods,Apple MacBook Air,Microsoft Wireless Desktop Keyboard and Mouse,,,,,,,,,,,,,,,,,,,,,,,,,,,
HP Laptop,,,,,,,,,,,,,,,,,,,,,,,,,,,,,,,
HP Wireless Printer,Slim 2TB Portable External Hard Drive,Apple MacBook Pro,,,,,,,,,,,,,,,,,,,,,,,,,,,,,
iPhone Charger Cable,,,,,,,,,,,,,,,,,,,,,,,,,,,,,,,
Apple MacBook Air,,,,,,,,,,,,,,,,,,,,,,,,,,,,,,,
Apple Wireless Keyboard,,,,,,,,,,,,,,,,,,,,,,,,,,,,,,,
Dell 2 Desktop,HP Laptop,iMac,Apple Magic Keyboard,,,,,,,,,,,,,,,,,,,,,,,,,,,,
LG Monitor,Dell Desktop,CYBERPOWER Gamer Desktop,Brother Printer Toner,Apple MacBook Air,Backlit LED Gaming Keyboard,,,,,,,,,,,,,,,,,,,,,,,,,,
Acer Monitor,HP Wireless Mouse,LG Monitor,Acer Aspire,HP Laptop,iMac,Alienware Laptop,Apple Magic Keyboard, Intel Desktop ,Logitech Keyboard,Microsoft Office Home and Student 2016,CYBERPOWER Gamer Desktop,Dell Desktop,Smart Light Bulb,,,,,,,,,,,,,,,,,,
LG Monitor,ASUS Chromebook,iMac,Microsoft Office Home and Student 2016,Apple MacBook Pro,Apple MacBook Air,Brother Printer,,,,,,,,,,,,,,,,,,,,,,,,,
Acer Monitor,LG Monitor,Acer Aspire,ViewSonic Monitor,Computer Game,HP Laptop,Logitech Wireless Mouse,Redragon Gaming Mouse,Apple MacBook Pro,,,,,,,,,,,,,,,,,,,,,,,
Logitech Keyboard,Kindle ,,,,,,,,,,,,,,,,,,,,,,,,,,,,,,
HP Wireless Mouse,HP Laptop,Logitech Wireless Mouse,Epson Black Ink,Epson Printer,HP Monitor,,,,,,,,,,,,,,,,,,,,,,,,,,
DOSS Touch Wireless Bluetooth,Etekcity Power Extension Cord Cable,,,,,,,,,,,,,,,,,,,,,,,,,,,,,,
CYBERPOWER Gamer Desktop,Apple Earpods,HP Desktop,,,,,,,,,,,,,,,,,,,,,,,,,,,,,
iMac,,,,,,,,,,,,,,,,,,,,,,,,,,,,,,,
LG Monitor,ViewSonic Monitor,iMac,Apple Magic Keyboard,,,,,,,,,,,,,,,,,,,,,,,,,,,,
CYBERPOWER Gamer Desktop,Backlit LED Gaming Keyboard,,,,,,,,,,,,,,,,,,,,,,,,,,,,,,
Logitech MK270 Wireless Keyboard and Mouse Combo,HP Laptop,3TB Portable External Hard Drive,Logitech MK360 Wireless Keyboard and Mouse Combo,JBL Splashproof Portable Bluetooth Speaker,,,,,,,,,,,,,,,,,,,,,,,,,,,
Acer Monitor,Acer Aspire,Apple Magic Keyboard, Intel Desktop ,CYBERPOWER Gamer Desktop,Smart Light Bulb,PC Gaming Headset,iPad Pro ,,,,,,,,,,,,,,,,,,,,,,,,
Kensington Headphones ,ViewSonic Monitor,Logitech Wireless Mouse,Lenovo Desktop Computer,Google Home,Epson Printer,Sonos,Apple Earpods,Apple MacBook Air,,,,,,,,,,,,,,,,,,,,,,,
Computer Game,HP Laptop,Rii LED Gaming Keyboard & Mouse Combo ,,,,,,,,,,,,,,,,,,,,,,,,,,,,,
Dell Desktop,iMac,CYBERPOWER Gamer Desktop,,,,,,,,,,,,,,,,,,,,,,,,,,,,,
HP Laptop, Intel Desktop ,Logitech Multimedia Speakers,Dell Laptop,Logitech ClearChat Headset,,,,,,,,,,,,,,,,,,,,,,,,,,,
HDMI Cable 6ft,Logitech Desktop MK120 Mouse and keyboard Combo,ASUS Chromebook,HP Laptop,iMac,Logitech Keyboard,,,,,,,,,,,,,,,,,,,,,,,,,,
HP Laptop,iMac,Belkin Mouse Pad,Apple MacBook Air,,,,,,,,,,,,,,,,,,,,,,,,,,,,
ASUS 2 Monitor,,,,,,,,,,,,,,,,,,,,,,,,,,,,,,,
Samsung Monitor,ASUS Chromebook,HP Laptop,,,,,,,,,,,,,,,,,,,,,,,,,,,,,
Apple MacBook Air,Large Mouse Pad,Microsoft Headset,,,,,,,,,,,,,,,,,,,,,,,,,,,,,
HDMI Cable 6ft,HP Wireless Mouse,Acer Aspire,Dell 2 Desktop,Computer Game,iMac,ASUS 2 Monitor,Lenovo Desktop Computer,Epson Printer,CYBERPOWER Gamer Desktop,Belkin Mouse Pad,Apple Earpods,Large Mouse Pad,Rii LED Keyboard,iPad,PC Gaming Headset,Canon Office Printer,,,,,,,,,,,,,,,
Logitech Wireless Mouse,iMac,HP Wireless Printer,Lenovo Desktop Computer,Bose Companion Speakers,Belkin Mouse Pad,Apple MacBook Pro,ASUS Desktop,,,,,,,,,,,,,,,,,,,,,,,,
Otium Wireless Sports Bluetooth Headphone,CYBERPOWER Gamer Desktop,Apple Earpods,HP Desktop,,,,,,,,,,,,,,,,,,,,,,,,,,,,
iMac,HP Wireless Printer,,,,,,,,,,,,,,,,,,,,,,,,,,,,,,
Apple MacBook Air,,,,,,,,,,,,,,,,,,,,,,,,,,,,,,,
HP Wireless Mouse,Bose Companion Speakers,CYBERPOWER Gamer Desktop,Apple Wireless Keyboard,ASUS Desktop,Epson Black Ink,,,,,,,,,,,,,,,,,,,,,,,,,,
CYBERPOWER Gamer Desktop,Dell KM117 Wireless Keyboard & Mouse,Backlit LED Gaming Keyboard,,,,,,,,,,,,,,,,,,,,,,,,,,,,,
APIE Bluetooth Headphone,Apple MacBook Pro,,,,,,,,,,,,,,,,,,,,,,,,,,,,,,
ViewSonic Monitor,HP Laptop,Apple Earpods,Microsoft Wireless Desktop Keyboard and Mouse,,,,,,,,,,,,,,,,,,,,,,,,,,,,
3-Button Mouse,,,,,,,,,,,,,,,,,,,,,,,,,,,,,,,
Acer Monitor,Eluktronics Pro Gaming Laptop,iMac,Microsoft Office Home and Student 2016,CYBERPOWER Gamer Desktop,Logitech 3-button Mouse,Belkin Mouse Pad,Apple MacBook Pro,Halter Mesh Metal Monitor Stand,,,,,,,,,,,,,,,,,,,,,,,
HP Wireless Mouse,Logitech MK270 Wireless Keyboard and Mouse Combo,iMac,Apple Magic Keyboard,Height-Adjustable Standing Desk,,,,,,,,,,,,,,,,,,,,,,,,,,,
Logitech Keyboard,Brother Printer Toner,,,,,,,,,,,,,,,,,,,,,,,,,,,,,,
Acer Aspire,Dell Desktop,Logitech MK270 Wireless Keyboard and Mouse Combo,Lenovo Desktop Computer,CYBERPOWER Gamer Desktop,Belkin Mouse Pad,Ethernet Cable,Apple MacBook Pro,Apple Earpods,Acer Desktop,iPad,2TB Portable External Hard Drive,Microsoft Wireless Desktop Keyboard and Mouse,,,,,,,,,,,,,,,,,,,
Samsung Monitor,LG Monitor,ASUS Chromebook,Dell 2 Desktop,ViewSonic Monitor,iMac,ASUS Monitor,CYBERPOWER Gamer Desktop,Redragon Gaming Mouse,Apple MacBook Pro,Backlit LED Gaming Keyboard,,,,,,,,,,,,,,,,,,,,,
ViewSonic Monitor,Computer Game,HP Laptop,Logitech Wireless Mouse,iMac,Apple Magic Keyboard,Epson Printer,CYBERPOWER Gamer Desktop,Cyber Acoustics,Computer Game,Smart Light Bulb,Apple Earpods,Zombie Gaming Headset,,,,,,,,,,,,,,,,,,,
ViewSonic Monitor,iMac,Lenovo Desktop Computer,CYBERPOWER Gamer Desktop,,,,,,,,,,,,,,,,,,,,,,,,,,,,
Apple MacBook Air,,,,,,,,,,,,,,,,,,,,,,,,,,,,,,,
Acer Monitor,Apple MacBook Air,,,,,,,,,,,,,,,,,,,,,,,,,,,,,,
ViewSonic Monitor,iMac,ASUS Monitor,Apple Wireless Keyboard,,,,,,,,,,,,,,,,,,,,,,,,,,,,
Dell 2 Desktop,HP Laptop,Apple Magic Keyboard,Bose Companion Speakers,Apple MacBook Pro,Apple Earpods,Brother Printer,Backlit LED Gaming Keyboard,,,,,,,,,,,,,,,,,,,,,,,,
Eluktronics Pro Gaming Laptop,,,,,,,,,,,,,,,,,,,,,,,,,,,,,,,
Dell Desktop,iMac,CYBERPOWER Gamer Desktop,Brother Printer Toner,Belkin Mouse Pad,HP Monitor,ASUS Desktop,Backlit LED Gaming Keyboard,,,,,,,,,,,,,,,,,,,,,,,,
Acer Monitor,LG Monitor,Slim 2TB Portable External Hard Drive,Cambridge Bluetooth Speaker,Wireless Portable Mouse,,,,,,,,,,,,,,,,,,,,,,,,,,,
Acer Monitor,Samsung Monitor,Ailihen Stereo Headphones,Belkin Mouse Pad,HP Desktop,,,,,,,,,,,,,,,,,,,,,,,,,,,
Apple Earpods,Backlit LED Gaming Keyboard,,,,,,,,,,,,,,,,,,,,,,,,,,,,,,
Sonos,,,,,,,,,,,,,,,,,,,,,,,,,,,,,,,
ASUS Chromebook,iMac,Epson Printer,Logitech 3-button Mouse,3-Button Mouse,Apple Wireless Keyboard,,,,,,,,,,,,,,,,,,,,,,,,,,
iMac,3-Button Mouse,Apple MacBook Pro,Backlit LED Gaming Keyboard,Rokono Mini Speaker,,,,,,,,,,,,,,,,,,,,,,,,,,,
LG Monitor,Ailihen Stereo Headphones,iMac,ASUS Monitor,ASUS 2 Monitor,Lenovo Desktop Computer,Apple Magic Keyboard,Rii LED Gaming Keyboard & Mouse Combo ,Dell Desktop,,,,,,,,,,,,,,,,,,,,,,,
iMac,Microsoft Headset,,,,,,,,,,,,,,,,,,,,,,,,,,,,,,
Apple MacBook Air,,,,,,,,,,,,,,,,,,,,,,,,,,,,,,,
LG Monitor,Logitech MK270 Wireless Keyboard and Mouse Combo,Bose Companion Speakers,Logitech 3-button Mouse,Belkin Mouse Pad,,,,,,,,,,,,,,,,,,,,,,,,,,,
ViewSonic Monitor,Logitech Keyboard,,,,,,,,,,,,,,,,,,,,,,,,,,,,,,
Apple MacBook Air,,,,,,,,,,,,,,,,,,,,,,,,,,,,,,,
Acer Aspire,ViewSonic Monitor,iMac,ASUS Monitor,Apple Magic Keyboard,Etekcity Power Extension Cord Cable,Fire HD Tablet,Apple MacBook Pro,Apple MacBook Air,,,,,,,,,,,,,,,,,,,,,,,
Acer Desktop,HP Black & Tri-color Ink ,HP Laptop,iMac,Apple Wireless Keyboard,2TB Portable External Hard Drive,Brother Printer,Microsoft Wireless Desktop Keyboard and Mouse,,,,,,,,,,,,,,,,,,,,,,,,
ViewSonic Monitor,HP Wireless Printer,Lenovo Desktop Computer, Intel Desktop ,Mackie CR Speakers,,,,,,,,,,,,,,,,,,,,,,,,,,,
Dell Desktop,ASUS 2 Monitor,CYBERPOWER Gamer Desktop,Monster Beats By Dr Dre,Backlit LED Gaming Keyboard,,,,,,,,,,,,,,,,,,,,,,,,,,,
ASUS Chromebook,ViewSonic Monitor,HP Laptop,iMac,ASUS Monitor,Koss Home Headphones,Logitech MK550 Wireless Wave Keyboard and Mouse Combo,Microsoft Office Home and Student 2016,Cyber Acoustics,Apple Wireless Keyboard,Sceptre Monitor,,,,,,,,,,,,,,,,,,,,,
HP Wireless Mouse,LG Monitor,iMac,ASUS Monitor,AOC Monitor,,,,,,,,,,,,,,,,,,,,,,,,,,,
Acer Aspire,Logitech MK270 Wireless Keyboard and Mouse Combo,iMac,CYBERPOWER Gamer Desktop,3-Button Mouse,Etekcity Power Extension Cord Cable,Belkin Mouse Pad,Sceptre Monitor,Backlit LED Gaming Keyboard,,,,,,,,,,,,,,,,,,,,,,,
Otium Wireless Sports Bluetooth Headphone,ASUS Chromebook,Dell Desktop,Acer Desktop,HP Laptop,Apple Magic Keyboard,Koss Home Headphones,Cambridge Bluetooth Speaker,Belkin Mouse Pad,Apple Wireless Keyboard,HP Monitor,Logitech Keyboard,,,,,,,,,,,,,,,,,,,,
 Intel Desktop ,Apple Wired Keyboard,CYBERPOWER Gamer Desktop,,,,,,,,,,,,,,,,,,,,,,,,,,,,,
Acer Aspire,HP Black & Tri-color Ink ,iMac,Apple MacBook Pro,Apple MacBook Air,Logitech Keyboard,,,,,,,,,,,,,,,,,,,,,,,,,,
HP Desktop,,,,,,,,,,,,,,,,,,,,,,,,,,,,,,,
Otium Wireless Sports Bluetooth Headphone,HP Laptop,iMac,Slim 2TB Portable External Hard Drive,CYBERPOWER Gamer Desktop,Belkin Mouse Pad,Dell Laptop,iPad Pro ,Backlit LED Gaming Keyboard,,,,,,,,,,,,,,,,,,,,,,,
Acer Aspire,Dell Desktop,Acer Desktop,,,,,,,,,,,,,,,,,,,,,,,,,,,,,
Acer Monitor,ASUS Chromebook,Dell Desktop,ViewSonic Monitor,Logitech Wireless Mouse,iMac,Epson Printer,,,,,,,,,,,,,,,,,,,,,,,,,
Acer Aspire,iMac,,,,,,,,,,,,,,,,,,,,,,,,,,,,,,
Logitech Desktop MK120 Mouse and keyboard Combo,ViewSonic Monitor,HP Laptop,ASUS 2 Monitor,Apple MacBook Air,Dell Laptop,,,,,,,,,,,,,,,,,,,,,,,,,,
Acer Aspire,Computer Game,iMac,ASUS 2 Monitor,Lenovo Desktop Computer,CYBERPOWER Gamer Desktop,Cyber Acoustics,Fire HD Tablet,HP USB Keyboard ,Apple MacBook Air,,,,,,,,,,,,,,,,,,,,,,
Samsung Monitor,Microsoft Office Home and Student 2016,,,,,,,,,,,,,,,,,,,,,,,,,,,,,,
Backlit LED Gaming Keyboard,,,,,,,,,,,,,,,,,,,,,,,,,,,,,,,
iMac,Lenovo Desktop Computer,,,,,,,,,,,,,,,,,,,,,,,,,,,,,,
Lenovo Desktop Computer,,,,,,,,,,,,,,,,,,,,,,,,,,,,,,,
Lenovo Desktop Computer,,,,,,,,,,,,,,,,,,,,,,,,,,,,,,,
Apple MacBook Pro,,,,,,,,,,,,,,,,,,,,,,,,,,,,,,,
Dell 2 Desktop,iMac,Apple Magic Keyboard,Microsoft Office Home and Student 2016,,,,,,,,,,,,,,,,,,,,,,,,,,,,
Logitech Wireless Mouse,iMac,CYBERPOWER Gamer Desktop,3-Button Mouse,,,,,,,,,,,,,,,,,,,,,,,,,,,,
Acer Monitor,Apple Earpods,,,,,,,,,,,,,,,,,,,,,,,,,,,,,,
5TB Desktop Hard Drive,iMac,Brother Printer Toner,HDMI Adapter,Apple Earpods,Logitech Keyboard,Microsoft Wireless Desktop Keyboard and Mouse,,,,,,,,,,,,,,,,,,,,,,,,,
Acer Aspire,HP Laptop,Logitech Wireless Mouse,iMac,ASUS Monitor,Apple Magic Keyboard,Rii LED Gaming Keyboard & Mouse Combo ,Dell Desktop,Apple Wireless Keyboard,Apple Earpods,EagleTec Wireless Combo Keyboard and Mouse,JBL Splashproof Portable Bluetooth Speaker,,,,,,,,,,,,,,,,,,,,
ASUS Chromebook,Acer Aspire,ViewSonic Monitor,Computer Game,ASUS 2 Monitor,Logitech MK550 Wireless Wave Keyboard and Mouse Combo,CYBERPOWER Gamer Desktop,HP Monitor,,,,,,,,,,,,,,,,,,,,,,,,
iMac,Lenovo Desktop Computer,Epson Printer,Apple Wireless Keyboard,Apple MacBook Air,iPad Pro ,,,,,,,,,,,,,,,,,,,,,,,,,,
HP Laptop,Apple Magic Keyboard,,,,,,,,,,,,,,,,,,,,,,,,,,,,,,
ASUS Chromebook,HP Laptop,,,,,,,,,,,,,,,,,,,,,,,,,,,,,,
Ailihen Stereo Headphones,Dell 2 Desktop,HP Laptop,iMac,HP Wireless Printer,Lenovo Desktop Computer,Apple Wired Keyboard,Apple Wireless Keyboard,LG Touchscreen Laptop,Dell KM117 Wireless Keyboard & Mouse,,,,,,,,,,,,,,,,,,,,,,
HP Laptop,iMac,ASUS 2 Monitor,Epson Printer,Microsoft Office Home and Student 2016,Dell Desktop,Apple Wireless Keyboard,Backlit LED Gaming Keyboard,,,,,,,,,,,,,,,,,,,,,,,,
Dell Desktop,Dell 2 Desktop,ViewSonic Monitor,iMac,ASUS Monitor,Lenovo Desktop Computer,Apple Magic Keyboard,Panasonic In-Ear Headphone ,Logitech MK550 Wireless Wave Keyboard and Mouse Combo,Dell Laptop,iPad Pro ,,,,,,,,,,,,,,,,,,,,,
Apple Wireless Keyboard,,,,,,,,,,,,,,,,,,,,,,,,,,,,,,,
Samsung Monitor,LG Monitor,HP Laptop,Ailihen Stereo Headphones,CYBERPOWER Gamer Desktop,Brother Printer Toner,Microsoft Office Home and Student 2016,VGA Monitor Cable,Apple MacBook Pro,Brother Printer,Backlit LED Gaming Keyboard,,,,,,,,,,,,,,,,,,,,,
Otium Wireless Sports Bluetooth Headphone,ViewSonic Monitor,Apple Magic Keyboard,Slim 2TB Portable External Hard Drive, Intel Desktop ,Wireless Portable Mouse,JBL Splashproof Portable Bluetooth Speaker,,,,,,,,,,,,,,,,,,,,,,,,,
HP Wireless Mouse,Dell Desktop,Acer Desktop,ViewSonic Monitor,HP Laptop,Logitech Wireless Mouse,ASUS Monitor,CYBERPOWER Gamer Desktop,Belkin Mouse Pad,Dell Desktop,Philips Flexible Earhook Headphone,ASUS Desktop,Gaming Mouse Professional,,,,,,,,,,,,,,,,,,,
Dell 2 Desktop,iMac,Apple Magic Keyboard,Belkin Mouse Pad,Monster Beats By Dr Dre,HP Monitor,Microsoft Wireless Desktop Keyboard and Mouse,,,,,,,,,,,,,,,,,,,,,,,,,
Cambridge Bluetooth Speaker,Acer Desktop,,,,,,,,,,,,,,,,,,,,,,,,,,,,,,
Apple Magic Keyboard,,,,,,,,,,,,,,,,,,,,,,,,,,,,,,,
ASUS Chromebook,ViewSonic Monitor,Apple MacBook Air,Dell Laptop,Microsoft Wireless Desktop Keyboard and Mouse,,,,,,,,,,,,,,,,,,,,,,,,,,,
HP Wireless Mouse,LG Monitor,HP Laptop,iMac,Apple Magic Keyboard,Bose Companion Speakers,Microsoft Office Home and Student 2016,CYBERPOWER Gamer Desktop,Apple MacBook Pro,Apple Earpods,HP Monitor,Apple MacBook Air,,,,,,,,,,,,,,,,,,,,
HP Wireless Mouse,LG Monitor,Eluktronics Pro Gaming Laptop,Acer Desktop,5TB Desktop Hard Drive,ViewSonic Monitor,HP Laptop,iMac,Apple Wired Keyboard,Dell Monitor,Logitech 3-button Mouse,Logitech MK360 Wireless Keyboard and Mouse Combo,Apple Earpods,HP Monitor,Microsoft Wireless Desktop Keyboard and Mouse,,,,,,,,,,,,,,,,,
ASUS Chromebook,Dell Desktop,ViewSonic Monitor,HP Black & Tri-color Ink ,HP Laptop,iMac,Lenovo Desktop Computer,Logitech MK550 Wireless Wave Keyboard and Mouse Combo,CYBERPOWER Gamer Desktop,Logitech 3-button Mouse,Apple MacBook Pro,Apple MacBook Air,Slim Wireless Mouse,Microsoft Wireless Desktop Keyboard and Mouse,,,,,,,,,,,,,,,,,,
Logitech Wireless Mouse,Microsoft Basic Optical Mouse,,,,,,,,,,,,,,,,,,,,,,,,,,,,,,
Dell Desktop,,,,,,,,,,,,,,,,,,,,,,,,,,,,,,,
Acer Monitor,Samsung Monitor,ASUS Chromebook,ViewSonic Monitor,Logitech Wireless Mouse,iMac,HP Wireless Printer,Lenovo Desktop Computer,Panasonic In-Ear Headphone ,Sonos,CYBERPOWER Gamer Desktop,Apple Earpods,,,,,,,,,,,,,,,,,,,,
Dell 2 Desktop,Epson Printer,APIE Bluetooth Headphone,Apple Wireless Keyboard,,,,,,,,,,,,,,,,,,,,,,,,,,,,
Apple MacBook Pro,Apple Earpods,Microsoft Headset,iPad Pro ,,,,,,,,,,,,,,,,,,,,,,,,,,,,
Samsung Monitor,HP Wireless Mouse,Acer Aspire,Dell 2 Desktop,ViewSonic Monitor,ASUS 2 Monitor,Slim 2TB Portable External Hard Drive,Gaming Mouse Professional,,,,,,,,,,,,,,,,,,,,,,,,
iMac,Bose Companion Speakers,Microsoft Office Home and Student 2016,Apple Earpods,HP Monitor,JBL Splashproof Portable Bluetooth Speaker,Backlit LED Gaming Keyboard,,,,,,,,,,,,,,,,,,,,,,,,,
Sonos,CYBERPOWER Gamer Desktop,,,,,,,,,,,,,,,,,,,,,,,,,,,,,,
Acer Monitor,Acer Aspire,Dell Desktop,CYBERPOWER Gamer Desktop,,,,,,,,,,,,,,,,,,,,,,,,,,,,
ViewSonic Monitor,iMac,AOC Monitor,Logitech 3-button Mouse,Fire TV Stick,HP USB Keyboard ,Kindle ,Microsoft Wireless Desktop Keyboard and Mouse,,,,,,,,,,,,,,,,,,,,,,,,
Samsung Monitor,CYBERPOWER Gamer Desktop,Dell Laptop,,,,,,,,,,,,,,,,,,,,,,,,,,,,,
Samsung Monitor,HDMI Cable 6ft,Acer Aspire,Dell Desktop,Dell 2 Desktop,Logitech Wireless Mouse,iMac,Apple Magic Keyboard,Panasonic In-Ear Headphone ,3-Button Mouse,Dell Desktop,Smart Light Bulb,,,,,,,,,,,,,,,,,,,,
ASUS Chromebook,ViewSonic Monitor,iMac, Intel Desktop ,,,,,,,,,,,,,,,,,,,,,,,,,,,,
HP Monitor,,,,,,,,,,,,,,,,,,,,,,,,,,,,,,,
Dell Desktop,Brother Printer,,,,,,,,,,,,,,,,,,,,,,,,,,,,,,
Dell 2 Desktop,Apple Magic Keyboard,,,,,,,,,,,,,,,,,,,,,,,,,,,,,,
Lenovo Desktop Computer,Slim 2TB Portable External Hard Drive,Apple Wireless Keyboard,,,,,,,,,,,,,,,,,,,,,,,,,,,,,
LG Monitor,ASUS Chromebook,,,,,,,,,,,,,,,,,,,,,,,,,,,,,,
Apple MacBook Air,Microsoft Wireless Desktop Keyboard and Mouse,,,,,,,,,,,,,,,,,,,,,,,,,,,,,,
ASUS 2 Monitor,Alienware Laptop,Lenovo Desktop Computer,Panasonic In-Ear Headphone ,Apple Wireless Keyboard,,,,,,,,,,,,,,,,,,,,,,,,,,,
ASUS Chromebook,Logitech MK360 Wireless Keyboard and Mouse Combo,Apple MacBook Air,,,,,,,,,,,,,,,,,,,,,,,,,,,,,
LG Monitor,Dell 2 Desktop,Apple Magic Keyboard,Slim 2TB Portable External Hard Drive,Rii LED Gaming Keyboard & Mouse Combo ,Etekcity Power Extension Cord Cable,Apple Earpods,Dell Laptop,Backlit LED Gaming Keyboard,,,,,,,,,,,,,,,,,,,,,,,
AOC Monitor,,,,,,,,,,,,,,,,,,,,,,,,,,,,,,,
Logitech MK270 Wireless Keyboard and Mouse Combo,iMac,Dell Wired Keyboard,CYBERPOWER Gamer Desktop,AOC Monitor,HP Monitor,,,,,,,,,,,,,,,,,,,,,,,,,,
Computer Game,Halter Mesh Metal Monitor Stand,,,,,,,,,,,,,,,,,,,,,,,,,,,,,,
ViewSonic Monitor,Computer Game,Lenovo Desktop Computer,CYBERPOWER Gamer Desktop,Apple Wireless Keyboard,Apple MacBook Pro,JBL Splashproof Portable Bluetooth Speaker,,,,,,,,,,,,,,,,,,,,,,,,,
HP Wireless Mouse,Eluktronics Pro Gaming Laptop,Bose Companion Speakers,Apple Earpods,Apple MacBook Air,1TB Portable External Hard Drive,Backlit LED Gaming Keyboard,,,,,,,,,,,,,,,,,,,,,,,,,
HP Wireless Mouse,HP Laptop,Lenovo Desktop Computer,,,,,,,,,,,,,,,,,,,,,,,,,,,,,
Ailihen Stereo Headphones, Intel Desktop ,Apple Wireless Keyboard,,,,,,,,,,,,,,,,,,,,,,,,,,,,,
Apple MacBook Air,,,,,,,,,,,,,,,,,,,,,,,,,,,,,,,
HP Laptop,iMac,Cambridge Bluetooth Speaker,CYBERPOWER Gamer Desktop,Logitech 3-button Mouse,iPad Pro ,,,,,,,,,,,,,,,,,,,,,,,,,,
HP Wireless Mouse,LG Monitor,iMac,Epson Printer,Logitech 3-button Mouse,DOSS Touch Wireless Bluetooth,Apple MacBook Air,Dell KM117 Wireless Keyboard & Mouse,Backlit LED Gaming Keyboard,,,,,,,,,,,,,,,,,,,,,,,
HP Laptop,Acer Desktop,,,,,,,,,,,,,,,,,,,,,,,,,,,,,,
Dell Desktop,iMac,,,,,,,,,,,,,,,,,,,,,,,,,,,,,,
iMac,Rii LED Keyboard,Backlit LED Gaming Keyboard,,,,,,,,,,,,,,,,,,,,,,,,,,,,,
ASUS Chromebook,Eluktronics Pro Gaming Laptop,Dell 2 Desktop,3-Button Mouse,Brother Printer,,,,,,,,,,,,,,,,,,,,,,,,,,,
Samsung Monitor,Logitech MK270 Wireless Keyboard and Mouse Combo,CYBERPOWER Gamer Desktop,Apple Earpods,Slim Wireless Mouse,,,,,,,,,,,,,,,,,,,,,,,,,,,
iMac,CYBERPOWER Gamer Desktop,Dell Laptop,,,,,,,,,,,,,,,,,,,,,,,,,,,,,
CYBERPOWER Gamer Desktop,Apple Earpods,,,,,,,,,,,,,,,,,,,,,,,,,,,,,,
Acer Aspire,Dell Desktop,Acer Desktop,HP Laptop,,,,,,,,,,,,,,,,,,,,,,,,,,,,
iMac,Panasonic In-Ear Headphone ,Microsoft Office Home and Student 2016,Microsoft Office Home and Student 2016,Apple MacBook Pro,Apple Earpods,Microsoft Wireless Desktop Keyboard and Mouse,,,,,,,,,,,,,,,,,,,,,,,,,
3-Button Mouse,Apple Earpods,Apple MacBook Air,,,,,,,,,,,,,,,,,,,,,,,,,,,,,
Dell Desktop,HP Laptop,iMac,Lenovo Desktop Computer,Koss Home Headphones,Logitech MK550 Wireless Wave Keyboard and Mouse Combo,Apple Wired Keyboard,ASUS 2 Monitor,Epson Printer,Sonos,3-Button Mouse,Apple Wireless Keyboard,HP Monitor,Brother Printer,,,,,,,,,,,,,,,,,,
Panasonic In-Ear Headphone ,3-Button Mouse,Backlit LED Gaming Keyboard,,,,,,,,,,,,,,,,,,,,,,,,,,,,,
Apple Earpods,,,,,,,,,,,,,,,,,,,,,,,,,,,,,,,
HDMI Cable 6ft,Acer Aspire,iMac,HP Wireless Printer,Cambridge Bluetooth Speaker,Apple Wireless Keyboard,Microsoft Wireless Comfort Keyboard and Mouse,Microsoft Wireless Desktop Keyboard and Mouse,,,,,,,,,,,,,,,,,,,,,,,,
Slim Wireless Mouse,,,,,,,,,,,,,,,,,,,,,,,,,,,,,,,
iMac,ASUS 2 Monitor, Intel Desktop ,Rii LED Gaming Keyboard & Mouse Combo ,Apple Wireless Keyboard,Apple MacBook Pro,Acer Desktop,Backlit LED Gaming Keyboard,,,,,,,,,,,,,,,,,,,,,,,,
ViewSonic Monitor,Apple Magic Keyboard,,,,,,,,,,,,,,,,,,,,,,,,,,,,,,
Apple Earpods,Apple MacBook Air,Microsoft Wireless Desktop Keyboard and Mouse,,,,,,,,,,,,,,,,,,,,,,,,,,,,,
ASUS 2 Monitor, ,Belkin Mouse Pad,Apple MacBook Pro,Apple MacBook Air,LG Touchscreen Laptop,Apple TV,,,,,,,,,,,,,,,,,,,,,,,,,
Apple MacBook Pro,Apple Earpods,HP Monitor,Apple MacBook Air,iPad Pro ,,,,,,,,,,,,,,,,,,,,,,,,,,,
Logitech Wireless Mouse,Logitech Keyboard,,,,,,,,,,,,,,,,,,,,,,,,,,,,,,
Dell Desktop,ViewSonic Monitor,Epson Printer,Sonos,Apple MacBook Pro,DYMO Labeling Tape ,,,,,,,,,,,,,,,,,,,,,,,,,,
HDMI Cable 6ft,ASUS Chromebook,Logitech MK270 Wireless Keyboard and Mouse Combo,Lenovo Desktop Computer,Apple Magic Keyboard,Microsoft Office Home and Student 2016,AOC Monitor,3-Button Mouse,Apple MacBook Pro,HP Monitor,LG Touchscreen Laptop,Slim Wireless Mouse,Dell Laptop,Backlit LED Gaming Keyboard,Microsoft Wireless Desktop Keyboard and Mouse,,,,,,,,,,,,,,,,,
LG Monitor,Acer Aspire,Bose Companion Speakers,Logitech 3-button Mouse,Apple Earpods,Apple MacBook Air,Apple MacBook Air,ASUS Desktop,,,,,,,,,,,,,,,,,,,,,,,,
Slim 2TB Portable External Hard Drive,CYBERPOWER Gamer Desktop,Apple Earpods,Acer Desktop,iPhone Charger Cable,Rii LED Keyboard,,,,,,,,,,,,,,,,,,,,,,,,,,
Samsung Monitor,CYBERPOWER Gamer Desktop,Apple Earpods,,,,,,,,,,,,,,,,,,,,,,,,,,,,,
Samsung Monitor,Acer Aspire,iMac,Lenovo Desktop Computer,CYBERPOWER Gamer Desktop,Apple MacBook Pro,Apple Earpods,iPad Pro ,,,,,,,,,,,,,,,,,,,,,,,,
ViewSonic Monitor,iMac,ASUS Monitor,Lenovo Desktop Computer, Intel Desktop ,Ailihen Stereo Headphones,Microsoft Wireless Desktop Keyboard and Mouse,,,,,,,,,,,,,,,,,,,,,,,,,
iMac, Intel Desktop ,,,,,,,,,,,,,,,,,,,,,,,,,,,,,,
Acer Monitor,Logitech Desktop MK120 Mouse and keyboard Combo,ViewSonic Monitor,HP Laptop,Lenovo Desktop Computer,CYBERPOWER Gamer Desktop,3-Button Mouse,VGA Monitor Cable,,,,,,,,,,,,,,,,,,,,,,,,
Apple Earpods,Microsoft Wireless Desktop Keyboard and Mouse,,,,,,,,,,,,,,,,,,,,,,,,,,,,,,
Apple Earpods,Apple MacBook Air,,,,,,,,,,,,,,,,,,,,,,,,,,,,,,
Acer Monitor,Microsoft Wireless Comfort Keyboard and Mouse,,,,,,,,,,,,,,,,,,,,,,,,,,,,,,
Dell 2 Desktop,iMac,Apple Magic Keyboard,Microsoft Basic Optical Mouse,Zombie Gaming Headset,Backlit LED Gaming Keyboard,,,,,,,,,,,,,,,,,,,,,,,,,,
Apple MacBook Air,,,,,,,,,,,,,,,,,,,,,,,,,,,,,,,
Acer Monitor,LG Monitor,AOC Monitor,Full Motion Monitor Mount,Apple Earpods,,,,,,,,,,,,,,,,,,,,,,,,,,,
Acer Monitor,Eluktronics Pro Gaming Laptop,iMac,ASUS Monitor,ASUS 2 Monitor,Rii LED Gaming Keyboard & Mouse Combo ,Mackie CR Speakers,Etekcity Power Extension Cord Cable,Dell Desktop,Fire HD Tablet,Slim Wireless Mouse,Dell Laptop,Logitech ClearChat Headset,Apple TV,DYMO Label Manker  ,,,,,,,,,,,,,,,,,
Dell 2 Desktop,ViewSonic Monitor,iMac,Slim 2TB Portable External Hard Drive,Dell Desktop,Computer Game,Apple Wireless Keyboard,Microsoft Wireless Desktop Keyboard and Mouse,,,,,,,,,,,,,,,,,,,,,,,,
Acer Monitor,CYBERPOWER Gamer Desktop,,,,,,,,,,,,,,,,,,,,,,,,,,,,,,
Backlit LED Gaming Keyboard,,,,,,,,,,,,,,,,,,,,,,,,,,,,,,,
Ailihen Stereo Headphones,Backlit LED Gaming Keyboard,,,,,,,,,,,,,,,,,,,,,,,,,,,,,,
Dell Desktop,Backlit LED Gaming Keyboard,,,,,,,,,,,,,,,,,,,,,,,,,,,,,,
ASUS Chromebook,Logitech MK270 Wireless Keyboard and Mouse Combo,Dell 2 Desktop,iMac,Lenovo Desktop Computer,CYBERPOWER Gamer Desktop,Backlit LED Gaming Keyboard,Logitech Keyboard,,,,,,,,,,,,,,,,,,,,,,,,
CYBERPOWER Gamer Desktop,Apple Wireless Keyboard,Apple Wireless Keyboard,Slim Wireless Mouse,Dell Laptop,,,,,,,,,,,,,,,,,,,,,,,,,,,
Dell Laptop,Logitech Keyboard,,,,,,,,,,,,,,,,,,,,,,,,,,,,,,
EagleTec Wireless Combo Keyboard and Mouse,Apple TV,,,,,,,,,,,,,,,,,,,,,,,,,,,,,,
Acer Aspire,iPad Pro ,Microsoft Wireless Desktop Keyboard and Mouse,,,,,,,,,,,,,,,,,,,,,,,,,,,,,
Computer Game,HP Black & Tri-color Ink ,Apple MacBook Air,,,,,,,,,,,,,,,,,,,,,,,,,,,,,
iMac,3-Button Mouse,Zombie Gaming Headset,Sceptre Monitor,,,,,,,,,,,,,,,,,,,,,,,,,,,,
Rokono Mini Speaker,,,,,,,,,,,,,,,,,,,,,,,,,,,,,,,
Eluktronics Pro Gaming Laptop,,,,,,,,,,,,,,,,,,,,,,,,,,,,,,,
HP Laptop,iMac,AOC Monitor,Microsoft Headset,,,,,,,,,,,,,,,,,,,,,,,,,,,,
iMac,CYBERPOWER Gamer Desktop,Microsoft Wireless Desktop Keyboard and Mouse,,,,,,,,,,,,,,,,,,,,,,,,,,,,,
LG Monitor,Dell Desktop,Logitech MK270 Wireless Keyboard and Mouse Combo,Logitech MK550 Wireless Wave Keyboard and Mouse Combo,Apple Earpods,iPad Pro ,Microsoft Wireless Desktop Keyboard and Mouse,,,,,,,,,,,,,,,,,,,,,,,,,
Dell Desktop,Logitech MK270 Wireless Keyboard and Mouse Combo,Dell 2 Desktop,HP Laptop,iMac,ASUS Monitor,HP Wireless Printer,Lenovo Desktop Computer,Apple Magic Keyboard,Sonos,3-Button Mouse,Lenovo Desktop Computer,Smart Light Bulb,Apple MacBook Pro,Acer Desktop,HP Monitor,Apple MacBook Air,Dell Laptop,Logitech Keyboard,,,,,,,,,,,,,
HP Wireless Mouse,LG Monitor,Acer Aspire,HP Laptop,Apple Magic Keyboard,AOC Monitor,Microsoft Headset,Logitech Keyboard,,,,,,,,,,,,,,,,,,,,,,,,
HP Laptop,Microsoft Headset,,,,,,,,,,,,,,,,,,,,,,,,,,,,,,
Samsung Monitor,Apple MacBook Pro,Dell KM117 Wireless Keyboard & Mouse,,,,,,,,,,,,,,,,,,,,,,,,,,,,,
iMac,Apple Magic Keyboard,Smart Light Bulb,,,,,,,,,,,,,,,,,,,,,,,,,,,,,
CYBERPOWER Gamer Desktop,Apple Wireless Keyboard,,,,,,,,,,,,,,,,,,,,,,,,,,,,,,
Brother Printer,,,,,,,,,,,,,,,,,,,,,,,,,,,,,,,
Sonos,Backlit LED Gaming Keyboard,,,,,,,,,,,,,,,,,,,,,,,,,,,,,,
ASUS 2 Monitor,Apple Magic Keyboard,Microsoft Office Home and Student 2016,Rii LED Gaming Keyboard & Mouse Combo ,Acer Desktop,Backlit LED Gaming Keyboard,,,,,,,,,,,,,,,,,,,,,,,,,,
iMac,Cambridge Bluetooth Speaker,Backlit LED Gaming Keyboard,,,,,,,,,,,,,,,,,,,,,,,,,,,,,
Computer Game,iMac,HP Wireless Printer,Microsoft Office Home and Student 2016,CYBERPOWER Gamer Desktop,AOC Monitor,Apple Wireless Keyboard,Apple MacBook Pro,,,,,,,,,,,,,,,,,,,,,,,,
Kensington Headphones ,Samsung Monitor,Panasonic In-Ear Headphone ,AOC Monitor,HP Monitor,,,,,,,,,,,,,,,,,,,,,,,,,,,
Lenovo Desktop Computer,HP USB Keyboard ,ASUS Desktop,,,,,,,,,,,,,,,,,,,,,,,,,,,,,
Dell Desktop,ViewSonic Monitor,HP Laptop,Microsoft Office Home and Student 2016,AOC Monitor,Logitech 3-button Mouse,Full Motion Monitor Mount,Apple Earpods,HP Monitor,Philips Flexible Earhook Headphone,,,,,,,,,,,,,,,,,,,,,,
HP Laptop,iMac,Lenovo Desktop Computer,,,,,,,,,,,,,,,,,,,,,,,,,,,,,
Dell Laptop,,,,,,,,,,,,,,,,,,,,,,,,,,,,,,,
Sonos,,,,,,,,,,,,,,,,,,,,,,,,,,,,,,,
Dell Desktop,Etekcity Power Extension Cord Cable,Redragon Gaming Mouse,,,,,,,,,,,,,,,,,,,,,,,,,,,,,
Acer Monitor,Acer Aspire,iMac,Lenovo Desktop Computer,Panasonic In-Ear Headphone ,Google Home,3-Button Mouse,HP Monitor,,,,,,,,,,,,,,,,,,,,,,,,
ASUS Monitor,Cyber Acoustics,Halter Acrylic Monitor Stand,USB Cable,Halter Mesh Metal Monitor Stand,,,,,,,,,,,,,,,,,,,,,,,,,,,
HP Laptop,Alienware Laptop,Ailihen Stereo Headphones,Slim Wireless Mouse,,,,,,,,,,,,,,,,,,,,,,,,,,,,
Dell Desktop,3-Button Mouse,Apple MacBook Air,Dell Laptop,,,,,,,,,,,,,,,,,,,,,,,,,,,,
Acer Aspire,ViewSonic Monitor,Logitech Wireless Mouse,Lenovo Desktop Computer,Panasonic In-Ear Headphone ,CYBERPOWER Gamer Desktop,AOC Monitor,Logitech 3-button Mouse,3TB Portable External Hard Drive,,,,,,,,,,,,,,,,,,,,,,,
Bose Companion Speakers,Lenovo Desktop Computer,Apple Earpods,Dell Laptop,Microsoft Wireless Desktop Keyboard and Mouse,,,,,,,,,,,,,,,,,,,,,,,,,,,
ASUS Chromebook,,,,,,,,,,,,,,,,,,,,,,,,,,,,,,,
ASUS 2 Monitor,Lenovo Desktop Computer,Apple Wired Keyboard,Dell Desktop,Full Motion Monitor Mount,,,,,,,,,,,,,,,,,,,,,,,,,,,
Acer Aspire,HP Laptop,iMac,HP Wireless Printer,Lenovo Desktop Computer,Epson Printer,HP Monitor,Apple MacBook Air,Slim Wireless Mouse,,,,,,,,,,,,,,,,,,,,,,,
Lenovo Desktop Computer,Logitech 3-button Mouse,Apple MacBook Air,LG Touchscreen Laptop,,,,,,,,,,,,,,,,,,,,,,,,,,,,
Apple MacBook Air,iPhone Charger Cable,Dell KM117 Wireless Keyboard & Mouse,,,,,,,,,,,,,,,,,,,,,,,,,,,,,
Logitech MK270 Wireless Keyboard and Mouse Combo,,,,,,,,,,,,,,,,,,,,,,,,,,,,,,,
LG Monitor,HP Laptop,Apple Earpods,,,,,,,,,,,,,,,,,,,,,,,,,,,,,
Samsung Monitor,Acer Aspire,Dell 2 Desktop,HP Laptop,iMac,Lenovo Desktop Computer,Apple Magic Keyboard, Intel Desktop ,Epson Printer,Microsoft Office Home and Student 2016,3-Button Mouse,Belkin Mouse Pad,Computer Game,Halter Acrylic Monitor Stand,Dell Laptop,iPad,iPad Pro ,,,,,,,,,,,,,,,
Acer Monitor,HP Wireless Mouse,LG Monitor,Dell Desktop,ViewSonic Monitor,HP Laptop,Lenovo Desktop Computer,Bose Companion Speakers,Height-Adjustable Standing Desk,Logitech 3-button Mouse,3-Button Mouse,Rii LED Gaming Keyboard & Mouse Combo ,Fire HD Tablet,Apple Wireless Keyboard,Logitech Wireless Keyboard,HP Monitor,Slim Wireless Mouse,ASUS Desktop,Dell Laptop,PC Gaming Headset,,,,,,,,,,,,
Microsoft Office Home and Student 2016,Apple Earpods,Rokono Mini Speaker,,,,,,,,,,,,,,,,,,,,,,,,,,,,,
Acer Monitor,Computer Game,ASUS Monitor,Dell Wired Keyboard,CYBERPOWER Gamer Desktop,Apple Wireless Keyboard,Apple MacBook Air,,,,,,,,,,,,,,,,,,,,,,,,,
Acer Desktop,ViewSonic Monitor,HP Wireless Printer,Lenovo Desktop Computer,Microsoft Office Home and Student 2016,Microsoft Wireless Desktop Keyboard and Mouse,,,,,,,,,,,,,,,,,,,,,,,,,,
Acer Monitor,iMac,Apple Wireless Keyboard,Zombie Gaming Headset,,,,,,,,,,,,,,,,,,,,,,,,,,,,
iMac,Backlit LED Gaming Keyboard,,,,,,,,,,,,,,,,,,,,,,,,,,,,,,
Microsoft Office Home and Student 2016,Brother Printer,Rokono Mini Speaker,Etekcity Power Extension Cord Cable,,,,,,,,,,,,,,,,,,,,,,,,,,,,
Logitech Wireless Mouse,HP Wireless Printer,Height-Adjustable Standing Desk,Etekcity Power Extension Cord Cable,Apple Earpods,Wireless Portable Mouse,Dell Laptop,Halter Mesh Metal Monitor Stand,Microsoft Wireless Desktop Keyboard and Mouse,,,,,,,,,,,,,,,,,,,,,,,
HP Wireless Mouse,HP Laptop,Apple Magic Keyboard,Epson Printer,Apple MacBook Pro,ASUS Desktop,,,,,,,,,,,,,,,,,,,,,,,,,,
LG Monitor,iMac,ASUS 2 Monitor,Lenovo Desktop Computer,Apple Magic Keyboard, Intel Desktop ,Microsoft Office Home and Student 2016,AOC Monitor,Dell Desktop,Smart Light Bulb,Apple Wireless Keyboard,Logitech Wireless Keyboard,Slim Wireless Mouse,Wireless Portable Mouse,iPad,iPad Pro ,,,,,,,,,,,,,,,,
Acer Aspire,HP Laptop,iMac,ASUS 2 Monitor,Lenovo Desktop Computer,Apple Magic Keyboard, Intel Desktop ,3-Button Mouse,DOSS Touch Wireless Bluetooth,Etekcity Power Extension Cord Cable,Apple Wireless Keyboard,ASUS Desktop,Zombie Gaming Headset,Apple TV,iPad Pro ,Backlit LED Gaming Keyboard,,,,,,,,,,,,,,,,
Roku Express,,,,,,,,,,,,,,,,,,,,,,,,,,,,,,,
 Intel Desktop ,Belkin Mouse Pad,Logitech Multimedia Speakers,,,,,,,,,,,,,,,,,,,,,,,,,,,,,
Samsung Monitor,ASUS 2 Monitor,Cambridge Bluetooth Speaker,Microsoft Office Home and Student 2016,Rii LED Keyboard,PC Gaming Headset,Zombie Gaming Headset,Apple TV,Epson Black Ink,Logitech Keyboard,Microsoft Wireless Desktop Keyboard and Mouse,,,,,,,,,,,,,,,,,,,,,
Acer Aspire,Computer Game,,,,,,,,,,,,,,,,,,,,,,,,,,,,,,
HP Laptop,Apple Magic Keyboard, ,,,,,,,,,,,,,,,,,,,,,,,,,,,,,
HP Wireless Mouse,Dell Desktop,Acer Desktop,ViewSonic Monitor,HP Laptop,iMac,ASUS Monitor,Lenovo Desktop Computer,Apple Magic Keyboard,Logitech MK550 Wireless Wave Keyboard and Mouse Combo,Epson Printer,Ailihen Stereo Headphones,Microsoft Office Home and Student 2016,AOC Monitor,Mackie CR Speakers,Audio Cable,HP USB Keyboard ,Apple MacBook Pro,HP Monitor,ASUS Desktop,USB Cable,iPad Pro ,DYMO Labeling Tape ,,,,,,,,,
Sonos,,,,,,,,,,,,,,,,,,,,,,,,,,,,,,,
LG Monitor,ASUS Chromebook,Sonos,CYBERPOWER Gamer Desktop,Backlit LED Gaming Keyboard,,,,,,,,,,,,,,,,,,,,,,,,,,,
LG Monitor,Dell Desktop,HP Laptop,Lenovo Desktop Computer,Brother Printer Toner,Rii LED Gaming Keyboard & Mouse Combo ,Belkin Mouse Pad,Microsoft Office Home and Student 2016,Monster Beats By Dr Dre,Logitech ClearChat Headset,,,,,,,,,,,,,,,,,,,,,,
Computer Game,Microsoft Office Home and Student 2016,Apple Earpods,Brother Printer,,,,,,,,,,,,,,,,,,,,,,,,,,,,
Dell Desktop,Acer Desktop,Logitech MK270 Wireless Keyboard and Mouse Combo,ViewSonic Monitor,HP Black & Tri-color Ink ,Lenovo Desktop Computer,Smart Light Bulb,PC Gaming Headset,Logitech Keyboard,Microsoft Wireless Desktop Keyboard and Mouse,,,,,,,,,,,,,,,,,,,,,,
Apple Magic Keyboard, Intel Desktop ,Apple MacBook Pro,Apple MacBook Air,Microsoft Wireless Desktop Keyboard and Mouse,,,,,,,,,,,,,,,,,,,,,,,,,,,
Dell 2 Desktop,ViewSonic Monitor,HP Laptop,ASUS Monitor,Logitech MK550 Wireless Wave Keyboard and Mouse Combo,Microsoft Office Home and Student 2016,CYBERPOWER Gamer Desktop,HP Monitor,EagleTec Wireless Combo Keyboard and Mouse,Brother Printer,,,,,,,,,,,,,,,,,,,,,,
Dell 2 Desktop,HP Wireless Printer,Apple Magic Keyboard,AOC Monitor,Apple Wireless Keyboard,Microsoft Wireless Desktop Keyboard and Mouse,,,,,,,,,,,,,,,,,,,,,,,,,,
CYBERPOWER Gamer Desktop,ASUS Desktop,,,,,,,,,,,,,,,,,,,,,,,,,,,,,,
Sonos,ASUS Desktop,,,,,,,,,,,,,,,,,,,,,,,,,,,,,,
Apple Wireless Keyboard,HP Monitor,JBL Splashproof Portable Bluetooth Speaker,,,,,,,,,,,,,,,,,,,,,,,,,,,,,
iMac,ASUS Monitor,Cyber Acoustics,Acer Desktop,,,,,,,,,,,,,,,,,,,,,,,,,,,,
iMac,,,,,,,,,,,,,,,,,,,,,,,,,,,,,,,
Acer Aspire,Dell 2 Desktop,Alienware Laptop,Lenovo Desktop Computer,,,,,,,,,,,,,,,,,,,,,,,,,,,,
ASUS Chromebook,Logitech MK270 Wireless Keyboard and Mouse Combo,5TB Desktop Hard Drive,ViewSonic Monitor,Computer Game,HP Laptop,iPhone Charger Cable,Koss Home Headphones,Panasonic In-Ear Headphone ,Logitech MK550 Wireless Wave Keyboard and Mouse Combo,Microsoft Office Home and Student 2016,CYBERPOWER Gamer Desktop,3-Button Mouse,Fire HD Tablet,Dell Laptop,HP Desktop,DYMO Label Manker  ,Microsoft Wireless Desktop Keyboard and Mouse,,,,,,,,,,,,,,
LG Monitor,Acer Aspire,Logitech MK270 Wireless Keyboard and Mouse Combo,ViewSonic Monitor,iMac,VGA Monitor Cable,Logitech Keyboard,,,,,,,,,,,,,,,,,,,,,,,,,
Logitech Desktop MK120 Mouse and keyboard Combo,Dell Desktop,Acer Desktop,ViewSonic Monitor,HP Laptop,ASUS 2 Monitor,Alienware Laptop,Lenovo Desktop Computer,ASUS 2 Monitor,Mackie CR Speakers,DOSS Touch Wireless Bluetooth,Belkin Mouse Pad,,,,,,,,,,,,,,,,,,,,
Belkin Mouse Pad,Backlit LED Gaming Keyboard,,,,,,,,,,,,,,,,,,,,,,,,,,,,,,
Alienware Laptop,Lenovo Desktop Computer,,,,,,,,,,,,,,,,,,,,,,,,,,,,,,
ASUS Chromebook,Dell Desktop,Computer Game,HP Laptop,iMac,ASUS Monitor,ASUS 2 Monitor,Alienware Laptop,Lenovo Desktop Computer,Microsoft Office Home and Student 2016,AOC Monitor,3-Button Mouse,Microsoft Wireless Desktop Keyboard and Mouse,,,,,,,,,,,,,,,,,,,
Apple MacBook Pro,,,,,,,,,,,,,,,,,,,,,,,,,,,,,,,
Acer Desktop,iMac,Microsoft Office Home and Student 2016,Apple MacBook Pro,ASUS Desktop,,,,,,,,,,,,,,,,,,,,,,,,,,,
iMac,Mackie CR Speakers,,,,,,,,,,,,,,,,,,,,,,,,,,,,,,
Dell Laptop,,,,,,,,,,,,,,,,,,,,,,,,,,,,,,,
Acer Monitor,HP Wireless Mouse,Alienware Laptop,Belkin Mouse Pad,ASUS Desktop,,,,,,,,,,,,,,,,,,,,,,,,,,,
iMac,AOC Monitor,,,,,,,,,,,,,,,,,,,,,,,,,,,,,,
Samsung Monitor,ViewSonic Monitor,Microsoft Office Home and Student 2016,Apple TV,,,,,,,,,,,,,,,,,,,,,,,,,,,,
Logitech MK270 Wireless Keyboard and Mouse Combo,3TB Portable External Hard Drive,Apple Earpods,Wireless Portable Mouse,,,,,,,,,,,,,,,,,,,,,,,,,,,,
Logitech 3-button Mouse,,,,,,,,,,,,,,,,,,,,,,,,,,,,,,,
ViewSonic Monitor,HP Laptop, Intel Desktop ,Cyber Acoustics,Etekcity Power Extension Cord Cable,Belkin Mouse Pad,Slim Wireless Mouse,Logitech Keyboard,,,,,,,,,,,,,,,,,,,,,,,,
Bose Companion Speakers,Apple MacBook Pro,,,,,,,,,,,,,,,,,,,,,,,,,,,,,,
Computer Game,,,,,,,,,,,,,,,,,,,,,,,,,,,,,,,
ASUS Chromebook,Apple MacBook Pro,Acer Desktop,Dell Laptop,Microsoft Wireless Desktop Keyboard and Mouse,,,,,,,,,,,,,,,,,,,,,,,,,,,
LG Monitor,iMac,CYBERPOWER Gamer Desktop,Apple MacBook Air,,,,,,,,,,,,,,,,,,,,,,,,,,,,
Apple MacBook Air,Dell Laptop,iPad,Microsoft Wireless Desktop Keyboard and Mouse,,,,,,,,,,,,,,,,,,,,,,,,,,,,
Lenovo Desktop Computer,Belkin Mouse Pad,,,,,,,,,,,,,,,,,,,,,,,,,,,,,,
Lenovo Desktop Computer,Apple Magic Keyboard,Rii LED Gaming Keyboard & Mouse Combo ,Belkin Mouse Pad,Dell Desktop,Smart Light Bulb,Redragon Gaming Mouse,Apple Earpods,HP Monitor,Dell Laptop,Brother Printer,iPad Pro ,Backlit LED Gaming Keyboard,,,,,,,,,,,,,,,,,,,
Acer Desktop,ASUS 2 Monitor,HP Wireless Printer,Lenovo Desktop Computer,Dell Laptop,HP Desktop,Backlit LED Gaming Keyboard,Microsoft Wireless Desktop Keyboard and Mouse,,,,,,,,,,,,,,,,,,,,,,,,
Otium Wireless Sports Bluetooth Headphone,HP Wireless Mouse,ViewSonic Monitor,iMac,Etekcity Power Extension Cord Cable,,,,,,,,,,,,,,,,,,,,,,,,,,,
Apple Wireless Keyboard,Acer Desktop,Apple MacBook Air,,,,,,,,,,,,,,,,,,,,,,,,,,,,,
Apple MacBook Pro,,,,,,,,,,,,,,,,,,,,,,,,,,,,,,,
Apple MacBook Air,iPhone Charger Cable,,,,,,,,,,,,,,,,,,,,,,,,,,,,,,
Samsung Monitor,iMac,Apple Magic Keyboard,Cyber Acoustics,APIE Bluetooth Headphone,HP Monitor,,,,,,,,,,,,,,,,,,,,,,,,,,
Microsoft Wireless Desktop Keyboard and Mouse,,,,,,,,,,,,,,,,,,,,,,,,,,,,,,,
LG Monitor,HP Black & Tri-color Ink ,HP Laptop,Lenovo Desktop Computer,Microsoft Office Home and Student 2016,HP Desktop,JBL Splashproof Portable Bluetooth Speaker,,,,,,,,,,,,,,,,,,,,,,,,,
Acer Monitor,HP Laptop,Google Home,Microsoft Headset,,,,,,,,,,,,,,,,,,,,,,,,,,,,
Sonos,,,,,,,,,,,,,,,,,,,,,,,,,,,,,,,
ViewSonic Monitor,HP Laptop,Apple Wired Keyboard,Belkin Mouse Pad,Apple MacBook Air,,,,,,,,,,,,,,,,,,,,,,,,,,,
Samsung Monitor,Dell Desktop,Logitech MK270 Wireless Keyboard and Mouse Combo,HP Laptop,Dell Wired Keyboard,Cambridge Bluetooth Speaker,Microsoft Office Home and Student 2016,AOC Monitor,Slim Wireless Mouse,Backlit LED Gaming Keyboard,,,,,,,,,,,,,,,,,,,,,,
Samsung Monitor,Acer Aspire,Acer Desktop,ViewSonic Monitor,HP Laptop,iMac,Lenovo Desktop Computer,Apple Magic Keyboard,Apple Wired Keyboard,Epson Printer,3-Button Mouse,Apple Wireless Keyboard,Apple Earpods,HP Monitor,Brother Printer,,,,,,,,,,,,,,,,,
ViewSonic Monitor,,,,,,,,,,,,,,,,,,,,,,,,,,,,,,,
Full Motion Monitor Mount,,,,,,,,,,,,,,,,,,,,,,,,,,,,,,,
Dell Desktop,iMac,AOC Monitor,Logitech 3-button Mouse,Acer Desktop,Apple MacBook Air,,,,,,,,,,,,,,,,,,,,,,,,,,
Logitech MK270 Wireless Keyboard and Mouse Combo,Lenovo Desktop Computer,Bose Companion Speakers,Koss Home Headphones,CYBERPOWER Gamer Desktop,HP Monitor,iPad,DYMO Label Manker  ,Backlit LED Gaming Keyboard,Microsoft Wireless Desktop Keyboard and Mouse,,,,,,,,,,,,,,,,,,,,,,
iMac,3-Button Mouse,,,,,,,,,,,,,,,,,,,,,,,,,,,,,,
Acer Monitor,iMac,Lenovo Desktop Computer,Microsoft Office Home and Student 2016,Logitech 3-button Mouse,Belkin Mouse Pad,HP Monitor,Apple MacBook Air,Microsoft Wireless Desktop Keyboard and Mouse,,,,,,,,,,,,,,,,,,,,,,,
HP Wireless Printer,Apple MacBook Pro,Apple Earpods,,,,,,,,,,,,,,,,,,,,,,,,,,,,,
Microsoft Wireless Desktop Keyboard and Mouse,,,,,,,,,,,,,,,,,,,,,,,,,,,,,,,
ASUS Monitor,CYBERPOWER Gamer Desktop,Lenovo Desktop Computer,,,,,,,,,,,,,,,,,,,,,,,,,,,,,
Acer Monitor,HDMI Cable 6ft,HP Wireless Mouse,iMac,ASUS Monitor,Dell Wired Keyboard,Epson Printer,AOC Monitor,3-Button Mouse,Apple Earpods,HP Monitor,Dell KM117 Wireless Keyboard & Mouse,Dell Laptop,Logitech Keyboard,,,,,,,,,,,,,,,,,,
LG Monitor,Sonos,Apple Earpods,Rii LED Keyboard,,,,,,,,,,,,,,,,,,,,,,,,,,,,
iMac,CYBERPOWER Gamer Desktop, ,3TB Portable External Hard Drive,Apple MacBook Air,,,,,,,,,,,,,,,,,,,,,,,,,,,
Logitech 3-button Mouse,,,,,,,,,,,,,,,,,,,,,,,,,,,,,,,
Ailihen Stereo Headphones,Apple MacBook Air,Dell KM117 Wireless Keyboard & Mouse,,,,,,,,,,,,,,,,,,,,,,,,,,,,,
Apple Earpods,Acer Desktop,,,,,,,,,,,,,,,,,,,,,,,,,,,,,,
iMac,Epson Printer,,,,,,,,,,,,,,,,,,,,,,,,,,,,,,
LG Monitor,Eluktronics Pro Gaming Laptop,Acer Desktop,Logitech MK270 Wireless Keyboard and Mouse Combo,ViewSonic Monitor,HP Laptop,iMac,Lenovo Desktop Computer, Intel Desktop ,Logitech Keyboard,Dell Desktop,XIBERIA Gaming Headset,Apple Earpods,HP Monitor,,,,,,,,,,,,,,,,,,
Apple Magic Keyboard,,,,,,,,,,,,,,,,,,,,,,,,,,,,,,,
Acer Monitor,Acer Desktop,ViewSonic Monitor,ASUS 2 Monitor,Lenovo Desktop Computer,Bose Companion Speakers,AOC Monitor,3-Button Mouse,Apple Wireless Keyboard,Wireless Portable Mouse,Apple TV,,,,,,,,,,,,,,,,,,,,,
Logitech MK270 Wireless Keyboard and Mouse Combo,HP Laptop,iMac,ASUS Monitor,Etekcity Power Extension Cord Cable,Backlit LED Gaming Keyboard,,,,,,,,,,,,,,,,,,,,,,,,,,
Samsung Monitor,Logitech MK270 Wireless Keyboard and Mouse Combo,ASUS Monitor,ASUS 2 Monitor,Lenovo Desktop Computer,Apple Magic Keyboard,Slim 2TB Portable External Hard Drive,Bose Companion Speakers,Panasonic In-Ear Headphone ,Dell Wired Keyboard,CYBERPOWER Gamer Desktop,3-Button Mouse,Dell Laptop,,,,,,,,,,,,,,,,,,,
Acer Aspire,AOC Monitor,iPhone Charger Cable,HP Desktop,Microsoft Wireless Desktop Keyboard and Mouse,,,,,,,,,,,,,,,,,,,,,,,,,,,
HDMI Cable 6ft,ASUS Monitor,Lenovo Desktop Computer,Logitech MK550 Wireless Wave Keyboard and Mouse Combo,Sonos,Microsoft Office Home and Student 2016,Acer Desktop,HP Monitor,,,,,,,,,,,,,,,,,,,,,,,,
Microsoft Headset,,,,,,,,,,,,,,,,,,,,,,,,,,,,,,,
ASUS Chromebook,,,,,,,,,,,,,,,,,,,,,,,,,,,,,,,
ASUS Chromebook,Dell Desktop,Acer Desktop,Logitech MK270 Wireless Keyboard and Mouse Combo,ViewSonic Monitor,Dell Wired Keyboard,CYBERPOWER Gamer Desktop,AOC Monitor,3-Button Mouse,Cyber Acoustics,ViewSonic Monitor,Redragon Gaming Mouse,Apple Earpods,Acer Desktop,,,,,,,,,,,,,,,,,,
HP Laptop,iMac,Lenovo Desktop Computer,Google Home,Generic Black 3-Button,Apple MacBook Air,ASUS Desktop,,,,,,,,,,,,,,,,,,,,,,,,,
Acer Monitor,Samsung Monitor,HDMI Cable 6ft,HP Laptop,Microsoft Office Home and Student 2016,CYBERPOWER Gamer Desktop,3-Button Mouse,ASUS Desktop,HP Desktop,Logitech ClearChat Headset,,,,,,,,,,,,,,,,,,,,,,
Halter Acrylic Monitor Stand,,,,,,,,,,,,,,,,,,,,,,,,,,,,,,,
Samsung Monitor,HP Laptop,iMac,Panasonic In-Ear Headphone ,AOC Monitor,Smart Light Bulb,Microsoft Basic Optical Mouse,Philips Flexible Earhook Headphone,,,,,,,,,,,,,,,,,,,,,,,,
Apple MacBook Pro,Apple Earpods,HP Monitor,ASUS Desktop,Microsoft Headset,iPad,,,,,,,,,,,,,,,,,,,,,,,,,,
Google Home,,,,,,,,,,,,,,,,,,,,,,,,,,,,,,,
Apple MacBook Pro,Apple Earpods,,,,,,,,,,,,,,,,,,,,,,,,,,,,,,
Apple MacBook Pro,Apple Earpods,Microsoft Headset,,,,,,,,,,,,,,,,,,,,,,,,,,,,,
HP Wireless Mouse,ASUS Chromebook,iMac,ASUS 2 Monitor,Logitech 3-button Mouse,3-Button Mouse,Samsung Charging Cable,Microsoft Basic Optical Mouse,Apple MacBook Pro,Apple Earpods,Slim Wireless Mouse,Wireless Portable Mouse,HP Desktop,iPad Pro ,Roku Express,,,,,,,,,,,,,,,,,
Acer Monitor,Dell Desktop,HP Wireless Printer,3-Button Mouse,Rii LED Gaming Keyboard & Mouse Combo ,Belkin Mouse Pad,Dell Desktop,Microsoft Office Home and Student 2016,Samsung Charging Cable,Philips Flexible Earhook Headphone,Canon Office Printer,,,,,,,,,,,,,,,,,,,,,
HP Wireless Mouse,Acer Aspire,ViewSonic Monitor,HP Laptop,iMac,Lenovo Desktop Computer,Logitech MK550 Wireless Wave Keyboard and Mouse Combo,Dell Wired Keyboard,Height-Adjustable Standing Desk,Epson Printer,3-Button Mouse, ,Mackie CR Speakers,Belkin Mouse Pad,Dell Desktop,Microsoft Basic Optical Mouse,Apple MacBook Pro,HP Monitor,iPad,Canon Office Printer,iPad Pro ,,,,,,,,,,,
HP Wireless Mouse,Dell Desktop,iMac,Epson Black Ink,Koss Home Headphones,Dell Wired Keyboard,Microsoft Office Home and Student 2016,AOC Monitor,3-Button Mouse,Brother Printer Toner,Apple Earpods,ASUS Desktop,Wireless Portable Mouse,Dell Laptop,iPad Pro ,JBL Splashproof Portable Bluetooth Speaker,Multi Media Stand,Microsoft Wireless Desktop Keyboard and Mouse,,,,,,,,,,,,,,
ASUS Monitor,CYBERPOWER Gamer Desktop,3-Button Mouse,Apple MacBook Pro,Apple MacBook Air,Wireless Portable Mouse,,,,,,,,,,,,,,,,,,,,,,,,,,
Acer Aspire,ViewSonic Monitor,HP Wireless Printer,Lenovo Desktop Computer,Bose Companion Speakers,Logitech 3-button Mouse,,,,,,,,,,,,,,,,,,,,,,,,,,
Apple Magic Keyboard,Slim 2TB Portable External Hard Drive,Large Mouse Pad,,,,,,,,,,,,,,,,,,,,,,,,,,,,,
Acer Monitor,Logitech Desktop MK120 Mouse and keyboard Combo,Acer Aspire,,,,,,,,,,,,,,,,,,,,,,,,,,,,,
ASUS Chromebook,Acer Aspire,HP Laptop,iMac,Microsoft Office Home and Student 2016,CYBERPOWER Gamer Desktop,Logitech 3-button Mouse,Apple Wireless Keyboard,Apple Earpods,Slim Wireless Mouse,Microsoft Wireless Desktop Keyboard and Mouse,,,,,,,,,,,,,,,,,,,,,
HP Wireless Mouse,HP Laptop,LG Touchscreen Laptop,Dell Laptop,,,,,,,,,,,,,,,,,,,,,,,,,,,,
Samsung Monitor,Kensington Headphones ,Dell Desktop,Acer Desktop,HP Laptop,ASUS Monitor,ASUS 2 Monitor,HP Wireless Printer,Alienware Laptop,Lenovo Desktop Computer,Apple Magic Keyboard,Koss Home Headphones,Epson Printer,CYBERPOWER Gamer Desktop,AOC Monitor,Logitech 3-button Mouse,3-Button Mouse,Cyber Acoustics,Computer Game,HP Monitor,Slim Wireless Mouse,Wireless Portable Mouse,Rii LED Keyboard,Dell Laptop,Microsoft Wireless Desktop Keyboard and Mouse,,,,,,,
Acer Aspire,iMac,ASUS Monitor,HP Wireless Printer,Bose Companion Speakers,Halter Mesh Metal Monitor Stand,Microsoft Wireless Desktop Keyboard and Mouse,,,,,,,,,,,,,,,,,,,,,,,,,
Sonos,Apple Wireless Keyboard,Wireless Portable Mouse,,,,,,,,,,,,,,,,,,,,,,,,,,,,,
Dell Laptop,,,,,,,,,,,,,,,,,,,,,,,,,,,,,,,
Acer Monitor,HP Black & Tri-color Ink ,Lenovo Desktop Computer,Bose Companion Speakers,Height-Adjustable Standing Desk,Epson Printer,Belkin Mouse Pad,Apple MacBook Pro,Apple Earpods,Slim Wireless Mouse,PC Gaming Headset,Zombie Gaming Headset,Logitech Keyboard,,,,,,,,,,,,,,,,,,,
LG Monitor,,,,,,,,,,,,,,,,,,,,,,,,,,,,,,,
Bose Companion Speakers,DOSS Touch Wireless Bluetooth,Wireless Portable Mouse,Dell Laptop,,,,,,,,,,,,,,,,,,,,,,,,,,,,
Bose Companion Speakers,Microsoft Office Home and Student 2016,Logitech 3-button Mouse,Apple Wireless Keyboard,Apple Earpods,Apple MacBook Air,Large Mouse Pad,Backlit LED Gaming Keyboard,,,,,,,,,,,,,,,,,,,,,,,,
Canon Ink ,,,,,,,,,,,,,,,,,,,,,,,,,,,,,,,
Acer Aspire,ASUS Monitor,Bose Companion Speakers,Belkin Mouse Pad,Apple MacBook Air,,,,,,,,,,,,,,,,,,,,,,,,,,,
Samsung Monitor,Eluktronics Pro Gaming Laptop,Dell Desktop,Computer Game,HP Laptop,ASUS Monitor,Lenovo Desktop Computer,AOC Monitor,Logitech 3-button Mouse,Belkin Mouse Pad,Redragon Gaming Mouse,,,,,,,,,,,,,,,,,,,,,
Acer Monitor,ViewSonic Monitor,HP Laptop,Microsoft Office Home and Student 2016,CYBERPOWER Gamer Desktop,3-Button Mouse,Computer Game,Logitech MK360 Wireless Keyboard and Mouse Combo,Apple MacBook Pro,,,,,,,,,,,,,,,,,,,,,,,
Acer Aspire,Lenovo Desktop Computer,Bose Companion Speakers, Intel Desktop ,Apple TV,Epson Black Ink,Microsoft Wireless Desktop Keyboard and Mouse,,,,,,,,,,,,,,,,,,,,,,,,,
HDMI Cable 6ft,iMac,Dell Wired Keyboard,AOC Monitor,Brother Printer Toner,Apple MacBook Pro,Apple Earpods,HP Monitor,Microsoft Wireless Comfort Keyboard and Mouse,Microsoft Headset,Microsoft Wireless Desktop Keyboard and Mouse,,,,,,,,,,,,,,,,,,,,,
HDMI Cable 6ft,HP Wireless Mouse,Acer Aspire,Acer Desktop,HP Black & Tri-color Ink ,HP Laptop,ASUS Monitor,iPad Pro ,,,,,,,,,,,,,,,,,,,,,,,,
Apple MacBook Pro,Apple MacBook Air,,,,,,,,,,,,,,,,,,,,,,,,,,,,,,
Microsoft Wireless Comfort Keyboard and Mouse,iPad,,,,,,,,,,,,,,,,,,,,,,,,,,,,,,
Dell Desktop,Acer Desktop,HP Laptop, Intel Desktop ,Apple Earpods,Apple MacBook Air,,,,,,,,,,,,,,,,,,,,,,,,,,
Acer Monitor,Samsung Monitor,Bose Companion Speakers,Cambridge Bluetooth Speaker,Logitech Keyboard,Microsoft Office Home and Student 2016,CYBERPOWER Gamer Desktop,3-Button Mouse,Fire HD Tablet,Apple Wireless Keyboard,,,,,,,,,,,,,,,,,,,,,,
Eluktronics Pro Gaming Laptop,Acer Aspire,Logitech Wireless Mouse,CYBERPOWER Gamer Desktop,DOSS Touch Wireless Bluetooth,Logitech Wireless Keyboard,Dell Laptop,,,,,,,,,,,,,,,,,,,,,,,,,
Apple Earpods,iPad,,,,,,,,,,,,,,,,,,,,,,,,,,,,,,
Samsung Monitor,ViewSonic Monitor,CYBERPOWER Gamer Desktop,Apple MacBook Pro,LG Touchscreen Laptop,Halter Mesh Metal Monitor Stand,,,,,,,,,,,,,,,,,,,,,,,,,,
Lenovo Desktop Computer,Panasonic In-Ear Headphone ,Epson Printer,Cambridge Bluetooth Speaker,Microsoft Basic Optical Mouse,Apple Wireless Keyboard,Apple Wireless Keyboard,,,,,,,,,,,,,,,,,,,,,,,,,
Otium Wireless Sports Bluetooth Headphone,HP Laptop,iMac,Lenovo Desktop Computer,Koss Home Headphones,Panasonic In-Ear Headphone ,Microsoft Office Home and Student 2016,Belkin Mouse Pad,Redragon Gaming Mouse,APIE Bluetooth Headphone,Apple Wireless Keyboard,Apple MacBook Air,Dell KM117 Wireless Keyboard & Mouse,Apple TV,iPad Pro ,Multi Media Stand,,,,,,,,,,,,,,,,
Dell KM117 Wireless Keyboard & Mouse,,,,,,,,,,,,,,,,,,,,,,,,,,,,,,,
Bose Companion Speakers,Apple Wireless Keyboard,,,,,,,,,,,,,,,,,,,,,,,,,,,,,,
Logitech 3-button Mouse,,,,,,,,,,,,,,,,,,,,,,,,,,,,,,,
Brother Printer Toner,,,,,,,,,,,,,,,,,,,,,,,,,,,,,,,
iMac,Apple Earpods,Acer Desktop,Microsoft Wireless Desktop Keyboard and Mouse,,,,,,,,,,,,,,,,,,,,,,,,,,,,
Redragon Gaming Mouse,Apple TV,Microsoft Wireless Desktop Keyboard and Mouse,,,,,,,,,,,,,,,,,,,,,,,,,,,,,
Acer Aspire,Dell Desktop,Acer Desktop,Logitech MK270 Wireless Keyboard and Mouse Combo,ViewSonic Monitor,HP Laptop,iMac,ASUS 2 Monitor,HP Wireless Printer,Apple Magic Keyboard,Bose Companion Speakers,Epson Printer,Cambridge Bluetooth Speaker,Apple MacBook Pro,HP Monitor,Dell Laptop,iPad Pro ,,,,,,,,,,,,,,,
Acer Aspire,HP Laptop,ASUS Monitor,Apple Earpods,Apple MacBook Air,Apple MacBook Air,Wireless Portable Mouse,Dell Laptop,PC Gaming Headset,,,,,,,,,,,,,,,,,,,,,,,
Otium Wireless Sports Bluetooth Headphone,HP Laptop,Logitech Wireless Mouse, Intel Desktop ,Belkin Mouse Pad,Apple MacBook Pro,Slim Wireless Mouse,,,,,,,,,,,,,,,,,,,,,,,,,
CYBERPOWER Gamer Desktop,,,,,,,,,,,,,,,,,,,,,,,,,,,,,,,
ViewSonic Monitor,Apple Magic Keyboard,Lenovo Desktop Computer,HP Monitor,Slim Wireless Mouse,,,,,,,,,,,,,,,,,,,,,,,,,,,
Dell Desktop,HP Laptop,iMac,ASUS 2 Monitor,Apple Magic Keyboard,Apple MacBook Air,,,,,,,,,,,,,,,,,,,,,,,,,,
Logitech 3-button Mouse,Etekcity Power Extension Cord Cable,Dell Desktop,Apple Earpods,Apple MacBook Air,,,,,,,,,,,,,,,,,,,,,,,,,,,
Microsoft Wireless Desktop Keyboard and Mouse,,,,,,,,,,,,,,,,,,,,,,,,,,,,,,,
Logitech MK270 Wireless Keyboard and Mouse Combo,Logitech 3-button Mouse,Apple MacBook Air,LG Touchscreen Laptop,,,,,,,,,,,,,,,,,,,,,,,,,,,,
HDMI Cable 6ft,Dell Desktop, Intel Desktop ,Dell Wired Keyboard,AOC Monitor,iPad,,,,,,,,,,,,,,,,,,,,,,,,,,
ViewSonic Monitor,Canon Office Printer,,,,,,,,,,,,,,,,,,,,,,,,,,,,,,
Sonos,Acer Desktop,Apple MacBook Air,iPad Pro ,Microsoft Wireless Desktop Keyboard and Mouse,,,,,,,,,,,,,,,,,,,,,,,,,,,
Dell Desktop,HP Laptop,Apple MacBook Pro,Apple MacBook Air,iPad Pro ,,,,,,,,,,,,,,,,,,,,,,,,,,,
Kensington Headphones ,HP Laptop,Apple Earpods,HP Monitor,,,,,,,,,,,,,,,,,,,,,,,,,,,,
HP Wireless Printer,,,,,,,,,,,,,,,,,,,,,,,,,,,,,,,
EagleTec Wireless Combo Keyboard and Mouse,,,,,,,,,,,,,,,,,,,,,,,,,,,,,,,
HP Laptop,Lenovo Desktop Computer,Etekcity Power Extension Cord Cable,DYMO Label Manker  ,,,,,,,,,,,,,,,,,,,,,,,,,,,,
Acer Desktop,,,,,,,,,,,,,,,,,,,,,,,,,,,,,,,
HP Laptop,Monster Beats By Dr Dre,,,,,,,,,,,,,,,,,,,,,,,,,,,,,,
Acer Desktop,,,,,,,,,,,,,,,,,,,,,,,,,,,,,,,
HP Wireless Printer,Lenovo Desktop Computer,Bose Companion Speakers,Apple Earpods,Apple MacBook Air,Roku Express,,,,,,,,,,,,,,,,,,,,,,,,,,
Acer Monitor,Dell Desktop, Intel Desktop ,CYBERPOWER Gamer Desktop,HP Monitor,Multi Media Stand,Backlit LED Gaming Keyboard,,,,,,,,,,,,,,,,,,,,,,,,,
Samsung Monitor,Acer Aspire,Acer Desktop,Lenovo Desktop Computer,Slim 2TB Portable External Hard Drive,Panasonic In-Ear Headphone ,Dell Desktop,Apple MacBook Pro,Apple Earpods,Rii LED Keyboard,,,,,,,,,,,,,,,,,,,,,,
Otium Wireless Sports Bluetooth Headphone,Acer Aspire,ViewSonic Monitor,HP Laptop,Apple Magic Keyboard,Brother Printer Toner,Slim Wireless Mouse,,,,,,,,,,,,,,,,,,,,,,,,,
Samsung Monitor,Lenovo Desktop Computer,3-Button Mouse,Belkin Mouse Pad,Apple Earpods,Apple MacBook Air,Halter Mesh Metal Monitor Stand,,,,,,,,,,,,,,,,,,,,,,,,,
Computer Game,,,,,,,,,,,,,,,,,,,,,,,,,,,,,,,
ASUS Chromebook,Acer Aspire,Computer Game,HP Black & Tri-color Ink ,HP Laptop,iMac,Lenovo Desktop Computer,Apple Magic Keyboard,Google Home,Logitech 3-button Mouse,Full Motion Monitor Mount,Apple MacBook Pro,Apple TV,Gaming Mouse Professional,Brother Printer,,,,,,,,,,,,,,,,,
Acer Desktop,HP Laptop,ASUS Monitor,Lenovo Desktop Computer,Apple Magic Keyboard,Logitech 3-button Mouse,3-Button Mouse,HP Monitor,Zombie Gaming Headset,,,,,,,,,,,,,,,,,,,,,,,
HDMI Cable 6ft,Eluktronics Pro Gaming Laptop,Computer Game,HP Laptop,Dell Wired Keyboard,Epson Printer,Microsoft Office Home and Student 2016,CYBERPOWER Gamer Desktop,AOC Monitor,Canon Ink ,Microsoft Wireless Desktop Keyboard and Mouse,,,,,,,,,,,,,,,,,,,,,
Lenovo Desktop Computer,Backlit LED Gaming Keyboard,,,,,,,,,,,,,,,,,,,,,,,,,,,,,,
Acer Aspire,Logitech MK270 Wireless Keyboard and Mouse Combo,ASUS 2 Monitor,Apple MacBook Pro,Wireless Portable Mouse,,,,,,,,,,,,,,,,,,,,,,,,,,,
HP Laptop,Dell Desktop,,,,,,,,,,,,,,,,,,,,,,,,,,,,,,
LG Monitor,Cambridge Bluetooth Speaker,Ailihen Stereo Headphones,Microsoft Wireless Desktop Keyboard and Mouse,,,,,,,,,,,,,,,,,,,,,,,,,,,,
1TB Portable External Hard Drive,,,,,,,,,,,,,,,,,,,,,,,,,,,,,,,
HDMI Cable 6ft,Logitech MK270 Wireless Keyboard and Mouse Combo,Apple Wired Keyboard,Sonos,Dell Monitor,AOC Monitor,Etekcity Power Extension Cord Cable,Panasonic On-Ear Stereo Headphones,,,,,,,,,,,,,,,,,,,,,,,,
Logitech MK270 Wireless Keyboard and Mouse Combo,Google Home,Cyber Acoustics,Apple Wireless Keyboard,Apple MacBook Pro,Apple Earpods,Apple MacBook Air,Kindle ,LG Touchscreen Laptop,,,,,,,,,,,,,,,,,,,,,,,
3-Button Mouse,,,,,,,,,,,,,,,,,,,,,,,,,,,,,,,
Acer Aspire,Apple MacBook Pro,Dell KM117 Wireless Keyboard & Mouse,Rokono Mini Speaker,,,,,,,,,,,,,,,,,,,,,,,,,,,,
Rokono Mini Speaker,,,,,,,,,,,,,,,,,,,,,,,,,,,,,,,
HP Wireless Printer,AOC Monitor,,,,,,,,,,,,,,,,,,,,,,,,,,,,,,
Acer Aspire,Dell Desktop,Acer Desktop,ASUS Desktop,,,,,,,,,,,,,,,,,,,,,,,,,,,,
Apple Earpods,,,,,,,,,,,,,,,,,,,,,,,,,,,,,,,
Microsoft Headset,,,,,,,,,,,,,,,,,,,,,,,,,,,,,,,
ViewSonic Monitor,Panasonic In-Ear Headphone ,Apple Earpods,Apple MacBook Air,,,,,,,,,,,,,,,,,,,,,,,,,,,,
LG Monitor,HP Laptop,,,,,,,,,,,,,,,,,,,,,,,,,,,,,,
Logitech Desktop MK120 Mouse and keyboard Combo,iMac,Bose Companion Speakers,HP Monitor,,,,,,,,,,,,,,,,,,,,,,,,,,,,
Dell Desktop,HP Laptop,Apple Earpods,iPad,Microsoft Wireless Desktop Keyboard and Mouse,,,,,,,,,,,,,,,,,,,,,,,,,,,
Samsung Monitor,HP Laptop,Cyber Acoustics,Etekcity Power Extension Cord Cable,Belkin Mouse Pad,Apple Wireless Keyboard,Zombie Gaming Headset,Apple MacBook Air,iPad Pro ,Roku Express,Microsoft Wireless Desktop Keyboard and Mouse,,,,,,,,,,,,,,,,,,,,,
Samsung Monitor,Otium Wireless Sports Bluetooth Headphone,HP Laptop,Logitech 3-button Mouse,Halter Acrylic Monitor Stand,Apple MacBook Pro,Apple MacBook Air,Large Mouse Pad,Microsoft Wireless Desktop Keyboard and Mouse,,,,,,,,,,,,,,,,,,,,,,,
LG Monitor,Dell Desktop,HP Laptop,HP Wireless Printer,Lenovo Desktop Computer, ,Rii LED Gaming Keyboard & Mouse Combo ,Mackie CR Speakers,Apple Wireless Keyboard,Apple MacBook Pro,Apple Earpods,HP Monitor,Apple MacBook Air,Slim Wireless Mouse,,,,,,,,,,,,,,,,,,
Samsung Monitor,Acer Aspire,Acer Desktop,Height-Adjustable Standing Desk,Logitech 3-button Mouse,Microsoft Wireless Desktop Keyboard and Mouse,,,,,,,,,,,,,,,,,,,,,,,,,,
Logitech MK270 Wireless Keyboard and Mouse Combo,Dell Laptop,Roku Express,,,,,,,,,,,,,,,,,,,,,,,,,,,,,
Logitech MK270 Wireless Keyboard and Mouse Combo,3-Button Mouse,Slim Wireless Mouse,Roku Express,Microsoft Wireless Desktop Keyboard and Mouse,,,,,,,,,,,,,,,,,,,,,,,,,,,
HP Laptop,Lenovo Desktop Computer,Dell Wired Keyboard,iPhone Charger Cable,Apple MacBook Pro,Samsung Galaxy Tablet,,,,,,,,,,,,,,,,,,,,,,,,,,
Logitech Keyboard,,,,,,,,,,,,,,,,,,,,,,,,,,,,,,,
Apple MacBook Pro,Logitech Keyboard,,,,,,,,,,,,,,,,,,,,,,,,,,,,,,
Computer Game,Brother Printer,Logitech Keyboard,,,,,,,,,,,,,,,,,,,,,,,,,,,,,
Bose Companion Speakers,Apple Earpods,Apple TV,iPad Pro ,,,,,,,,,,,,,,,,,,,,,,,,,,,,
Apple MacBook Pro,Apple Earpods,Microsoft Headset,Dell Laptop,iPad,,,,,,,,,,,,,,,,,,,,,,,,,,,
CYBERPOWER Gamer Desktop,Halter Acrylic Monitor Stand,Apple MacBook Air,,,,,,,,,,,,,,,,,,,,,,,,,,,,,
Dell Laptop,,,,,,,,,,,,,,,,,,,,,,,,,,,,,,,
ASUS Chromebook,HP Laptop,Alienware Laptop,Lenovo Desktop Computer,Apple Magic Keyboard, Intel Desktop ,AOC Monitor,HP Monitor,Apple MacBook Air,Dell Laptop,,,,,,,,,,,,,,,,,,,,,,
Dell Desktop,Cyber Acoustics,Apple MacBook Pro,,,,,,,,,,,,,,,,,,,,,,,,,,,,,
ASUS Chromebook,ViewSonic Monitor,HP Laptop,ASUS Monitor,Lenovo Desktop Computer,CYBERPOWER Gamer Desktop,Rii LED Gaming Keyboard & Mouse Combo ,,,,,,,,,,,,,,,,,,,,,,,,,
CYBERPOWER Gamer Desktop,LG Touchscreen Laptop,,,,,,,,,,,,,,,,,,,,,,,,,,,,,,
Dell 2 Desktop,ViewSonic Monitor,Apple Magic Keyboard, ,Apple MacBook Air,,,,,,,,,,,,,,,,,,,,,,,,,,,
Samsung Monitor,Eluktronics Pro Gaming Laptop,iMac,CYBERPOWER Gamer Desktop,Etekcity Power Extension Cord Cable,Microsoft Basic Optical Mouse,USB Cable,Brother Printer,,,,,,,,,,,,,,,,,,,,,,,,
HP Wireless Mouse,LG Monitor,ASUS Chromebook,iMac,ASUS 2 Monitor,Apple Magic Keyboard,,,,,,,,,,,,,,,,,,,,,,,,,,
Samsung Monitor,Acer Aspire,iMac, Intel Desktop ,Dell Wired Keyboard,Epson Printer,CYBERPOWER Gamer Desktop,3-Button Mouse,HP Monitor,Microsoft Headset,,,,,,,,,,,,,,,,,,,,,,
Microsoft Wireless Desktop Keyboard and Mouse,,,,,,,,,,,,,,,,,,,,,,,,,,,,,,,
Apple MacBook Air,,,,,,,,,,,,,,,,,,,,,,,,,,,,,,,
Apple Earpods,Apple MacBook Air,,,,,,,,,,,,,,,,,,,,,,,,,,,,,,
Lenovo Desktop Computer,Bose Companion Speakers,CYBERPOWER Gamer Desktop,,,,,,,,,,,,,,,,,,,,,,,,,,,,,
CYBERPOWER Gamer Desktop,Dell KM117 Wireless Keyboard & Mouse,Backlit LED Gaming Keyboard,,,,,,,,,,,,,,,,,,,,,,,,,,,,,
CYBERPOWER Gamer Desktop,Apple Wireless Keyboard,,,,,,,,,,,,,,,,,,,,,,,,,,,,,,
iMac,Logitech 3-button Mouse,,,,,,,,,,,,,,,,,,,,,,,,,,,,,,
Acer Aspire,ViewSonic Monitor,HP Laptop,iMac,ASUS 2 Monitor,Lenovo Desktop Computer,Apple Magic Keyboard,Logitech MK550 Wireless Wave Keyboard and Mouse Combo, Intel Desktop ,Microsoft Office Home and Student 2016,Rii LED Gaming Keyboard & Mouse Combo ,Mackie CR Speakers,Etekcity Power Extension Cord Cable,Belkin Mouse Pad,Dell Desktop,,,,,,,,,,,,,,,,,
Acer Aspire,Dell Desktop,Logitech MK270 Wireless Keyboard and Mouse Combo,iMac,Logitech 3-button Mouse,3-Button Mouse,,,,,,,,,,,,,,,,,,,,,,,,,,
Logitech 3-button Mouse,Dell Laptop,,,,,,,,,,,,,,,,,,,,,,,,,,,,,,
Dell Desktop,HP Laptop,Apple Magic Keyboard,Bose Companion Speakers,Epson Printer,Etekcity Power Extension Cord Cable,Belkin Mouse Pad,HP Monitor,Multi Media Stand,,,,,,,,,,,,,,,,,,,,,,,
Acer Monitor,Dell Desktop,ASUS Monitor,Apple Magic Keyboard,Epson Printer,CYBERPOWER Gamer Desktop,Dell Desktop,Smart Light Bulb,Apple MacBook Pro,Acer Desktop,ASUS Desktop,Backlit LED Gaming Keyboard,,,,,,,,,,,,,,,,,,,,
Apple Wireless Keyboard,,,,,,,,,,,,,,,,,,,,,,,,,,,,,,,
HDMI Cable 6ft,CYBERPOWER Gamer Desktop,Apple MacBook Air,Microsoft Headset,,,,,,,,,,,,,,,,,,,,,,,,,,,,
HP Laptop,ASUS 2 Monitor,Lenovo Desktop Computer,Microsoft Basic Optical Mouse,Apple MacBook Pro,,,,,,,,,,,,,,,,,,,,,,,,,,,
Samsung Monitor,iMac,ASUS 2 Monitor,Alienware Laptop,Apple Magic Keyboard,,,,,,,,,,,,,,,,,,,,,,,,,,,
LG Monitor,iMac,Belkin Mouse Pad,Apple Earpods,Apple MacBook Air,Backlit LED Gaming Keyboard,,,,,,,,,,,,,,,,,,,,,,,,,,
Acer Aspire,Lenovo Desktop Computer,Apple Magic Keyboard,Apple Earpods,Canon Ink ,,,,,,,,,,,,,,,,,,,,,,,,,,,
Dell Desktop,iMac,Microsoft Office Home and Student 2016,3-Button Mouse,Brother Printer,,,,,,,,,,,,,,,,,,,,,,,,,,,
HP Laptop,Lenovo Desktop Computer, Intel Desktop ,,,,,,,,,,,,,,,,,,,,,,,,,,,,,
LG Monitor,iMac,Dell Desktop,Apple Earpods,ASUS Desktop,Dell Laptop,,,,,,,,,,,,,,,,,,,,,,,,,,
HP Wireless Mouse,LG Monitor,Acer Desktop,HP Laptop,iMac,Samsung Charging Cable,Ailihen Stereo Headphones,CYBERPOWER Gamer Desktop,Belkin Mouse Pad,Smart Light Bulb,Apple Earpods,Apple MacBook Air,LG Touchscreen Laptop,Wireless Portable Mouse,Dell Laptop,iPad,,,,,,,,,,,,,,,,
ViewSonic Monitor,iMac,Lenovo Desktop Computer,CYBERPOWER Gamer Desktop,Logitech Keyboard,,,,,,,,,,,,,,,,,,,,,,,,,,,
Acer Aspire,Rii LED Keyboard,Computer Game,Microsoft Wireless Desktop Keyboard and Mouse,,,,,,,,,,,,,,,,,,,,,,,,,,,,
HP Monitor,,,,,,,,,,,,,,,,,,,,,,,,,,,,,,,
ASUS Chromebook,Dell Desktop,iMac,Sonos,Redragon Gaming Mouse,,,,,,,,,,,,,,,,,,,,,,,,,,,
Acer Monitor,Samsung Monitor,Monster Beats By Dr Dre,HDMI Cable 6ft,HP Wireless Mouse,ASUS Chromebook,Acer Aspire,Dell Desktop,ViewSonic Monitor,HP Laptop,iMac,ASUS Monitor,ASUS 2 Monitor,Lenovo Desktop Computer,Apple Magic Keyboard,Slim 2TB Portable External Hard Drive,Koss Home Headphones,Logitech MK550 Wireless Wave Keyboard and Mouse Combo, Intel Desktop ,Height-Adjustable Standing Desk,Microsoft Office Home and Student 2016,CYBERPOWER Gamer Desktop, ,Rii LED Gaming Keyboard & Mouse Combo ,Cyber Acoustics,Belkin Mouse Pad,Audio Cable,Dell Desktop,Computer Game,Canon Office Printer,Brother Printer,Sceptre Monitor
Acer Monitor,Acer Desktop,HP Laptop,Lenovo Desktop Computer,Apple Wired Keyboard,CYBERPOWER Gamer Desktop,AOC Monitor,3-Button Mouse,Apple Wireless Keyboard,Apple Earpods,Wireless Portable Mouse,Brother Printer,,,,,,,,,,,,,,,,,,,,
ASUS Chromebook,Eluktronics Pro Gaming Laptop,HP Laptop,CYBERPOWER Gamer Desktop,Logitech 3-button Mouse,Apple MacBook Pro,Apple Earpods,Apple MacBook Air,Apple MacBook Air,,,,,,,,,,,,,,,,,,,,,,,
HDMI Cable 6ft,LG Monitor,Eluktronics Pro Gaming Laptop,Acer Desktop,HP Laptop,iMac,ASUS Monitor,ASUS 2 Monitor,HP Wireless Printer,Alienware Laptop,Apple Magic Keyboard,Microsoft Office Home and Student 2016,Logitech 3-button Mouse, ,Brother Printer,,,,,,,,,,,,,,,,,
Microsoft Wireless Desktop Keyboard and Mouse,,,,,,,,,,,,,,,,,,,,,,,,,,,,,,,
LG Monitor,ViewSonic Monitor,HP Laptop,Audio Cable,Dell Desktop,Smart Light Bulb,Redragon Gaming Mouse,Slim Wireless Mouse,Wireless Portable Mouse,Microsoft Wireless Desktop Keyboard and Mouse,,,,,,,,,,,,,,,,,,,,,,
Epson Black Ink,Apple MacBook Pro,Acer Desktop,Apple MacBook Air,1TB Portable External Hard Drive,,,,,,,,,,,,,,,,,,,,,,,,,,,
HP Wireless Mouse,Apple MacBook Air,Dell KM117 Wireless Keyboard & Mouse,Backlit LED Gaming Keyboard,,,,,,,,,,,,,,,,,,,,,,,,,,,,
Samsung Monitor,Otium Wireless Sports Bluetooth Headphone,ASUS Monitor,Microsoft Office Home and Student 2016,Redragon Gaming Mouse,,,,,,,,,,,,,,,,,,,,,,,,,,,
Apple MacBook Air,Logitech Keyboard,,,,,,,,,,,,,,,,,,,,,,,,,,,,,,
HP Wireless Mouse,LG Monitor,Logitech MK270 Wireless Keyboard and Mouse Combo,HP Laptop,Microsoft Office Home and Student 2016,CYBERPOWER Gamer Desktop,3-Button Mouse,Apple Earpods,HP Desktop,,,,,,,,,,,,,,,,,,,,,,,
Kensington Headphones ,HP Laptop,iMac,Apple Magic Keyboard,Belkin Mouse Pad,Generic Black 3-Button,Apple Earpods,Slim Wireless Mouse,,,,,,,,,,,,,,,,,,,,,,,,
LG Monitor,ASUS Chromebook,Acer Aspire,Dell 2 Desktop,ViewSonic Monitor,HP Laptop,iMac,Lenovo Desktop Computer, Intel Desktop ,DOSS Touch Wireless Bluetooth,Etekcity Power Extension Cord Cable,Redragon Gaming Mouse,Dell Laptop,Zombie Gaming Headset,Apple TV,Gaming Mouse Professional,Apple TV,Brother Printer,Microsoft Wireless Desktop Keyboard and Mouse,,,,,,,,,,,,,
ViewSonic Monitor,iMac,Lenovo Desktop Computer,Dell Monitor,,,,,,,,,,,,,,,,,,,,,,,,,,,,
Microsoft Office Home and Student 2016,PC Gaming Headset,Microsoft Wireless Desktop Keyboard and Mouse,,,,,,,,,,,,,,,,,,,,,,,,,,,,,
Microsoft Office Home and Student 2016,HP Desktop,PC Gaming Headset,Microsoft Wireless Desktop Keyboard and Mouse,,,,,,,,,,,,,,,,,,,,,,,,,,,,
Apple MacBook Pro,Apple Earpods,,,,,,,,,,,,,,,,,,,,,,,,,,,,,,
DYMO Labeling Tape ,,,,,,,,,,,,,,,,,,,,,,,,,,,,,,,
HP Laptop,CYBERPOWER Gamer Desktop,Apple MacBook Pro,HP Monitor,Apple MacBook Air,5TB Desktop Hard Drive,Microsoft Wireless Desktop Keyboard and Mouse,,,,,,,,,,,,,,,,,,,,,,,,,
iMac,,,,,,,,,,,,,,,,,,,,,,,,,,,,,,,
Samsung Monitor,Otium Wireless Sports Bluetooth Headphone,LG Monitor,iMac,ASUS Monitor,Apple Magic Keyboard,Epson Printer,Logitech Keyboard,AOC Monitor,Logitech 3-button Mouse,3-Button Mouse,Apple Wireless Keyboard,,,,,,,,,,,,,,,,,,,,
Samsung Monitor,Height-Adjustable Standing Desk,CYBERPOWER Gamer Desktop,Apple MacBook Air,Microsoft Wireless Desktop Keyboard and Mouse,,,,,,,,,,,,,,,,,,,,,,,,,,,
Dell Desktop,Panasonic In-Ear Headphone ,Microsoft Office Home and Student 2016,3TB Portable External Hard Drive,,,,,,,,,,,,,,,,,,,,,,,,,,,,
Acer Monitor,ASUS Chromebook,Dell Desktop,Acer Desktop,ASUS Monitor,Lenovo Desktop Computer,HP USB Keyboard ,ASUS Desktop,Canon Ink ,Backlit LED Gaming Keyboard,,,,,,,,,,,,,,,,,,,,,,
Dell Monitor,Logitech Keyboard,,,,,,,,,,,,,,,,,,,,,,,,,,,,,,
Acer Monitor,Samsung Monitor,Logitech Wireless Mouse,Apple Earpods,,,,,,,,,,,,,,,,,,,,,,,,,,,,
Acer Monitor,HP Laptop,3TB Portable External Hard Drive,,,,,,,,,,,,,,,,,,,,,,,,,,,,,
HP Wireless Mouse,Dell Desktop,Acer Desktop,ViewSonic Monitor,HP Black & Tri-color Ink ,HP Laptop,HP Wireless Printer,Lenovo Desktop Computer,Apple Magic Keyboard,Slim 2TB Portable External Hard Drive,Logitech 3-button Mouse,Redragon Gaming Mouse,Microsoft Wireless Desktop Keyboard and Mouse,,,,,,,,,,,,,,,,,,,
Dell Desktop,Acer Desktop,HP Laptop,iMac,iPad Pro ,JBL Splashproof Portable Bluetooth Speaker,Halter Mesh Metal Monitor Stand,,,,,,,,,,,,,,,,,,,,,,,,,
Apple MacBook Air,,,,,,,,,,,,,,,,,,,,,,,,,,,,,,,
Acer Aspire,Logitech MK270 Wireless Keyboard and Mouse Combo,CYBERPOWER Gamer Desktop,3-Button Mouse,Apple Wireless Keyboard,Apple Earpods,,,,,,,,,,,,,,,,,,,,,,,,,,
Eluktronics Pro Gaming Laptop,Acer Desktop,iMac,ASUS 2 Monitor,Slim 2TB Portable External Hard Drive,Kindle ,Samsung Galaxy Tablet,Canon Ink ,Microsoft Wireless Desktop Keyboard and Mouse,,,,,,,,,,,,,,,,,,,,,,,
HP Wireless Mouse,Dell 2 Desktop,Height-Adjustable Standing Desk,Epson Printer,Slim Wireless Mouse,Backlit LED Gaming Keyboard,,,,,,,,,,,,,,,,,,,,,,,,,,
LG Monitor,,,,,,,,,,,,,,,,,,,,,,,,,,,,,,,
CYBERPOWER Gamer Desktop,,,,,,,,,,,,,,,,,,,,,,,,,,,,,,,
Apple MacBook Pro,,,,,,,,,,,,,,,,,,,,,,,,,,,,,,,
Samsung Monitor,Dell Desktop,iMac,Lenovo Desktop Computer,Dell Wired Keyboard,3-Button Mouse,Belkin Mouse Pad,Logitech MK360 Wireless Keyboard and Mouse Combo,Apple Wireless Keyboard,Microsoft Wireless Comfort Keyboard and Mouse,Epson Black Ink,,,,,,,,,,,,,,,,,,,,,
Dell Monitor,Apple MacBook Pro,Apple Earpods,,,,,,,,,,,,,,,,,,,,,,,,,,,,,
Acer Monitor,iMac,Apple Magic Keyboard,ASUS 2 Monitor,Microsoft Office Home and Student 2016,Belkin Mouse Pad,Smart Light Bulb,Redragon Gaming Mouse,Apple MacBook Pro,Apple MacBook Air,iPad,iPad Pro ,,,,,,,,,,,,,,,,,,,,
Samsung Monitor,ViewSonic Monitor,HP Laptop,iMac,ASUS Monitor,Apple Magic Keyboard,Dell Wired Keyboard,Dell Desktop,Smart Light Bulb,HDMI Adapter,Apple Wireless Keyboard,Apple MacBook Pro,Apple Earpods,HP Monitor,Slim Wireless Mouse,ASUS Desktop,iPad,iPad Pro ,,,,,,,,,,,,,,
Dell Desktop,HP Wireless Printer,Fire TV Stick,HP Monitor,,,,,,,,,,,,,,,,,,,,,,,,,,,,
Apple MacBook Air,,,,,,,,,,,,,,,,,,,,,,,,,,,,,,,
Apple MacBook Air,,,,,,,,,,,,,,,,,,,,,,,,,,,,,,,
CYBERPOWER Gamer Desktop,Logitech 3-button Mouse,,,,,,,,,,,,,,,,,,,,,,,,,,,,,,
Acer Aspire,Dell Desktop,iMac,Apple Wireless Keyboard,,,,,,,,,,,,,,,,,,,,,,,,,,,,
Lenovo Desktop Computer,USB Cable,,,,,,,,,,,,,,,,,,,,,,,,,,,,,,
Logitech Desktop MK120 Mouse and keyboard Combo,LG Monitor,ASUS Chromebook,Eluktronics Pro Gaming Laptop,Dell Desktop,ViewSonic Monitor,Computer Game,HP Laptop,iMac,ASUS Monitor,Alienware Laptop,Lenovo Desktop Computer,CYBERPOWER Gamer Desktop,Etekcity Power Extension Cord Cable,HP Monitor,Wireless Portable Mouse,iPad,,,,,,,,,,,,,,,
Apple Earpods,USB Cable,,,,,,,,,,,,,,,,,,,,,,,,,,,,,,
Apple MacBook Air,,,,,,,,,,,,,,,,,,,,,,,,,,,,,,,
Apple MacBook Air,,,,,,,,,,,,,,,,,,,,,,,,,,,,,,,
Samsung Monitor,HP Laptop,iMac,,,,,,,,,,,,,,,,,,,,,,,,,,,,,
LG Monitor,ViewSonic Monitor,iMac,ASUS 2 Monitor,Apple Magic Keyboard,CYBERPOWER Gamer Desktop,AOC Monitor,Full Motion Monitor Mount,Apple Earpods,Apple TV,,,,,,,,,,,,,,,,,,,,,,
Logitech MK360 Wireless Keyboard and Mouse Combo,,,,,,,,,,,,,,,,,,,,,,,,,,,,,,,
Acer Monitor,Samsung Monitor,Dell Desktop,iMac,Lenovo Desktop Computer,3-Button Mouse,Dell Desktop,Apple MacBook Pro,Apple Earpods,HP Monitor,,,,,,,,,,,,,,,,,,,,,,
Etekcity Power Extension Cord Cable,DYMO Label Manker  ,Backlit LED Gaming Keyboard,,,,,,,,,,,,,,,,,,,,,,,,,,,,,
HP Wireless Mouse,Eluktronics Pro Gaming Laptop,HP Laptop,CYBERPOWER Gamer Desktop,Microsoft Wireless Desktop Keyboard and Mouse,,,,,,,,,,,,,,,,,,,,,,,,,,,
ASUS Chromebook,Microsoft Office Home and Student 2016,CYBERPOWER Gamer Desktop,Rii LED Gaming Keyboard & Mouse Combo ,iPad,,,,,,,,,,,,,,,,,,,,,,,,,,,
HP Wireless Printer,Bose Companion Speakers,Apple MacBook Pro,Apple Earpods,Apple MacBook Air,Microsoft Headset,USB Cable,Microsoft Wireless Desktop Keyboard and Mouse,,,,,,,,,,,,,,,,,,,,,,,,
LG Monitor,Acer Aspire,HP Laptop,Microsoft Office Home and Student 2016,Belkin Mouse Pad,Apple MacBook Air,,,,,,,,,,,,,,,,,,,,,,,,,,
ASUS 2 Monitor,Apple Magic Keyboard,Rii LED Gaming Keyboard & Mouse Combo ,Smart Light Bulb,Backlit LED Gaming Keyboard,,,,,,,,,,,,,,,,,,,,,,,,,,,
HP Wireless Mouse,Dell KM117 Wireless Keyboard & Mouse,,,,,,,,,,,,,,,,,,,,,,,,,,,,,,
Apple Magic Keyboard,,,,,,,,,,,,,,,,,,,,,,,,,,,,,,,
Acer Monitor,HDMI Cable 6ft,ViewSonic Monitor,Computer Game,iMac,Lenovo Desktop Computer,CYBERPOWER Gamer Desktop,AOC Monitor,Logitech 3-button Mouse,Belkin Mouse Pad,,,,,,,,,,,,,,,,,,,,,,
Acer Monitor,ViewSonic Monitor,CYBERPOWER Gamer Desktop,3-Button Mouse,Fire HD Tablet,Apple MacBook Air,Microsoft Wireless Desktop Keyboard and Mouse,,,,,,,,,,,,,,,,,,,,,,,,,
Monster Beats By Dr Dre,ViewSonic Monitor,APIE Bluetooth Headphone,Wireless Portable Mouse,Dell Laptop,,,,,,,,,,,,,,,,,,,,,,,,,,,
LG Monitor,ViewSonic Monitor,Computer Game,HP Laptop,iMac,iPad Pro ,Microsoft Wireless Desktop Keyboard and Mouse,,,,,,,,,,,,,,,,,,,,,,,,,
Acer Monitor,Monster Beats By Dr Dre,Logitech Desktop MK120 Mouse and keyboard Combo,Bose Companion Speakers,Cyber Acoustics,Wireless Portable Mouse,Dell Laptop,DYMO Label Manker  ,JBL Splashproof Portable Bluetooth Speaker,,,,,,,,,,,,,,,,,,,,,,,
LG Monitor,Acer Aspire,ViewSonic Monitor,HP Laptop,iMac,ASUS Monitor,Apple Earpods,JBL Splashproof Portable Bluetooth Speaker,Backlit LED Gaming Keyboard,Halter Mesh Metal Monitor Stand,,,,,,,,,,,,,,,,,,,,,,
LG Monitor,Dell Desktop,ViewSonic Monitor,Computer Game,HP Laptop,iMac,ASUS Monitor,Apple Magic Keyboard,Koss Home Headphones,Panasonic In-Ear Headphone ,Sonos,Brother Printer Toner,Apple Earpods,Backlit LED Gaming Keyboard,,,,,,,,,,,,,,,,,,
Apple Earpods,,,,,,,,,,,,,,,,,,,,,,,,,,,,,,,
ViewSonic Monitor,CYBERPOWER Gamer Desktop,Belkin Mouse Pad,Apple Earpods,Apple MacBook Air,,,,,,,,,,,,,,,,,,,,,,,,,,,
Apple Magic Keyboard,Slim 2TB Portable External Hard Drive,HP Monitor,Dell Laptop,,,,,,,,,,,,,,,,,,,,,,,,,,,,
Dell Laptop,,,,,,,,,,,,,,,,,,,,,,,,,,,,,,,
iMac,Epson Printer,Dell Laptop,,,,,,,,,,,,,,,,,,,,,,,,,,,,,
LG Monitor,ASUS Chromebook,iMac,ASUS 2 Monitor,CYBERPOWER Gamer Desktop,3-Button Mouse,,,,,,,,,,,,,,,,,,,,,,,,,,
Apple Wireless Keyboard,Microsoft Wireless Desktop Keyboard and Mouse,,,,,,,,,,,,,,,,,,,,,,,,,,,,,,
CYBERPOWER Gamer Desktop,Wireless Portable Mouse,,,,,,,,,,,,,,,,,,,,,,,,,,,,,,
Acer Aspire,HP Laptop,iMac,Lenovo Desktop Computer,Logitech MK550 Wireless Wave Keyboard and Mouse Combo,Google Home,CYBERPOWER Gamer Desktop,Rii LED Gaming Keyboard & Mouse Combo ,Redragon Gaming Mouse,,,,,,,,,,,,,,,,,,,,,,,
Acer Aspire,Lenovo Desktop Computer,Logitech 3-button Mouse,Cyber Acoustics,,,,,,,,,,,,,,,,,,,,,,,,,,,,
Apple Earpods,Dell Laptop,Dell Laptop,Backlit LED Gaming Keyboard,Microsoft Wireless Desktop Keyboard and Mouse,,,,,,,,,,,,,,,,,,,,,,,,,,,
 Intel Desktop ,CYBERPOWER Gamer Desktop,,,,,,,,,,,,,,,,,,,,,,,,,,,,,,
Apple Earpods,,,,,,,,,,,,,,,,,,,,,,,,,,,,,,,
HP Wireless Mouse,Apple Magic Keyboard,Apple Wireless Keyboard,Microsoft Wireless Desktop Keyboard and Mouse,,,,,,,,,,,,,,,,,,,,,,,,,,,,
Ailihen Stereo Headphones,,,,,,,,,,,,,,,,,,,,,,,,,,,,,,,
Samsung Monitor,Otium Wireless Sports Bluetooth Headphone,HP Wireless Mouse,ViewSonic Monitor,HP Laptop,iMac,Lenovo Desktop Computer,Slim Wireless Mouse,,,,,,,,,,,,,,,,,,,,,,,,
ASUS Chromebook,Dell 2 Desktop,HP Laptop,AOC Monitor,Microsoft Wireless Desktop Keyboard and Mouse,,,,,,,,,,,,,,,,,,,,,,,,,,,
HDMI Cable 6ft,iMac,Logitech MK550 Wireless Wave Keyboard and Mouse Combo,Cambridge Bluetooth Speaker,CYBERPOWER Gamer Desktop,Mackie CR Speakers,Computer Game,Smart Light Bulb,Full Motion Monitor Mount,Apple MacBook Air,2TB Portable External Hard Drive,,,,,,,,,,,,,,,,,,,,,
HP Wireless Mouse,LG Monitor,ViewSonic Monitor,Computer Game,Logitech Wireless Mouse,ASUS Monitor,Logitech MK550 Wireless Wave Keyboard and Mouse Combo,Lenovo Desktop Computer,Apple MacBook Pro,Apple MacBook Air,,,,,,,,,,,,,,,,,,,,,,
HP Black & Tri-color Ink ,HP Laptop,iMac,ASUS Monitor,AOC Monitor,Belkin Mouse Pad,Acer Desktop,Brother Printer,Microsoft Wireless Desktop Keyboard and Mouse,,,,,,,,,,,,,,,,,,,,,,,
Logitech MK270 Wireless Keyboard and Mouse Combo,ViewSonic Monitor,,,,,,,,,,,,,,,,,,,,,,,,,,,,,,
Dell Desktop,Acer Desktop,iMac,Microsoft Headset,Dell Laptop,,,,,,,,,,,,,,,,,,,,,,,,,,,
Acer Monitor,Otium Wireless Sports Bluetooth Headphone,Dell Desktop,Dell 2 Desktop,HP Laptop,iMac,Apple Magic Keyboard,Microsoft Office Home and Student 2016,Belkin Mouse Pad,iPhone Charger Cable,Acer Desktop,Apple MacBook Air,Slim Wireless Mouse,,,,,,,,,,,,,,,,,,,
Computer Game,HP Laptop,CYBERPOWER Gamer Desktop,Lenovo Desktop Computer,Dell Laptop,HP Desktop,Microsoft Wireless Desktop Keyboard and Mouse,,,,,,,,,,,,,,,,,,,,,,,,,
Samsung Monitor,Samsung Monitor,Acer Aspire,Dell 2 Desktop,Lenovo Desktop Computer,Apple Magic Keyboard,Microsoft Office Home and Student 2016,CYBERPOWER Gamer Desktop,Full Motion Monitor Mount,Slim Wireless Mouse,Backlit LED Gaming Keyboard,,,,,,,,,,,,,,,,,,,,,
Acer Aspire,HP Laptop,Koss Home Headphones,CYBERPOWER Gamer Desktop,3-Button Mouse,Apple MacBook Air,Backlit LED Gaming Keyboard,,,,,,,,,,,,,,,,,,,,,,,,,
Eluktronics Pro Gaming Laptop,3-Button Mouse,Apple Earpods,Apple MacBook Air,Zombie Gaming Headset,USB Cable,Brother Printer,Microsoft Wireless Desktop Keyboard and Mouse,,,,,,,,,,,,,,,,,,,,,,,,
Acer Monitor,ViewSonic Monitor,HP Laptop,iMac,Apple Magic Keyboard,Panasonic In-Ear Headphone ,Cambridge Bluetooth Speaker,Logitech Keyboard,Rii LED Gaming Keyboard & Mouse Combo ,Dell Desktop,Apple Wireless Keyboard,Apple TV,Microsoft Wireless Desktop Keyboard and Mouse,,,,,,,,,,,,,,,,,,,
Samsung Monitor,LG Monitor,,,,,,,,,,,,,,,,,,,,,,,,,,,,,,
ViewSonic Monitor,HP Laptop,Lenovo Desktop Computer,,,,,,,,,,,,,,,,,,,,,,,,,,,,,
Etekcity Power Extension Cord Cable,Apple TV,Backlit LED Gaming Keyboard,,,,,,,,,,,,,,,,,,,,,,,,,,,,,
Apple MacBook Air,,,,,,,,,,,,,,,,,,,,,,,,,,,,,,,
Backlit LED Gaming Keyboard,,,,,,,,,,,,,,,,,,,,,,,,,,,,,,,
Acer Desktop,ViewSonic Monitor,HP Laptop,iMac,Microsoft Headset,Multi Media Stand,,,,,,,,,,,,,,,,,,,,,,,,,,
Apple Wireless Keyboard,,,,,,,,,,,,,,,,,,,,,,,,,,,,,,,
Dell KM117 Wireless Keyboard & Mouse,Dell Laptop,,,,,,,,,,,,,,,,,,,,,,,,,,,,,,
Computer Game,DOSS Touch Wireless Bluetooth,APIE Bluetooth Headphone,HP Desktop,,,,,,,,,,,,,,,,,,,,,,,,,,,,
Acer Monitor,Dell 2 Desktop,HP Laptop,iMac,Koss Home Headphones,Microsoft Office Home and Student 2016,CYBERPOWER Gamer Desktop,Logitech 3-button Mouse,3-Button Mouse,Microsoft Wireless Desktop Keyboard and Mouse,,,,,,,,,,,,,,,,,,,,,,
Otium Wireless Sports Bluetooth Headphone,ASUS Chromebook,Dell Desktop,Acer Desktop,Dell 2 Desktop,HP Laptop,iMac,AOC Monitor,Logitech 3-button Mouse,Dell Desktop,Zombie Gaming Headset,,,,,,,,,,,,,,,,,,,,,
iMac,Halter Acrylic Monitor Stand,Apple Earpods,Apple MacBook Air,Brother Printer,Sceptre Monitor,,,,,,,,,,,,,,,,,,,,,,,,,,
HP Wireless Printer,JBL Splashproof Portable Bluetooth Speaker,,,,,,,,,,,,,,,,,,,,,,,,,,,,,,
Eluktronics Pro Gaming Laptop,Smart Light Bulb,Fire TV Stick,,,,,,,,,,,,,,,,,,,,,,,,,,,,,
Microsoft Headset,iPad Pro ,JBL Splashproof Portable Bluetooth Speaker,,,,,,,,,,,,,,,,,,,,,,,,,,,,,
Apple MacBook Pro,HP Monitor,Apple MacBook Air,Computer Game,,,,,,,,,,,,,,,,,,,,,,,,,,,,
Slim 2TB Portable External Hard Drive,3-Button Mouse,ASUS Desktop,Logitech ClearChat Headset,,,,,,,,,,,,,,,,,,,,,,,,,,,,
iMac,Lenovo Desktop Computer,Cambridge Bluetooth Speaker,Dell Desktop,Apple Wireless Keyboard,Apple MacBook Pro,HP Monitor,Apple MacBook Air,Slim Wireless Mouse,,,,,,,,,,,,,,,,,,,,,,,
Acer Aspire,Acer Desktop,Logitech MK270 Wireless Keyboard and Mouse Combo,HP Laptop,HP Wireless Printer,Alienware Laptop,Lenovo Desktop Computer,Microsoft Office Home and Student 2016,Rii LED Gaming Keyboard & Mouse Combo ,Etekcity Power Extension Cord Cable,Dell Desktop,iPhone Charger Cable,Zombie Gaming Headset,Apple TV,,,,,,,,,,,,,,,,,,
Dell Desktop,iMac,Logitech MK550 Wireless Wave Keyboard and Mouse Combo,CYBERPOWER Gamer Desktop,Redragon Gaming Mouse,Apple MacBook Pro,Apple TV,,,,,,,,,,,,,,,,,,,,,,,,,
Redragon Gaming Mouse,Apple Earpods,,,,,,,,,,,,,,,,,,,,,,,,,,,,,,
iMac,Slim 2TB Portable External Hard Drive,3-Button Mouse,Apple Earpods,,,,,,,,,,,,,,,,,,,,,,,,,,,,
Apple Earpods,HP Monitor,,,,,,,,,,,,,,,,,,,,,,,,,,,,,,
Samsung Monitor,Lenovo Desktop Computer,Slim Wireless Mouse,,,,,,,,,,,,,,,,,,,,,,,,,,,,,
ViewSonic Monitor,iMac,ASUS Monitor,Lenovo Desktop Computer,Apple Magic Keyboard,Koss Home Headphones, Intel Desktop ,Microsoft Office Home and Student 2016,Logitech 3-button Mouse,HDMI Adapter,Acer Desktop,HP Monitor,iPad Pro ,Logitech Keyboard,,,,,,,,,,,,,,,,,,
Dell 2 Desktop,HP Laptop,Alienware Laptop,Lenovo Desktop Computer,Apple Earpods,Backlit LED Gaming Keyboard,,,,,,,,,,,,,,,,,,,,,,,,,,
HP Laptop,,,,,,,,,,,,,,,,,,,,,,,,,,,,,,,
Samsung Monitor,Acer Desktop,ViewSonic Monitor,Apple MacBook Air,Gaming Mouse Professional,Roku Express,,,,,,,,,,,,,,,,,,,,,,,,,,
Slim 2TB Portable External Hard Drive,Apple MacBook Pro,Acer Desktop,,,,,,,,,,,,,,,,,,,,,,,,,,,,,
HP Wireless Mouse,ViewSonic Monitor,Monster Beats By Dr Dre ,DOSS Touch Wireless Bluetooth,Microsoft Wireless Desktop Keyboard and Mouse,,,,,,,,,,,,,,,,,,,,,,,,,,,
iMac,Lenovo Desktop Computer,Dell Laptop,,,,,,,,,,,,,,,,,,,,,,,,,,,,,
Samsung Monitor,Logitech MK550 Wireless Wave Keyboard and Mouse Combo,CYBERPOWER Gamer Desktop,Full Motion Monitor Mount,HP USB Keyboard ,,,,,,,,,,,,,,,,,,,,,,,,,,,
HDMI Cable 6ft,Eluktronics Pro Gaming Laptop,Acer Aspire,ViewSonic Monitor,Computer Game,HP Laptop,iMac,AOC Monitor,Logitech 3-button Mouse,Dell Desktop,Apple Earpods,Dell KM117 Wireless Keyboard & Mouse,JBL Splashproof Portable Bluetooth Speaker,Microsoft Wireless Desktop Keyboard and Mouse,,,,,,,,,,,,,,,,,,
iMac,Logitech 3-button Mouse,,,,,,,,,,,,,,,,,,,,,,,,,,,,,,
ViewSonic Monitor,Computer Game,iMac,Apple MacBook Pro,JBL Splashproof Portable Bluetooth Speaker,,,,,,,,,,,,,,,,,,,,,,,,,,,
Acer Aspire,Dell Monitor,,,,,,,,,,,,,,,,,,,,,,,,,,,,,,
Acer Monitor,HP Wireless Mouse,ASUS Monitor,HP Wireless Printer,Alienware Laptop,Sonos,3-Button Mouse,Etekcity Power Extension Cord Cable,Belkin Mouse Pad,Apple Earpods,Slim Wireless Mouse,Dell Laptop,Logitech ClearChat Headset,Zombie Gaming Headset,Brother Printer,iPad Pro ,Logitech Keyboard,,,,,,,,,,,,,,,
Sonos,Slim Wireless Mouse,Wireless Portable Mouse,,,,,,,,,,,,,,,,,,,,,,,,,,,,,
Samsung Monitor,HDMI Cable 6ft,Otium Wireless Sports Bluetooth Headphone,HP Wireless Mouse,Dell Desktop,HP Laptop,iMac,ASUS Monitor,Lenovo Desktop Computer, Intel Desktop ,Epson Printer,Microsoft Office Home and Student 2016,CYBERPOWER Gamer Desktop,Logitech 3-button Mouse,Brother Printer Toner,iPad,Backlit LED Gaming Keyboard,,,,,,,,,,,,,,,
ViewSonic Monitor,HP Monitor,ASUS Desktop,Logitech Keyboard,,,,,,,,,,,,,,,,,,,,,,,,,,,,
HDMI Cable 6ft,Dell Desktop,Logitech MK270 Wireless Keyboard and Mouse Combo,Computer Game,HP Laptop,Lenovo Desktop Computer,Apple Magic Keyboard,Koss Home Headphones,Panasonic In-Ear Headphone ,Epson Printer,AOC Monitor,3-Button Mouse,Brother Printer Toner,Etekcity Power Extension Cord Cable,Redragon Gaming Mouse,Apple MacBook Pro,HP Monitor,Zombie Gaming Headset,Epson Black Ink,,,,,,,,,,,,,
Apple Wireless Keyboard,,,,,,,,,,,,,,,,,,,,,,,,,,,,,,,
Acer Aspire,Cambridge Bluetooth Speaker,Apple MacBook Air,Dell KM117 Wireless Keyboard & Mouse,Slim Wireless Mouse,,,,,,,,,,,,,,,,,,,,,,,,,,,
Logitech Keyboard,,,,,,,,,,,,,,,,,,,,,,,,,,,,,,,
HP Laptop,Dell Laptop,,,,,,,,,,,,,,,,,,,,,,,,,,,,,,
iMac,AOC Monitor,3-Button Mouse,,,,,,,,,,,,,,,,,,,,,,,,,,,,,
3TB Portable External Hard Drive,Etekcity Power Extension Cord Cable,Fire HD Tablet,Dell Laptop,,,,,,,,,,,,,,,,,,,,,,,,,,,,
HP Wireless Mouse,HP Laptop,iMac,Microsoft Office Home and Student 2016,3-Button Mouse,Apple MacBook Air,,,,,,,,,,,,,,,,,,,,,,,,,,
ASUS Monitor,Lenovo Desktop Computer,HP USB Keyboard ,,,,,,,,,,,,,,,,,,,,,,,,,,,,,
HDMI Cable 6ft,HP Wireless Printer,Cambridge Bluetooth Speaker,Logitech Keyboard,AOC Monitor,Fire TV Stick,Apple Earpods,ASUS Desktop,HP Desktop,Brother Printer,Backlit LED Gaming Keyboard,Microsoft Wireless Desktop Keyboard and Mouse,,,,,,,,,,,,,,,,,,,,
iMac,Alienware Laptop,Apple Earpods,Microsoft Headset,Microsoft Wireless Desktop Keyboard and Mouse,,,,,,,,,,,,,,,,,,,,,,,,,,,
Acer Aspire,Acer Desktop,iPhone Charger Cable,DYMO Labeling Tape ,,,,,,,,,,,,,,,,,,,,,,,,,,,,
HDMI Cable 6ft,HP Black & Tri-color Ink ,HP Laptop,ASUS 2 Monitor,Lenovo Desktop Computer, Intel Desktop ,Roku Express,,,,,,,,,,,,,,,,,,,,,,,,,
Apple MacBook Air,,,,,,,,,,,,,,,,,,,,,,,,,,,,,,,
Acer Monitor,Logitech Wireless Mouse,Logitech 3-button Mouse,Belkin Mouse Pad,Wireless Portable Mouse,,,,,,,,,,,,,,,,,,,,,,,,,,,
HP Wireless Mouse,Dell Desktop,iPad,Microsoft Wireless Desktop Keyboard and Mouse,,,,,,,,,,,,,,,,,,,,,,,,,,,,
Acer Monitor,Apple MacBook Air,,,,,,,,,,,,,,,,,,,,,,,,,,,,,,
Apple MacBook Air,,,,,,,,,,,,,,,,,,,,,,,,,,,,,,,
HP Laptop, Intel Desktop ,Apple Wireless Keyboard,JBL Splashproof Portable Bluetooth Speaker,,,,,,,,,,,,,,,,,,,,,,,,,,,,
Dell Monitor,,,,,,,,,,,,,,,,,,,,,,,,,,,,,,,
HP Wireless Mouse,iMac,,,,,,,,,,,,,,,,,,,,,,,,,,,,,,
Samsung Monitor,Otium Wireless Sports Bluetooth Headphone,Logitech MK270 Wireless Keyboard and Mouse Combo,HP Laptop,Lenovo Desktop Computer,Koss Home Headphones,Microsoft Office Home and Student 2016,CYBERPOWER Gamer Desktop,Belkin Mouse Pad,Apple Earpods,Dell Laptop,,,,,,,,,,,,,,,,,,,,,
Apple MacBook Air,,,,,,,,,,,,,,,,,,,,,,,,,,,,,,,
Lenovo Desktop Computer,Dell Laptop,,,,,,,,,,,,,,,,,,,,,,,,,,,,,,
Cambridge Bluetooth Speaker,APIE Bluetooth Headphone,Apple Earpods,,,,,,,,,,,,,,,,,,,,,,,,,,,,,
Ethernet Cable,XIBERIA Gaming Headset,Apple MacBook Pro,,,,,,,,,,,,,,,,,,,,,,,,,,,,,
ASUS Monitor,Wireless Portable Mouse,Dell Laptop,,,,,,,,,,,,,,,,,,,,,,,,,,,,,
Lenovo Desktop Computer,3-Button Mouse,Brother Printer Toner,Apple Earpods,Microsoft Wireless Desktop Keyboard and Mouse,,,,,,,,,,,,,,,,,,,,,,,,,,,
Acer Aspire,iMac,Koss Home Headphones,Apple MacBook Air,,,,,,,,,,,,,,,,,,,,,,,,,,,,
Otium Wireless Sports Bluetooth Headphone,Lenovo Desktop Computer,,,,,,,,,,,,,,,,,,,,,,,,,,,,,,
ViewSonic Monitor,ASUS Monitor,Epson Printer,Slim Wireless Mouse,,,,,,,,,,,,,,,,,,,,,,,,,,,,
Acer Monitor,Samsung Monitor,iMac,ASUS Monitor,HP Wireless Printer,3-Button Mouse,HP Monitor,,,,,,,,,,,,,,,,,,,,,,,,,
Dell Desktop,HP Laptop,Logitech Wireless Mouse,iMac,Cambridge Bluetooth Speaker,AOC Monitor,Apple Wireless Keyboard,Apple Earpods,2TB Portable External Hard Drive,Backlit LED Gaming Keyboard,Logitech Keyboard,Microsoft Wireless Desktop Keyboard and Mouse,,,,,,,,,,,,,,,,,,,,
Lenovo Desktop Computer,Dell Desktop,Apple Wireless Keyboard,,,,,,,,,,,,,,,,,,,,,,,,,,,,,
ViewSonic Monitor,HP Laptop,AOC Monitor,EagleTec Wireless Combo Keyboard and Mouse,,,,,,,,,,,,,,,,,,,,,,,,,,,,
Lenovo Desktop Computer,CYBERPOWER Gamer Desktop,3-Button Mouse,Apple Earpods,,,,,,,,,,,,,,,,,,,,,,,,,,,,
Etekcity Power Extension Cord Cable,,,,,,,,,,,,,,,,,,,,,,,,,,,,,,,
Acer Aspire,Acer Desktop,Logitech MK270 Wireless Keyboard and Mouse Combo,Dell 2 Desktop,Koss Home Headphones,CYBERPOWER Gamer Desktop,Etekcity Power Extension Cord Cable,Microsoft Wireless Desktop Keyboard and Mouse,,,,,,,,,,,,,,,,,,,,,,,,
ASUS Chromebook,ViewSonic Monitor,iMac,Alienware Laptop,Lenovo Desktop Computer,Slim 2TB Portable External Hard Drive, Intel Desktop ,Fire TV Stick,Apple Earpods,Dell Laptop,,,,,,,,,,,,,,,,,,,,,,
Acer Aspire,Computer Game,HP Laptop,iMac, Intel Desktop ,Microsoft Office Home and Student 2016,Dell Desktop,Apple MacBook Pro,Apple MacBook Air,ASUS Desktop,PC Gaming Headset,iPad Pro ,,,,,,,,,,,,,,,,,,,,
HP Wireless Printer,Acer Desktop,,,,,,,,,,,,,,,,,,,,,,,,,,,,,,
ASUS 2 Monitor,HDMI Adapter,Microsoft Wireless Desktop Keyboard and Mouse,,,,,,,,,,,,,,,,,,,,,,,,,,,,,
Apple MacBook Pro,,,,,,,,,,,,,,,,,,,,,,,,,,,,,,,
Samsung Monitor,Microsoft Office Home and Student 2016,Apple Wireless Keyboard,Apple Earpods,Panasonic In-Ear Headphone,,,,,,,,,,,,,,,,,,,,,,,,,,,
HP Black & Tri-color Ink ,,,,,,,,,,,,,,,,,,,,,,,,,,,,,,,
HP USB Keyboard ,Apple Earpods,HP Monitor,Apple MacBook Air,,,,,,,,,,,,,,,,,,,,,,,,,,,,
Logitech Wireless Mouse,iMac,3-Button Mouse,Apple MacBook Pro,Apple Earpods,Acer Desktop,Microsoft Headset,HP Desktop,Brother Printer,Logitech Keyboard,Microsoft Wireless Desktop Keyboard and Mouse,,,,,,,,,,,,,,,,,,,,,
Acer Monitor,LG Monitor,Audio Cable,HP Desktop,,,,,,,,,,,,,,,,,,,,,,,,,,,,
Kensington Headphones ,ASUS Chromebook,Dell Desktop,Apple Wired Keyboard,CYBERPOWER Gamer Desktop,Wireless Portable Mouse,Dell Laptop,Dell Laptop,Kindle,Microsoft Wireless Desktop Keyboard and Mouse,,,,,,,,,,,,,,,,,,,,,,
Etekcity Power Extension Cord Cable,,,,,,,,,,,,,,,,,,,,,,,,,,,,,,,
ASUS 2 Monitor,,,,,,,,,,,,,,,,,,,,,,,,,,,,,,,
HP Black & Tri-color Ink ,Logitech Keyboard,,,,,,,,,,,,,,,,,,,,,,,,,,,,,,
Samsung Monitor,HP Laptop,Panasonic In-Ear Headphone ,CYBERPOWER Gamer Desktop,Apple Wireless Keyboard,Apple Earpods,Microsoft Wireless Desktop Keyboard and Mouse,,,,,,,,,,,,,,,,,,,,,,,,,
iMac,Dell Desktop,Panasonic On-Ear Stereo Headphones,,,,,,,,,,,,,,,,,,,,,,,,,,,,,
Samsung Monitor,Wireless Portable Mouse,,,,,,,,,,,,,,,,,,,,,,,,,,,,,,
Apple Earpods,,,,,,,,,,,,,,,,,,,,,,,,,,,,,,,
iMac,Apple MacBook Pro,Apple Earpods,Apple MacBook Air,,,,,,,,,,,,,,,,,,,,,,,,,,,,
ViewSonic Monitor,iMac,Logitech 3-button Mouse,Kindle ,Zombie Gaming Headset,Apple TV,2TB Portable External Hard Drive,iPad Pro ,Microsoft Wireless Desktop Keyboard and Mouse,,,,,,,,,,,,,,,,,,,,,,,
Dell Desktop,,,,,,,,,,,,,,,,,,,,,,,,,,,,,,,
 Intel Desktop ,JBL Splashproof Portable Bluetooth Speaker,,,,,,,,,,,,,,,,,,,,,,,,,,,,,,
HP Laptop,Acer Desktop,ASUS Desktop,Dell Laptop,iPad,Microsoft Wireless Desktop Keyboard and Mouse,,,,,,,,,,,,,,,,,,,,,,,,,,
,Zombie Gaming Headset,,,,,,,,,,,,,,,,,,,,,,,,,,,,,,
Apple Magic Keyboard,,,,,,,,,,,,,,,,,,,,,,,,,,,,,,,
Lenovo Desktop Computer,,,,,,,,,,,,,,,,,,,,,,,,,,,,,,,
LG Monitor,ASUS Chromebook,HP Laptop,Lenovo Desktop Computer,Microsoft Wireless Desktop Keyboard and Mouse,,,,,,,,,,,,,,,,,,,,,,,,,,,
Logitech MK270 Wireless Keyboard and Mouse Combo,ASUS Monitor,Microsoft Office Home and Student 2016,Lenovo Desktop Computer,Dell Desktop,Smart Light Bulb,,,,,,,,,,,,,,,,,,,,,,,,,,
iMac,Apple Earpods,,,,,,,,,,,,,,,,,,,,,,,,,,,,,,
Samsung Monitor,HDMI Cable 6ft,Acer Aspire,Logitech MK270 Wireless Keyboard and Mouse Combo,Dell 2 Desktop,Alienware Laptop,Cambridge Bluetooth Speaker,Microsoft Office Home and Student 2016,Redragon Gaming Mouse,Apple Wireless Keyboard,Apple MacBook Pro,Apple Earpods,HP Monitor,Wireless Portable Mouse,Brother Printer,,,,,,,,,,,,,,,,,
Apple MacBook Air,,,,,,,,,,,,,,,,,,,,,,,,,,,,,,,
Otium Wireless Sports Bluetooth Headphone,Eluktronics Pro Gaming Laptop,HP Notebook Touchscreen Laptop PC,Apple Wireless Keyboard,,,,,,,,,,,,,,,,,,,,,,,,,,,,
Apple Earpods,,,,,,,,,,,,,,,,,,,,,,,,,,,,,,,
Apple MacBook Air,,,,,,,,,,,,,,,,,,,,,,,,,,,,,,,
iMac,Lenovo Desktop Computer,,,,,,,,,,,,,,,,,,,,,,,,,,,,,,
HP Wireless Mouse,iMac,,,,,,,,,,,,,,,,,,,,,,,,,,,,,,
Acer Desktop,,,,,,,,,,,,,,,,,,,,,,,,,,,,,,,
LG Monitor,Bose Companion Speakers,CYBERPOWER Gamer Desktop,Belkin Mouse Pad,,,,,,,,,,,,,,,,,,,,,,,,,,,,
Etekcity Power Extension Cord Cable,,,,,,,,,,,,,,,,,,,,,,,,,,,,,,,
iMac,Microsoft Wireless Desktop Keyboard and Mouse,,,,,,,,,,,,,,,,,,,,,,,,,,,,,,
Acer Desktop,ViewSonic Monitor,iMac,CYBERPOWER Gamer Desktop,3-Button Mouse,Apple Wireless Keyboard,Dell Laptop,,,,,,,,,,,,,,,,,,,,,,,,,
ViewSonic Monitor,Apple Wireless Keyboard,Zombie Gaming Headset,,,,,,,,,,,,,,,,,,,,,,,,,,,,,
HDMI Cable 6ft,iMac,ASUS 2 Monitor,HP Wireless Printer,,,,,,,,,,,,,,,,,,,,,,,,,,,,
Sonos,Apple Earpods,Apple MacBook Air,Logitech ClearChat Headset,,,,,,,,,,,,,,,,,,,,,,,,,,,,
Samsung Monitor,iMac,Logitech 3-button Mouse,Apple Earpods,,,,,,,,,,,,,,,,,,,,,,,,,,,,
Zombie Gaming Headset,,,,,,,,,,,,,,,,,,,,,,,,,,,,,,,
Etekcity Power Extension Cord Cable,2TB Portable External Hard Drive,DYMO Labeling Tape ,,,,,,,,,,,,,,,,,,,,,,,,,,,,,
Dell Desktop,Acer Desktop,Logitech MK270 Wireless Keyboard and Mouse Combo,Sonos,Dell Monitor,CYBERPOWER Gamer Desktop,3-Button Mouse,Apple Earpods,Acer Desktop,Slim Wireless Mouse,ASUS Desktop,Microsoft Headset,HP Desktop,iPad Pro ,Rokono Mini Speaker,,,,,,,,,,,,,,,,,
Rokono Mini Speaker,,,,,,,,,,,,,,,,,,,,,,,,,,,,,,,
Bose Companion Speakers,Apple Wireless Keyboard,Panasonic In-Ear Headphone,,,,,,,,,,,,,,,,,,,,,,,,,,,,,
Otium Wireless Sports Bluetooth Headphone,Apple MacBook Air,Microsoft Wireless Desktop Keyboard and Mouse,,,,,,,,,,,,,,,,,,,,,,,,,,,,,
Logitech MK270 Wireless Keyboard and Mouse Combo,ViewSonic Monitor,iMac,ASUS Monitor,Apple Magic Keyboard,Epson Black Ink,Monster Beats By Dr Dre ,Etekcity Power Extension Cord Cable,Apple MacBook Pro,HP Monitor,,,,,,,,,,,,,,,,,,,,,,
Monster Beats By Dr Dre,Dell Desktop,Acer Desktop,Logitech MK270 Wireless Keyboard and Mouse Combo,iMac,ASUS 2 Monitor,Apple Magic Keyboard,Epson Printer,Smart Light Bulb,,,,,,,,,,,,,,,,,,,,,,,
ASUS Chromebook,ViewSonic Monitor,HP Laptop,Apple Earpods,Apple MacBook Air,Brother Printer,,,,,,,,,,,,,,,,,,,,,,,,,,
ViewSonic Monitor,iMac,ASUS Monitor,Microsoft Office Home and Student 2016,Rii LED Gaming Keyboard & Mouse Combo ,Etekcity Power Extension Cord Cable,Dell Desktop,Smart Light Bulb,LG Touchscreen Laptop,Dell Laptop,Microsoft Wireless Desktop Keyboard and Mouse,,,,,,,,,,,,,,,,,,,,,
LG Monitor,Logitech 3-button Mouse,Apple MacBook Pro,HP Monitor,,,,,,,,,,,,,,,,,,,,,,,,,,,,
Alienware Laptop,Microsoft Wireless Desktop Keyboard and Mouse,,,,,,,,,,,,,,,,,,,,,,,,,,,,,,
Logitech 3-button Mouse,Dell Laptop,Microsoft Wireless Desktop Keyboard and Mouse,,,,,,,,,,,,,,,,,,,,,,,,,,,,,
HP Black & Tri-color Ink ,ASUS 2 Monitor,Monster Beats By Dr Dre ,DOSS Touch Wireless Bluetooth,Apple MacBook Air,Backlit LED Gaming Keyboard,,,,,,,,,,,,,,,,,,,,,,,,,,
Backlit LED Gaming Keyboard,,,,,,,,,,,,,,,,,,,,,,,,,,,,,,,
Kindle ,,,,,,,,,,,,,,,,,,,,,,,,,,,,,,,
3-Button Mouse,Dell Desktop,Apple MacBook Air,ASUS Desktop,Microsoft Wireless Desktop Keyboard and Mouse,,,,,,,,,,,,,,,,,,,,,,,,,,,
Slim 2TB Portable External Hard Drive,Apple Earpods,Dell Laptop,,,,,,,,,,,,,,,,,,,,,,,,,,,,,
Bose Companion Speakers,,,,,,,,,,,,,,,,,,,,,,,,,,,,,,,
 Intel Desktop ,Cyber Acoustics,HDMI Adapter,Fire TV Stick,Apple Wireless Keyboard,Apple Earpods,Dell Laptop,,,,,,,,,,,,,,,,,,,,,,,,,
CYBERPOWER Gamer Desktop,iPhone Charger Cable,Dell KM117 Wireless Keyboard & Mouse,,,,,,,,,,,,,,,,,,,,,,,,,,,,,
CYBERPOWER Gamer Desktop,,,,,,,,,,,,,,,,,,,,,,,,,,,,,,,
CYBERPOWER Gamer Desktop,Apple MacBook Pro,,,,,,,,,,,,,,,,,,,,,,,,,,,,,,
Samsung Monitor,iMac,Logitech 3-button Mouse,3-Button Mouse,,,,,,,,,,,,,,,,,,,,,,,,,,,,
Logitech MK550 Wireless Wave Keyboard and Mouse Combo,CYBERPOWER Gamer Desktop,Apple Earpods,Microsoft Wireless Desktop Keyboard and Mouse,,,,,,,,,,,,,,,,,,,,,,,,,,,,
Apple MacBook Air,,,,,,,,,,,,,,,,,,,,,,,,,,,,,,,
Apple MacBook Air,,,,,,,,,,,,,,,,,,,,,,,,,,,,,,,
Acer Aspire,Dell Desktop,Dell 2 Desktop,Lenovo Desktop Computer, Intel Desktop ,Logitech 3-button Mouse,XIBERIA Gaming Headset,,,,,,,,,,,,,,,,,,,,,,,,,
Lenovo Desktop Computer,,,,,,,,,,,,,,,,,,,,,,,,,,,,,,,
Lenovo Desktop Computer,Slim 2TB Portable External Hard Drive,CYBERPOWER Gamer Desktop,HP Monitor,Logitech Keyboard,,,,,,,,,,,,,,,,,,,,,,,,,,,
Slim Wireless Mouse,,,,,,,,,,,,,,,,,,,,,,,,,,,,,,,
Dell Desktop,Epson Printer,,,,,,,,,,,,,,,,,,,,,,,,,,,,,,
Acer Aspire,HP Laptop,iMac,ASUS Monitor,Epson Printer,CYBERPOWER Gamer Desktop,Logitech 3-button Mouse,HP Monitor,Apple TV,,,,,,,,,,,,,,,,,,,,,,,
CYBERPOWER Gamer Desktop,,,,,,,,,,,,,,,,,,,,,,,,,,,,,,,
Apple Magic Keyboard,Slim Wireless Mouse,,,,,,,,,,,,,,,,,,,,,,,,,,,,,,
Acer Aspire,iMac,Alienware Laptop,Apple Magic Keyboard,,,,,,,,,,,,,,,,,,,,,,,,,,,,
Alienware Laptop,,,,,,,,,,,,,,,,,,,,,,,,,,,,,,,
HP Laptop,iMac,Computer Game,Apple MacBook Pro,Apple MacBook Air,,,,,,,,,,,,,,,,,,,,,,,,,,,
Apple MacBook Air,,,,,,,,,,,,,,,,,,,,,,,,,,,,,,,
Apple Earpods,HP Monitor,,,,,,,,,,,,,,,,,,,,,,,,,,,,,,
Dell Desktop,iMac,,,,,,,,,,,,,,,,,,,,,,,,,,,,,,
Apple Wireless Keyboard,Apple Earpods,Apple MacBook Air,Large Mouse Pad,1TB Portable External Hard Drive,,,,,,,,,,,,,,,,,,,,,,,,,,,
HDMI Cable 6ft,HP Laptop,iMac,Epson Printer,,,,,,,,,,,,,,,,,,,,,,,,,,,,
Apple Magic Keyboard,,,,,,,,,,,,,,,,,,,,,,,,,,,,,,,
Acer Aspire,Dell Desktop,iMac,CYBERPOWER Gamer Desktop,Apple MacBook Pro,ASUS Desktop,iPhone Charger Cable,Backlit LED Gaming Keyboard,,,,,,,,,,,,,,,,,,,,,,,,
HP Wireless Printer,HP Monitor,Backlit LED Gaming Keyboard,,,,,,,,,,,,,,,,,,,,,,,,,,,,,
iMac,CYBERPOWER Gamer Desktop,,,,,,,,,,,,,,,,,,,,,,,,,,,,,,
Apple MacBook Air,,,,,,,,,,,,,,,,,,,,,,,,,,,,,,,
CYBERPOWER Gamer Desktop,Apple Earpods,,,,,,,,,,,,,,,,,,,,,,,,,,,,,,
Ailihen Stereo Headphones,HP Wireless Printer,Lenovo Desktop Computer,DYMO Labeling Tape ,,,,,,,,,,,,,,,,,,,,,,,,,,,,
Otium Wireless Sports Bluetooth Headphone,HP Laptop,CYBERPOWER Gamer Desktop,HP Monitor,DYMO Labeling Tape ,,,,,,,,,,,,,,,,,,,,,,,,,,,
Samsung Monitor,CYBERPOWER Gamer Desktop,,,,,,,,,,,,,,,,,,,,,,,,,,,,,,
HP Laptop,Etekcity Power Extension Cord Cable,Belkin Mouse Pad,JBL Splashproof Portable Bluetooth Speaker,,,,,,,,,,,,,,,,,,,,,,,,,,,,
Dell Desktop,HP Laptop,Wireless Portable Mouse,iPad Pro ,,,,,,,,,,,,,,,,,,,,,,,,,,,,
Computer Game,,,,,,,,,,,,,,,,,,,,,,,,,,,,,,,
Acer Aspire,Apple Wireless Keyboard,,,,,,,,,,,,,,,,,,,,,,,,,,,,,,
Dell Desktop,ViewSonic Monitor,iMac,Lenovo Desktop Computer,Apple Magic Keyboard,Microsoft Office Home and Student 2016,CYBERPOWER Gamer Desktop,Belkin Mouse Pad,Apple MacBook Pro,,,,,,,,,,,,,,,,,,,,,,,
HP Notebook Touchscreen Laptop PC,,,,,,,,,,,,,,,,,,,,,,,,,,,,,,,
Samsung Monitor,Eluktronics Pro Gaming Laptop,Acer Aspire,ViewSonic Monitor,iMac,Lenovo Desktop Computer,CYBERPOWER Gamer Desktop,,,,,,,,,,,,,,,,,,,,,,,,,
Samsung Monitor,Epson Black Ink,CYBERPOWER Gamer Desktop,Apple Wireless Keyboard,,,,,,,,,,,,,,,,,,,,,,,,,,,,
ASUS Chromebook,HP Laptop,Belkin Mouse Pad,Sceptre Monitor,,,,,,,,,,,,,,,,,,,,,,,,,,,,
Apple MacBook Air,Slim Wireless Mouse,Microsoft Wireless Desktop Keyboard and Mouse,,,,,,,,,,,,,,,,,,,,,,,,,,,,,
Apple MacBook Air,,,,,,,,,,,,,,,,,,,,,,,,,,,,,,,
CYBERPOWER Gamer Desktop,Apple Earpods,Wireless Portable Mouse,Microsoft Wireless Desktop Keyboard and Mouse,,,,,,,,,,,,,,,,,,,,,,,,,,,,
iMac,Slim 2TB Portable External Hard Drive,Apple MacBook Pro,Backlit LED Gaming Keyboard,,,,,,,,,,,,,,,,,,,,,,,,,,,,
ViewSonic Monitor,Logitech 3-button Mouse,Logitech Keyboard,,,,,,,,,,,,,,,,,,,,,,,,,,,,,
Lenovo Desktop Computer,,,,,,,,,,,,,,,,,,,,,,,,,,,,,,,
Computer Game,Microsoft Wireless Desktop Keyboard and Mouse,,,,,,,,,,,,,,,,,,,,,,,,,,,,,,
Eluktronics Pro Gaming Laptop,Acer Aspire,Dell Desktop,CYBERPOWER Gamer Desktop,Mackie CR Speakers,Apple Wireless Keyboard,,,,,,,,,,,,,,,,,,,,,,,,,,
iPad Pro ,JBL Splashproof Portable Bluetooth Speaker,,,,,,,,,,,,,,,,,,,,,,,,,,,,,,
HP Laptop,Alienware Laptop,Bose Companion Speakers,Logitech 3-button Mouse,Apple MacBook Pro,,,,,,,,,,,,,,,,,,,,,,,,,,,
HP Wireless Mouse,HP Laptop,iMac,ASUS 2 Monitor,Bose Companion Speakers,CYBERPOWER Gamer Desktop,Backlit LED Gaming Keyboard,,,,,,,,,,,,,,,,,,,,,,,,,
Otium Wireless Sports Bluetooth Headphone,iMac,Dell Monitor,Belkin Mouse Pad,Apple Earpods,Zombie Gaming Headset,,,,,,,,,,,,,,,,,,,,,,,,,,
CYBERPOWER Gamer Desktop,,,,,,,,,,,,,,,,,,,,,,,,,,,,,,,
ASUS Monitor,Lenovo Desktop Computer,CYBERPOWER Gamer Desktop,HDMI Adapter,Apple Earpods,,,,,,,,,,,,,,,,,,,,,,,,,,,
Samsung Monitor,Ailihen Stereo Headphones,HP Laptop,Logitech 3-button Mouse,Microsoft Wireless Desktop Keyboard and Mouse,,,,,,,,,,,,,,,,,,,,,,,,,,,
CYBERPOWER Gamer Desktop,,,,,,,,,,,,,,,,,,,,,,,,,,,,,,,
HP Laptop,CYBERPOWER Gamer Desktop,,,,,,,,,,,,,,,,,,,,,,,,,,,,,,
Acer Monitor,iMac,,,,,,,,,,,,,,,,,,,,,,,,,,,,,,
Backlit LED Gaming Keyboard,,,,,,,,,,,,,,,,,,,,,,,,,,,,,,,
Logitech Desktop MK120 Mouse and keyboard Combo,Acer Aspire,Dell Desktop,Logitech MK270 Wireless Keyboard and Mouse Combo,ViewSonic Monitor,Computer Game,HP Laptop,CYBERPOWER Gamer Desktop,Logitech 3-button Mouse,3-Button Mouse,Microsoft Basic Optical Mouse,HDMI Adapter,Redragon Gaming Mouse,HP Monitor,iPad Pro ,,,,,,,,,,,,,,,,,
Computer Game,ASUS Monitor,Monster Beats By Dr Dre ,Etekcity Power Extension Cord Cable,iPad Pro ,Backlit LED Gaming Keyboard,,,,,,,,,,,,,,,,,,,,,,,,,,
iMac,ASUS 2 Monitor,Sonos,Logitech MK360 Wireless Keyboard and Mouse Combo,Halter Acrylic Monitor Stand,Backlit LED Gaming Keyboard,,,,,,,,,,,,,,,,,,,,,,,,,,
Lenovo Desktop Computer,Epson Printer,Fire TV Stick,Apple MacBook Pro,Canon Office Printer,Backlit LED Gaming Keyboard,,,,,,,,,,,,,,,,,,,,,,,,,,
Apple Magic Keyboard,Halter Mesh Metal Monitor Stand,,,,,,,,,,,,,,,,,,,,,,,,,,,,,,
Epson Printer,Logitech 3-button Mouse,,,,,,,,,,,,,,,,,,,,,,,,,,,,,,
Acer Aspire,iMac,Microsoft Office Home and Student 2016,Ethernet Cable,HP USB Keyboard ,Acer Desktop,Zombie Gaming Headset,,,,,,,,,,,,,,,,,,,,,,,,,
Computer Game,Lenovo Desktop Computer,Etekcity Power Extension Cord Cable,,,,,,,,,,,,,,,,,,,,,,,,,,,,,
Samsung Monitor,Alienware Laptop,CYBERPOWER Gamer Desktop,Apple Earpods,,,,,,,,,,,,,,,,,,,,,,,,,,,,
HP Laptop,ASUS Monitor,3-Button Mouse,iPad Pro ,JBL Splashproof Portable Bluetooth Speaker,,,,,,,,,,,,,,,,,,,,,,,,,,,
Acer Monitor,Logitech 3-button Mouse,Dell Desktop,,,,,,,,,,,,,,,,,,,,,,,,,,,,,
Microsoft Office Home and Student 2016,CYBERPOWER Gamer Desktop,LG Touchscreen Laptop,,,,,,,,,,,,,,,,,,,,,,,,,,,,,
CYBERPOWER Gamer Desktop,Halter Acrylic Monitor Stand,Apple Earpods,,,,,,,,,,,,,,,,,,,,,,,,,,,,,
Apple MacBook Air,,,,,,,,,,,,,,,,,,,,,,,,,,,,,,,
Wireless Portable Mouse,Panasonic In-Ear Headphone,,,,,,,,,,,,,,,,,,,,,,,,,,,,,,
Epson Black Ink,Apple Wireless Keyboard,iPad Pro ,,,,,,,,,,,,,,,,,,,,,,,,,,,,,
Apple MacBook Air,,,,,,,,,,,,,,,,,,,,,,,,,,,,,,,
Otium Wireless Sports Bluetooth Headphone,Computer Game,HP Laptop,Microsoft Headset,JBL Splashproof Portable Bluetooth Speaker,,,,,,,,,,,,,,,,,,,,,,,,,,,
iMac,Epson Printer,HP Monitor,ASUS Desktop,,,,,,,,,,,,,,,,,,,,,,,,,,,,
Monster Beats By Dr Dre,ASUS Chromebook,Acer Desktop,Logitech Wireless Mouse,iMac,3-Button Mouse,Belkin Mouse Pad,,,,,,,,,,,,,,,,,,,,,,,,,
Acer Monitor,ViewSonic Monitor,CYBERPOWER Gamer Desktop,DOSS Touch Wireless Bluetooth,Dell Desktop,Fire HD Tablet,Redragon Gaming Mouse,iPad Pro ,,,,,,,,,,,,,,,,,,,,,,,,
HP Wireless Mouse,iMac,CYBERPOWER Gamer Desktop,Rii LED Gaming Keyboard & Mouse Combo ,Lenovo Desktop Computer,DOSS Touch Wireless Bluetooth,Dell Desktop,,,,,,,,,,,,,,,,,,,,,,,,,
Acer Monitor,HDMI Cable 6ft,Acer Aspire,HP Laptop,,,,,,,,,,,,,,,,,,,,,,,,,,,,
Acer Desktop,Lenovo Desktop Computer,Panasonic In-Ear Headphone ,,,,,,,,,,,,,,,,,,,,,,,,,,,,,
ViewSonic Monitor,HP Laptop,iMac,CYBERPOWER Gamer Desktop,Apple MacBook Pro,JBL Splashproof Portable Bluetooth Speaker,Backlit LED Gaming Keyboard,,,,,,,,,,,,,,,,,,,,,,,,,
Acer Desktop,HP Laptop,,,,,,,,,,,,,,,,,,,,,,,,,,,,,,
LG Monitor,Eluktronics Pro Gaming Laptop,HP Laptop,iMac,Apple Magic Keyboard,Cambridge Bluetooth Speaker,Smart Light Bulb,Apple Wireless Keyboard,,,,,,,,,,,,,,,,,,,,,,,,
HP Laptop,Apple Magic Keyboard,Epson Black Ink,Lenovo Desktop Computer,,,,,,,,,,,,,,,,,,,,,,,,,,,,
3-Button Mouse,ASUS Desktop,Microsoft Wireless Desktop Keyboard and Mouse,,,,,,,,,,,,,,,,,,,,,,,,,,,,,
Samsung Monitor,Acer Desktop,Apple Magic Keyboard,Zombie Gaming Headset,DYMO Label Manker  ,,,,,,,,,,,,,,,,,,,,,,,,,,,
Dell Wired Keyboard,Dell KM117 Wireless Keyboard & Mouse,Backlit LED Gaming Keyboard,,,,,,,,,,,,,,,,,,,,,,,,,,,,,
iPad Pro ,,,,,,,,,,,,,,,,,,,,,,,,,,,,,,,
Otium Wireless Sports Bluetooth Headphone,iMac,Apple Magic Keyboard,Etekcity Power Extension Cord Cable,Microsoft Basic Optical Mouse,ASUS Desktop,iPad Pro ,,,,,,,,,,,,,,,,,,,,,,,,,
3-Button Mouse,,,,,,,,,,,,,,,,,,,,,,,,,,,,,,,
Samsung Monitor,ViewSonic Monitor,HP Laptop,iMac,HP Wireless Printer,Ethernet Cable,Apple Earpods,Logitech Stereo Headset ,Wireless Portable Mouse,Microsoft Wireless Desktop Keyboard and Mouse,,,,,,,,,,,,,,,,,,,,,,
Acer Desktop,ViewSonic Monitor,iMac,Sonos,Apple MacBook Air,Zombie Gaming Headset,,,,,,,,,,,,,,,,,,,,,,,,,,
Epson Printer,,,,,,,,,,,,,,,,,,,,,,,,,,,,,,,
Acer Aspire,Dell Desktop,Apple Wireless Keyboard,,,,,,,,,,,,,,,,,,,,,,,,,,,,,
HP Laptop,Lenovo Desktop Computer,Apple Magic Keyboard,Apple Earpods,Apple MacBook Air,Slim Wireless Mouse,,,,,,,,,,,,,,,,,,,,,,,,,,
Acer Monitor,Logitech Keyboard,LG Touchscreen Laptop,Microsoft Headset,Microsoft Wireless Desktop Keyboard and Mouse,,,,,,,,,,,,,,,,,,,,,,,,,,,
Samsung Monitor,,,,,,,,,,,,,,,,,,,,,,,,,,,,,,,
ASUS Chromebook,HP Laptop,Lenovo Desktop Computer,Slim 2TB Portable External Hard Drive,CYBERPOWER Gamer Desktop,Rii LED Gaming Keyboard & Mouse Combo ,Belkin Mouse Pad,Redragon Gaming Mouse,Apple MacBook Pro,HP Monitor,,,,,,,,,,,,,,,,,,,,,,
Eluktronics Pro Gaming Laptop,HP Laptop,Apple Magic Keyboard,3-Button Mouse,iPad Pro ,,,,,,,,,,,,,,,,,,,,,,,,,,,
Lenovo Desktop Computer,Belkin Mouse Pad,Dell Desktop,Apple MacBook Pro,Apple MacBook Air,Dell KM117 Wireless Keyboard & Mouse,ASUS Desktop,,,,,,,,,,,,,,,,,,,,,,,,,
Slim 2TB Portable External Hard Drive,,,,,,,,,,,,,,,,,,,,,,,,,,,,,,,
iMac,,,,,,,,,,,,,,,,,,,,,,,,,,,,,,,
CYBERPOWER Gamer Desktop,,,,,,,,,,,,,,,,,,,,,,,,,,,,,,,
Dell Desktop,Apple MacBook Pro,Microsoft Headset,,,,,,,,,,,,,,,,,,,,,,,,,,,,,
Acer Aspire,HP Black & Tri-color Ink ,ASUS Monitor,Microsoft Office Home and Student 2016,Etekcity Power Extension Cord Cable,Apple MacBook Pro,Apple MacBook Air,,,,,,,,,,,,,,,,,,,,,,,,,
iMac,Lenovo Desktop Computer,Apple Magic Keyboard,Koss Home Headphones,iPad,,,,,,,,,,,,,,,,,,,,,,,,,,,
Acer Aspire,Dell Desktop,ViewSonic Monitor,Lenovo Desktop Computer,Monster Beats By Dr Dre ,Belkin Mouse Pad,Dell Desktop,Apple MacBook Pro,iPad Pro ,Epson Black Ink,,,,,,,,,,,,,,,,,,,,,,
Apple Earpods,,,,,,,,,,,,,,,,,,,,,,,,,,,,,,,
Acer Monitor,Lenovo Desktop Computer,Slim 2TB Portable External Hard Drive,Logitech 3-button Mouse,Dell Laptop,iPad,,,,,,,,,,,,,,,,,,,,,,,,,,
Samsung Monitor,iPhone Charger Cable, Intel Desktop ,Apple MacBook Air,,,,,,,,,,,,,,,,,,,,,,,,,,,,
iPad Pro ,,,,,,,,,,,,,,,,,,,,,,,,,,,,,,,
Lenovo Desktop Computer,,,,,,,,,,,,,,,,,,,,,,,,,,,,,,,
HP Black & Tri-color Ink ,Etekcity Power Extension Cord Cable,HP USB Keyboard ,,,,,,,,,,,,,,,,,,,,,,,,,,,,,
Samsung Monitor,Ailihen Stereo Headphones,Bose Companion Speakers,,,,,,,,,,,,,,,,,,,,,,,,,,,,,
Lenovo Desktop Computer,Dell Laptop,,,,,,,,,,,,,,,,,,,,,,,,,,,,,,
LG Monitor,HP Laptop,Audio Cable,,,,,,,,,,,,,,,,,,,,,,,,,,,,,
ASUS 2 Monitor,Fire HD Tablet,Apple MacBook Air,,,,,,,,,,,,,,,,,,,,,,,,,,,,,
Acer Monitor,Samsung Monitor,Dell 2 Desktop,iMac,Lenovo Desktop Computer,Logitech 3-button Mouse,3-Button Mouse,Belkin Mouse Pad,HP Monitor,Wireless Portable Mouse,iPhone Charger Cable,iPad Pro ,,,,,,,,,,,,,,,,,,,,
Acer Monitor,Cambridge Bluetooth Speaker,Brother Printer Toner,Microsoft Wireless Desktop Keyboard and Mouse,,,,,,,,,,,,,,,,,,,,,,,,,,,,
ASUS 2 Monitor,Dell Wired Keyboard,CYBERPOWER Gamer Desktop,3-Button Mouse,Microsoft Basic Optical Mouse,HP Monitor,,,,,,,,,,,,,,,,,,,,,,,,,,
Monster Beats By Dr Dre,Samsung Monitor,3-Button Mouse,HP Monitor,Sceptre Monitor,,,,,,,,,,,,,,,,,,,,,,,,,,,
LG Monitor,Halter Acrylic Monitor Stand,Redragon Gaming Mouse,,,,,,,,,,,,,,,,,,,,,,,,,,,,,
HP Desktop,,,,,,,,,,,,,,,,,,,,,,,,,,,,,,,
Sonos,,,,,,,,,,,,,,,,,,,,,,,,,,,,,,,
HP Desktop,,,,,,,,,,,,,,,,,,,,,,,,,,,,,,,
Lenovo Desktop Computer,Microsoft Wireless Desktop Keyboard and Mouse,,,,,,,,,,,,,,,,,,,,,,,,,,,,,,
Epson Printer,Apple Wireless Keyboard,,,,,,,,,,,,,,,,,,,,,,,,,,,,,,
CYBERPOWER Gamer Desktop,Apple MacBook Air,Microsoft Wireless Desktop Keyboard and Mouse,,,,,,,,,,,,,,,,,,,,,,,,,,,,,
3-Button Mouse,Apple Earpods,,,,,,,,,,,,,,,,,,,,,,,,,,,,,,
LG Monitor,ASUS Chromebook,Acer Aspire,ViewSonic Monitor,HP Laptop,iMac,CYBERPOWER Gamer Desktop,Rii LED Gaming Keyboard & Mouse Combo ,Cyber Acoustics,Etekcity Power Extension Cord Cable,Wireless Portable Mouse,PC Gaming Headset,2TB Portable External Hard Drive,,,,,,,,,,,,,,,,,,,
ASUS 2 Monitor,Apple MacBook Pro,Rokono Mini Speaker,,,,,,,,,,,,,,,,,,,,,,,,,,,,,
ASUS Chromebook,Acer Aspire,ViewSonic Monitor,ASUS Monitor,Lenovo Desktop Computer,Apple Magic Keyboard,Cambridge Bluetooth Speaker,Cyber Acoustics,Etekcity Power Extension Cord Cable,HP Monitor,Wireless Portable Mouse,JBL Splashproof Portable Bluetooth Speaker,Canon Ink ,,,,,,,,,,,,,,,,,,,
Lenovo Desktop Computer,Apple MacBook Pro,Samsung Galaxy Tablet,,,,,,,,,,,,,,,,,,,,,,,,,,,,,
HP Wireless Mouse,HP Laptop,iMac,ASUS 2 Monitor,Sonos,CYBERPOWER Gamer Desktop,Dell Desktop,Apple Earpods,iPad Pro ,Logitech Keyboard,,,,,,,,,,,,,,,,,,,,,,
Zombie Gaming Headset,,,,,,,,,,,,,,,,,,,,,,,,,,,,,,,
Acer Desktop,Fire TV Stick,Apple Wireless Keyboard,iPad Pro ,JBL Splashproof Portable Bluetooth Speaker,,,,,,,,,,,,,,,,,,,,,,,,,,,
Apple Wireless Keyboard,Dell Laptop,,,,,,,,,,,,,,,,,,,,,,,,,,,,,,
Dell Desktop,Dell 2 Desktop,Lenovo Desktop Computer,Apple Earpods,Dell KM117 Wireless Keyboard & Mouse,,,,,,,,,,,,,,,,,,,,,,,,,,,
Samsung Charging Cable,USB Cable,,,,,,,,,,,,,,,,,,,,,,,,,,,,,,
LG Monitor,Computer Game,HP Laptop,Apple MacBook Air,,,,,,,,,,,,,,,,,,,,,,,,,,,,
Lenovo Desktop Computer,Epson Black Ink,CYBERPOWER Gamer Desktop,Microsoft Basic Optical Mouse,Apple MacBook Pro,Kindle ,,,,,,,,,,,,,,,,,,,,,,,,,,
iPad Pro ,JBL Splashproof Portable Bluetooth Speaker,,,,,,,,,,,,,,,,,,,,,,,,,,,,,,
HP Laptop,CYBERPOWER Gamer Desktop,Halter Acrylic Monitor Stand,,,,,,,,,,,,,,,,,,,,,,,,,,,,,
HP Wireless Mouse,Acer Aspire,Computer Game,Apple MacBook Pro,,,,,,,,,,,,,,,,,,,,,,,,,,,,
LG Monitor,Computer Game,CYBERPOWER Gamer Desktop,Belkin Mouse Pad,Full Motion Monitor Mount,Apple Earpods,Slim Wireless Mouse,Epson Black Ink,,,,,,,,,,,,,,,,,,,,,,,,
ViewSonic Monitor,,,,,,,,,,,,,,,,,,,,,,,,,,,,,,,
HDMI Cable 6ft,Dell Desktop,Acer Desktop,HP Laptop,iMac,Dell Wired Keyboard,Epson Printer,Logitech 3-button Mouse,Apple Earpods,Microsoft Wireless Desktop Keyboard and Mouse,,,,,,,,,,,,,,,,,,,,,,
iMac,CYBERPOWER Gamer Desktop,,,,,,,,,,,,,,,,,,,,,,,,,,,,,,
Apple Earpods,Apple MacBook Air,Epson Black Ink,,,,,,,,,,,,,,,,,,,,,,,,,,,,,
CYBERPOWER Gamer Desktop,Belkin Mouse Pad,,,,,,,,,,,,,,,,,,,,,,,,,,,,,,
Dell Desktop,Koss Home Headphones,CYBERPOWER Gamer Desktop,Dell Laptop,,,,,,,,,,,,,,,,,,,,,,,,,,,,
Dell Desktop,Acer Desktop,Logitech 3-button Mouse,,,,,,,,,,,,,,,,,,,,,,,,,,,,,
Samsung Monitor,Eluktronics Pro Gaming Laptop,Dell Desktop,ViewSonic Monitor,iMac,Bose Companion Speakers,Microsoft Office Home and Student 2016,CYBERPOWER Gamer Desktop,Brother Printer Toner,Belkin Mouse Pad,Microsoft Basic Optical Mouse,Apple Earpods,HP Monitor,,,,,,,,,,,,,,,,,,,
Apple MacBook Air,,,,,,,,,,,,,,,,,,,,,,,,,,,,,,,
Logitech Desktop MK120 Mouse and keyboard Combo,Dell Desktop,Lenovo Desktop Computer,Bose Companion Speakers,Logitech 3-button Mouse,3-Button Mouse,,,,,,,,,,,,,,,,,,,,,,,,,,
Otium Wireless Sports Bluetooth Headphone,CYBERPOWER Gamer Desktop,Dell Laptop,,,,,,,,,,,,,,,,,,,,,,,,,,,,,
iMac,Apple Wireless Keyboard,2TB Portable External Hard Drive,Microsoft Wireless Desktop Keyboard and Mouse,,,,,,,,,,,,,,,,,,,,,,,,,,,,
Apple Earpods,Apple MacBook Air,,,,,,,,,,,,,,,,,,,,,,,,,,,,,,
CYBERPOWER Gamer Desktop,Apple MacBook Air,,,,,,,,,,,,,,,,,,,,,,,,,,,,,,
HP Wireless Printer,Bose Companion Speakers,CYBERPOWER Gamer Desktop,3-Button Mouse,Apple MacBook Air,,,,,,,,,,,,,,,,,,,,,,,,,,,
Samsung Monitor,HP Laptop,Panasonic In-Ear Headphone ,Fire HD Tablet,HP Monitor,,,,,,,,,,,,,,,,,,,,,,,,,,,
LG Monitor,Computer Game,HP Laptop,Alienware Laptop,,,,,,,,,,,,,,,,,,,,,,,,,,,,
Eluktronics Pro Gaming Laptop,HP Laptop,Logitech MK550 Wireless Wave Keyboard and Mouse Combo,Epson Printer,,,,,,,,,,,,,,,,,,,,,,,,,,,,
Samsung Monitor,Slim 2TB Portable External Hard Drive,Panasonic In-Ear Headphone ,CYBERPOWER Gamer Desktop,HP Desktop,Microsoft Wireless Desktop Keyboard and Mouse,,,,,,,,,,,,,,,,,,,,,,,,,,
CYBERPOWER Gamer Desktop,Apple Earpods,Apple MacBook Air,Wireless Portable Mouse,Microsoft Wireless Desktop Keyboard and Mouse,,,,,,,,,,,,,,,,,,,,,,,,,,,
Acer Desktop,Dell Laptop,,,,,,,,,,,,,,,,,,,,,,,,,,,,,,
3-Button Mouse,ASUS Desktop,,,,,,,,,,,,,,,,,,,,,,,,,,,,,,
Apple Earpods,HP Monitor,,,,,,,,,,,,,,,,,,,,,,,,,,,,,,
iMac,,,,,,,,,,,,,,,,,,,,,,,,,,,,,,,
Microsoft Office Home and Student 2016,ASUS Desktop,PC Gaming Headset,,,,,,,,,,,,,,,,,,,,,,,,,,,,,
Apple Earpods,,,,,,,,,,,,,,,,,,,,,,,,,,,,,,,
Acer Desktop,,,,,,,,,,,,,,,,,,,,,,,,,,,,,,,
Lenovo Desktop Computer,Bose Companion Speakers,Microsoft Office Home and Student 2016,CYBERPOWER Gamer Desktop,,,,,,,,,,,,,,,,,,,,,,,,,,,,
Acer Monitor,LG Monitor,Acer Desktop,,,,,,,,,,,,,,,,,,,,,,,,,,,,,
Dell Laptop,,,,,,,,,,,,,,,,,,,,,,,,,,,,,,,
Samsung Monitor,AOC Monitor,Apple MacBook Air,,,,,,,,,,,,,,,,,,,,,,,,,,,,,
Etekcity Power Extension Cord Cable,,,,,,,,,,,,,,,,,,,,,,,,,,,,,,,
Dell Desktop,Acer Desktop,Apple Earpods,Apple MacBook Air,Microsoft Wireless Comfort Keyboard and Mouse,,,,,,,,,,,,,,,,,,,,,,,,,,,
Acer Aspire,HP Laptop,iMac,,,,,,,,,,,,,,,,,,,,,,,,,,,,,
iPad Pro ,,,,,,,,,,,,,,,,,,,,,,,,,,,,,,,
iMac,CYBERPOWER Gamer Desktop,,,,,,,,,,,,,,,,,,,,,,,,,,,,,,
Apple Wireless Keyboard,,,,,,,,,,,,,,,,,,,,,,,,,,,,,,,
Dell Desktop,Backlit LED Gaming Keyboard,,,,,,,,,,,,,,,,,,,,,,,,,,,,,,
Apple MacBook Air,,,,,,,,,,,,,,,,,,,,,,,,,,,,,,,
Apple MacBook Air,,,,,,,,,,,,,,,,,,,,,,,,,,,,,,,
Apple MacBook Air,,,,,,,,,,,,,,,,,,,,,,,,,,,,,,,
Philips Flexible Earhook Headphone,,,,,,,,,,,,,,,,,,,,,,,,,,,,,,,
CYBERPOWER Gamer Desktop,Belkin Mouse Pad,Backlit LED Gaming Keyboard,,,,,,,,,,,,,,,,,,,,,,,,,,,,,
3-Button Mouse,,,,,,,,,,,,,,,,,,,,,,,,,,,,,,,
iMac,HP Wireless Printer,,,,,,,,,,,,,,,,,,,,,,,,,,,,,,
Logitech MK270 Wireless Keyboard and Mouse Combo,ViewSonic Monitor,HP Laptop,Monster Beats By Dr Dre ,Cyber Acoustics,Etekcity Power Extension Cord Cable,Belkin Mouse Pad,Apple Wireless Keyboard,Apple MacBook Pro,Zombie Gaming Headset,,,,,,,,,,,,,,,,,,,,,,
iMac,,,,,,,,,,,,,,,,,,,,,,,,,,,,,,,
Lenovo Desktop Computer,CYBERPOWER Gamer Desktop,,,,,,,,,,,,,,,,,,,,,,,,,,,,,,
ViewSonic Monitor,HP Laptop,iMac,Lenovo Desktop Computer,CYBERPOWER Gamer Desktop,Microsoft Headset,Sceptre Monitor,,,,,,,,,,,,,,,,,,,,,,,,,
3-Button Mouse,,,,,,,,,,,,,,,,,,,,,,,,,,,,,,,
Apple MacBook Air,,,,,,,,,,,,,,,,,,,,,,,,,,,,,,,
Samsung Monitor,,,,,,,,,,,,,,,,,,,,,,,,,,,,,,,
Dell Desktop,HP Laptop,Lenovo Desktop Computer,Apple Wired Keyboard,Apple Earpods,,,,,,,,,,,,,,,,,,,,,,,,,,,
Acer Monitor,Acer Aspire,Dell Desktop,iMac,ASUS Monitor,Apple Magic Keyboard,,,,,,,,,,,,,,,,,,,,,,,,,,
CYBERPOWER Gamer Desktop,,,,,,,,,,,,,,,,,,,,,,,,,,,,,,,
Acer Monitor,Acer Desktop,HP Laptop,iMac,,,,,,,,,,,,,,,,,,,,,,,,,,,,
Samsung Monitor,HP Laptop,Backlit LED Gaming Keyboard,Microsoft Wireless Desktop Keyboard and Mouse,,,,,,,,,,,,,,,,,,,,,,,,,,,,
iMac,CYBERPOWER Gamer Desktop,,,,,,,,,,,,,,,,,,,,,,,,,,,,,,
iMac,Apple MacBook Air,,,,,,,,,,,,,,,,,,,,,,,,,,,,,,
iMac,Epson Printer,,,,,,,,,,,,,,,,,,,,,,,,,,,,,,
HDMI Cable 6ft,Acer Desktop,HP Black & Tri-color Ink ,HP Laptop,ASUS Monitor,CYBERPOWER Gamer Desktop,AOC Monitor,Etekcity Power Extension Cord Cable,Halter Acrylic Monitor Stand,Apple Earpods,,,,,,,,,,,,,,,,,,,,,,
iMac,Lenovo Desktop Computer,AOC Monitor,Backlit LED Gaming Keyboard,,,,,,,,,,,,,,,,,,,,,,,,,,,,
ASUS Chromebook,Acer Aspire,Acer Desktop,Lenovo Desktop Computer,CYBERPOWER Gamer Desktop,Rii LED Gaming Keyboard & Mouse Combo ,Belkin Mouse Pad,Computer Game,Apple MacBook Pro,,,,,,,,,,,,,,,,,,,,,,,
Microsoft Office Home and Student 2016,CYBERPOWER Gamer Desktop,Apple Earpods,,,,,,,,,,,,,,,,,,,,,,,,,,,,,
Apple Earpods,Wireless Portable Mouse,,,,,,,,,,,,,,,,,,,,,,,,,,,,,,
iMac,Lenovo Desktop Computer,Slim 2TB Portable External Hard Drive,Fire HD Tablet,Apple MacBook Pro,Backlit LED Gaming Keyboard,,,,,,,,,,,,,,,,,,,,,,,,,,
HDMI Cable 6ft,Acer Desktop,iMac,CYBERPOWER Gamer Desktop,,Backlit LED Gaming Keyboard,,,,,,,,,,,,,,,,,,,,,,,,,,
ASUS 2 Monitor,Lenovo Desktop Computer,Height-Adjustable Standing Desk,Logitech 3-button Mouse,Belkin Mouse Pad,Dell Desktop,iPhone Charger Cable,Apple TV,DYMO Labeling Tape ,,,,,,,,,,,,,,,,,,,,,,,
Apple MacBook Pro,,,,,,,,,,,,,,,,,,,,,,,,,,,,,,,
Alienware Laptop,Apple Wireless Keyboard,,,,,,,,,,,,,,,,,,,,,,,,,,,,,,
LG Monitor,HP Laptop,,,,,,,,,,,,,,,,,,,,,,,,,,,,,,
LG Monitor,Computer Game,Microsoft Wireless Desktop Keyboard and Mouse,,,,,,,,,,,,,,,,,,,,,,,,,,,,,
Logitech Desktop MK120 Mouse and keyboard Combo,HP Laptop,iMac,Etekcity Power Extension Cord Cable,Apple Wireless Keyboard,HP Desktop,,,,,,,,,,,,,,,,,,,,,,,,,,
 Intel Desktop ,Apple Earpods,,,,,,,,,,,,,,,,,,,,,,,,,,,,,,
Dell Desktop,Dell 2 Desktop,ViewSonic Monitor,HP Laptop,Lenovo Desktop Computer,CYBERPOWER Gamer Desktop,Microsoft Wireless Desktop Keyboard and Mouse,,,,,,,,,,,,,,,,,,,,,,,,,
CYBERPOWER Gamer Desktop,,,,,,,,,,,,,,,,,,,,,,,,,,,,,,,
Acer Aspire,HP Laptop,iMac,Belkin Mouse Pad,Apple MacBook Air,Backlit LED Gaming Keyboard,,,,,,,,,,,,,,,,,,,,,,,,,,
Acer Monitor,Samsung Monitor,ViewSonic Monitor,Lenovo Desktop Computer,Height-Adjustable Standing Desk,CYBERPOWER Gamer Desktop,Logitech 3-button Mouse,Monster Beats By Dr Dre ,Belkin Mouse Pad,Apple Wireless Keyboard,,,,,,,,,,,,,,,,,,,,,,
Apple Magic Keyboard,,,,,,,,,,,,,,,,,,,,,,,,,,,,,,,
Dell Desktop,ASUS Monitor,Alienware Laptop,Logitech 3-button Mouse,ASUS Desktop,,,,,,,,,,,,,,,,,,,,,,,,,,,
Acer Monitor,Acer Desktop,CYBERPOWER Gamer Desktop,Apple MacBook Pro,,,,,,,,,,,,,,,,,,,,,,,,,,,,
Samsung Monitor,Dell Desktop,iMac,Dell Wired Keyboard,Epson Printer,Microsoft Office Home and Student 2016,CYBERPOWER Gamer Desktop,AOC Monitor,Mackie CR Speakers,Apple Earpods,Zombie Gaming Headset,USB Cable,iPhone Charger Cable,iPad Pro ,Microsoft Wireless Desktop Keyboard and Mouse,,,,,,,,,,,,,,,,,
Samsung Monitor,Acer Aspire,Dell Desktop,iMac,Apple MacBook Pro,HP Desktop,Zombie Gaming Headset,Backlit LED Gaming Keyboard,,,,,,,,,,,,,,,,,,,,,,,,
Samsung Monitor,CYBERPOWER Gamer Desktop,Apple Earpods,HP Desktop,,,,,,,,,,,,,,,,,,,,,,,,,,,,
Panasonic In-Ear Headphone ,CYBERPOWER Gamer Desktop,Belkin Mouse Pad,Apple Earpods,Microsoft Wireless Desktop Keyboard and Mouse,,,,,,,,,,,,,,,,,,,,,,,,,,,
iPad,,,,,,,,,,,,,,,,,,,,,,,,,,,,,,,
Dell Desktop,Dell 2 Desktop,Microsoft Basic Optical Mouse,APIE Bluetooth Headphone,Apple Earpods,,,,,,,,,,,,,,,,,,,,,,,,,,,
Acer Desktop,iMac,Alienware Laptop, Intel Desktop ,Microsoft Office Home and Student 2016,CYBERPOWER Gamer Desktop,Logitech 3-button Mouse,,,,,,,,,,,,,,,,,,,,,,,,,
Acer Aspire,Dell Desktop,Logitech MK270 Wireless Keyboard and Mouse Combo,HP Wireless Printer, Intel Desktop ,CYBERPOWER Gamer Desktop,Apple MacBook Pro,HP Monitor,,,,,,,,,,,,,,,,,,,,,,,,
Eluktronics Pro Gaming Laptop,Acer Desktop,HP Laptop,ASUS Monitor, Intel Desktop ,Height-Adjustable Standing Desk,Microsoft Office Home and Student 2016,3-Button Mouse,Mackie CR Speakers,Belkin Mouse Pad,Ethernet Cable,Halter Acrylic Monitor Stand,Apple Wireless Keyboard,Logitech Multimedia Speakers,Sceptre Monitor,,,,,,,,,,,,,,,,,
HP Laptop,iMac,ASUS 2 Monitor,Apple Wired Keyboard,ASUS 2 Monitor,CYBERPOWER Gamer Desktop,Logitech 3-button Mouse,Logitech MK360 Wireless Keyboard and Mouse Combo,Apple Wireless Keyboard,,,,,,,,,,,,,,,,,,,,,,,
5TB Desktop Hard Drive,CYBERPOWER Gamer Desktop,Apple Earpods,,,,,,,,,,,,,,,,,,,,,,,,,,,,,
HDMI Cable 6ft,ASUS Chromebook,HP Laptop,Backlit LED Gaming Keyboard,,,,,,,,,,,,,,,,,,,,,,,,,,,,
HDMI Cable 6ft,CYBERPOWER Gamer Desktop,,,,,,,,,,,,,,,,,,,,,,,,,,,,,,
ASUS Monitor,Apple MacBook Air,iPhone Charger Cable,,,,,,,,,,,,,,,,,,,,,,,,,,,,,
iPad Pro ,,,,,,,,,,,,,,,,,,,,,,,,,,,,,,,
ASUS Chromebook,ViewSonic Monitor,Belkin Mouse Pad,Apple MacBook Pro,Apple Earpods,,,,,,,,,,,,,,,,,,,,,,,,,,,
Acer Monitor,Eluktronics Pro Gaming Laptop,,,,,,,,,,,,,,,,,,,,,,,,,,,,,,
Otium Wireless Sports Bluetooth Headphone,Acer Aspire,HP Laptop,Apple MacBook Air,,,,,,,,,,,,,,,,,,,,,,,,,,,,
iMac,ASUS 2 Monitor,Height-Adjustable Standing Desk,3-Button Mouse,Rii LED Gaming Keyboard & Mouse Combo ,Halter Acrylic Monitor Stand,Wireless Portable Mouse,,,,,,,,,,,,,,,,,,,,,,,,,
Samsung Monitor,HP Laptop,CYBERPOWER Gamer Desktop,Apple Earpods,,,,,,,,,,,,,,,,,,,,,,,,,,,,
Samsung Monitor,HP Laptop,,,,,,,,,,,,,,,,,,,,,,,,,,,,,,
CYBERPOWER Gamer Desktop,Apple Earpods,,,,,,,,,,,,,,,,,,,,,,,,,,,,,,
ViewSonic Monitor,AOC Monitor,Dell Desktop,iPhone Charger Cable,,,,,,,,,,,,,,,,,,,,,,,,,,,,
Samsung Monitor,ViewSonic Monitor,iMac,ASUS Monitor,Acer Desktop,,,,,,,,,,,,,,,,,,,,,,,,,,,
Samsung Monitor,ViewSonic Monitor,HP Laptop,iMac,ASUS 2 Monitor,Lenovo Desktop Computer,Logitech MK550 Wireless Wave Keyboard and Mouse Combo,AOC Monitor,,,,,,,,,,,,,,,,,,,,,,,,
Otium Wireless Sports Bluetooth Headphone,LG Monitor,Computer Game,USB Cable,Microsoft Office Home and Student 2016,AOC Monitor,Rii LED Gaming Keyboard & Mouse Combo ,Lenovo Desktop Computer,Apple MacBook Air,,,,,,,,,,,,,,,,,,,,,,,
Samsung Monitor,iMac,Lenovo Desktop Computer,3-Button Mouse,Panasonic On-Ear Stereo Headphones,Apple MacBook Pro,Apple Earpods,Apple MacBook Air,Apple MacBook Air,Samsung Galaxy Tablet,Halter Mesh Metal Monitor Stand,,,,,,,,,,,,,,,,,,,,,
Acer Aspire,Panasonic In-Ear Headphone,,,,,,,,,,,,,,,,,,,,,,,,,,,,,,
Dell Laptop,iPad,,,,,,,,,,,,,,,,,,,,,,,,,,,,,,
Apple Wireless Keyboard,,,,,,,,,,,,,,,,,,,,,,,,,,,,,,,
Samsung Monitor,Dell Desktop,Acer Desktop,HP Laptop,iMac,ASUS 2 Monitor,HP Wireless Printer,Lenovo Desktop Computer,Apple Magic Keyboard, Intel Desktop ,Logitech 3-button Mouse,Zombie Gaming Headset,,,,,,,,,,,,,,,,,,,,
ASUS Chromebook,Acer Aspire,Dell Desktop,Acer Desktop,HP Wireless Printer, Intel Desktop ,CYBERPOWER Gamer Desktop,Dell Laptop,,,,,,,,,,,,,,,,,,,,,,,,
Dell 2 Desktop,HP Laptop,Alienware Laptop,Lenovo Desktop Computer,Panasonic In-Ear Headphone ,CYBERPOWER Gamer Desktop,Apple Earpods,,,,,,,,,,,,,,,,,,,,,,,,,
Cambridge Bluetooth Speaker,Etekcity Power Extension Cord Cable,Apple MacBook Pro,Apple MacBook Air,Halter Mesh Metal Monitor Stand,,,,,,,,,,,,,,,,,,,,,,,,,,,
ASUS Chromebook,HP Black & Tri-color Ink ,iMac,,,,,,,,,,,,,,,,,,,,,,,,,,,,,
Samsung Monitor,Otium Wireless Sports Bluetooth Headphone,ViewSonic Monitor,HP Laptop,iMac,Alienware Laptop,Lenovo Desktop Computer,3-Button Mouse,Wireless Portable Mouse,,,,,,,,,,,,,,,,,,,,,,,
CYBERPOWER Gamer Desktop,,,,,,,,,,,,,,,,,,,,,,,,,,,,,,,
Acer Monitor,CYBERPOWER Gamer Desktop,HP Monitor,,,,,,,,,,,,,,,,,,,,,,,,,,,,,
Samsung Monitor,LG Monitor,iMac,Lenovo Desktop Computer,CYBERPOWER Gamer Desktop,Logitech 3-button Mouse,iPad Pro ,Microsoft Wireless Desktop Keyboard and Mouse,,,,,,,,,,,,,,,,,,,,,,,,
Acer Desktop,iMac,Apple Magic Keyboard,Smart Light Bulb,,,,,,,,,,,,,,,,,,,,,,,,,,,,
Logitech MK270 Wireless Keyboard and Mouse Combo,iMac,Smart Light Bulb,Sceptre Monitor,Rokono Mini Speaker,,,,,,,,,,,,,,,,,,,,,,,,,,,
Logitech ClearChat Headset,,,,,,,,,,,,,,,,,,,,,,,,,,,,,,,
Apple Wireless Keyboard,,,,,,,,,,,,,,,,,,,,,,,,,,,,,,,
Apple Earpods,LG Touchscreen Laptop,,,,,,,,,,,,,,,,,,,,,,,,,,,,,,
Apple MacBook Air,iPhone Charger Cable,Dell KM117 Wireless Keyboard & Mouse,,,,,,,,,,,,,,,,,,,,,,,,,,,,,
ASUS Monitor,Apple TV,,,,,,,,,,,,,,,,,,,,,,,,,,,,,,
HP Monitor,Monster Beats By Dr Dre,,,,,,,,,,,,,,,,,,,,,,,,,,,,,,
Otium Wireless Sports Bluetooth Headphone,HP Desktop,,,,,,,,,,,,,,,,,,,,,,,,,,,,,,
Acer Desktop,ASUS Monitor,ASUS 2 Monitor,Dell Laptop,,,,,,,,,,,,,,,,,,,,,,,,,,,,
HP Laptop,Microsoft Office Home and Student 2016,,,,,,,,,,,,,,,,,,,,,,,,,,,,,,
Acer Monitor,AOC Monitor,3-Button Mouse,HP USB Keyboard ,Apple Earpods,Microsoft Wireless Desktop Keyboard and Mouse,,,,,,,,,,,,,,,,,,,,,,,,,,
ASUS Desktop,,,,,,,,,,,,,,,,,,,,,,,,,,,,,,,
Dell Desktop,iMac,Panasonic In-Ear Headphone ,Height-Adjustable Standing Desk,CYBERPOWER Gamer Desktop,Fire HD Tablet,,,,,,,,,,,,,,,,,,,,,,,,,,
iMac,AOC Monitor,Slim Wireless Mouse,,,,,,,,,,,,,,,,,,,,,,,,,,,,,
Apple MacBook Air,,,,,,,,,,,,,,,,,,,,,,,,,,,,,,,
Apple MacBook Air,,,,,,,,,,,,,,,,,,,,,,,,,,,,,,,
HP Laptop,Apple Magic Keyboard,3-Button Mouse,Dell KM117 Wireless Keyboard & Mouse,,,,,,,,,,,,,,,,,,,,,,,,,,,,
Apple Earpods,,,,,,,,,,,,,,,,,,,,,,,,,,,,,,,
CYBERPOWER Gamer Desktop,Apple Earpods,HP Desktop,iPad,Backlit LED Gaming Keyboard,,,,,,,,,,,,,,,,,,,,,,,,,,,
VGA Monitor Cable,,,,,,,,,,,,,,,,,,,,,,,,,,,,,,,
CYBERPOWER Gamer Desktop,,,,,,,,,,,,,,,,,,,,,,,,,,,,,,,
HP Wireless Printer,Logitech Keyboard,,,,,,,,,,,,,,,,,,,,,,,,,,,,,,
Apple MacBook Air,,,,,,,,,,,,,,,,,,,,,,,,,,,,,,,
ASUS Monitor,Microsoft Office Home and Student 2016,Cyber Acoustics,HP Monitor,Backlit LED Gaming Keyboard,,,,,,,,,,,,,,,,,,,,,,,,,,,
iMac,ASUS Monitor,Lenovo Desktop Computer,Epson Printer,Microsoft Office Home and Student 2016,Dell Desktop,,,,,,,,,,,,,,,,,,,,,,,,,,
Apple MacBook Air,,,,,,,,,,,,,,,,,,,,,,,,,,,,,,,
Apple Wireless Keyboard,,,,,,,,,,,,,,,,,,,,,,,,,,,,,,,
HP Wireless Mouse,Eluktronics Pro Gaming Laptop,Acer Desktop,Computer Game,HP Laptop,iMac,ASUS Monitor,Lenovo Desktop Computer,Apple Magic Keyboard,AOC Monitor,ASUS Desktop,Dell Laptop,,,,,,,,,,,,,,,,,,,,
Apple Earpods,ASUS Desktop,,,,,,,,,,,,,,,,,,,,,,,,,,,,,,
ASUS Chromebook,HP Laptop,Microsoft Office Home and Student 2016,3-Button Mouse,,,,,,,,,,,,,,,,,,,,,,,,,,,,
Apple Wired Keyboard,3-Button Mouse,,,,,,,,,,,,,,,,,,,,,,,,,,,,,,
Acer Aspire,Dell Desktop,HP Laptop,Logitech Keyboard,,,,,,,,,,,,,,,,,,,,,,,,,,,,
Apple MacBook Air,,,,,,,,,,,,,,,,,,,,,,,,,,,,,,,
CYBERPOWER Gamer Desktop,Apple Earpods,,,,,,,,,,,,,,,,,,,,,,,,,,,,,,
Acer Desktop,Monster Beats By Dr Dre ,Logitech Keyboard,,,,,,,,,,,,,,,,,,,,,,,,,,,,,
Acer Desktop,,,,,,,,,,,,,,,,,,,,,,,,,,,,,,,
iMac,Smart Light Bulb,Apple MacBook Pro,Apple Earpods,Dell Laptop,Sceptre Monitor,,,,,,,,,,,,,,,,,,,,,,,,,,
Dell Laptop,,,,,,,,,,,,,,,,,,,,,,,,,,,,,,,
Samsung Monitor,iMac,CYBERPOWER Gamer Desktop,Apple MacBook Air,,,,,,,,,,,,,,,,,,,,,,,,,,,,
Acer Desktop,iMac,,,,,,,,,,,,,,,,,,,,,,,,,,,,,,
HP Laptop,CYBERPOWER Gamer Desktop,,,,,,,,,,,,,,,,,,,,,,,,,,,,,,
HP Wireless Printer,Panasonic In-Ear Headphone ,Logitech MK550 Wireless Wave Keyboard and Mouse Combo,AOC Monitor,Logitech 3-button Mouse,,,,,,,,,,,,,,,,,,,,,,,,,,,
Acer Monitor,,,,,,,,,,,,,,,,,,,,,,,,,,,,,,,
Acer Aspire,HP Laptop,ASUS Monitor,iPad,,,,,,,,,,,,,,,,,,,,,,,,,,,,
Acer Aspire,Bose Companion Speakers,iPad Pro ,,,,,,,,,,,,,,,,,,,,,,,,,,,,,
Acer Desktop,ASUS 2 Monitor,Apple Earpods,Apple MacBook Air,USB Cable,Brother Printer,,,,,,,,,,,,,,,,,,,,,,,,,,
Dell Desktop,ViewSonic Monitor,iMac,ASUS 2 Monitor,Lenovo Desktop Computer,Epson Printer,Microsoft Office Home and Student 2016,,,,,,,,,,,,,,,,,,,,,,,,,
Acer Monitor,HP Laptop,iMac,Lenovo Desktop Computer,Epson Black Ink, Intel Desktop ,CYBERPOWER Gamer Desktop,3-Button Mouse,,,,,,,,,,,,,,,,,,,,,,,,
Acer Desktop,HP Laptop,Alienware Laptop,Epson Printer,Logitech 3-button Mouse,Computer Game,Samsung Charging Cable,HP Monitor,ASUS Desktop,DYMO Labeling Tape ,,,,,,,,,,,,,,,,,,,,,,
Apple MacBook Air,,,,,,,,,,,,,,,,,,,,,,,,,,,,,,,
LG Monitor,Acer Aspire,Apple Earpods,Apple MacBook Air,Dell Laptop,Brother Printer,,,,,,,,,,,,,,,,,,,,,,,,,,
CYBERPOWER Gamer Desktop,Backlit LED Gaming Keyboard,,,,,,,,,,,,,,,,,,,,,,,,,,,,,,
Apple MacBook Air,,,,,,,,,,,,,,,,,,,,,,,,,,,,,,,
Acer Aspire,Dell Desktop,Acer Desktop,HP Laptop,,,,,,,,,,,,,,,,,,,,,,,,,,,,
Logitech MK270 Wireless Keyboard and Mouse Combo,iMac,LG Touchscreen Laptop,JBL Splashproof Portable Bluetooth Speaker,Backlit LED Gaming Keyboard,,,,,,,,,,,,,,,,,,,,,,,,,,,
Dell Desktop,,,,,,,,,,,,,,,,,,,,,,,,,,,,,,,
Ailihen Stereo Headphones,Brother Printer,Microsoft Wireless Desktop Keyboard and Mouse,,,,,,,,,,,,,,,,,,,,,,,,,,,,,
Dell Desktop,3-Button Mouse,Apple Earpods,,,,,,,,,,,,,,,,,,,,,,,,,,,,,
Slim 2TB Portable External Hard Drive,3-Button Mouse,,,,,,,,,,,,,,,,,,,,,,,,,,,,,,
Samsung Monitor,Acer Desktop,iMac,Computer Game,,,,,,,,,,,,,,,,,,,,,,,,,,,,
iMac,,,,,,,,,,,,,,,,,,,,,,,,,,,,,,,
Samsung Monitor,Google Home,Acer Desktop,Apple MacBook Air,,,,,,,,,,,,,,,,,,,,,,,,,,,,
LG Monitor,AOC Monitor,3-Button Mouse,Microsoft Wireless Desktop Keyboard and Mouse,,,,,,,,,,,,,,,,,,,,,,,,,,,,
iMac,CYBERPOWER Gamer Desktop,Backlit LED Gaming Keyboard,,,,,,,,,,,,,,,,,,,,,,,,,,,,,
Samsung Monitor,iMac,HP Wireless Printer,HP Notebook Touchscreen Laptop PC,Apple MacBook Air,,,,,,,,,,,,,,,,,,,,,,,,,,,
3-Button Mouse,Apple Earpods,,,,,,,,,,,,,,,,,,,,,,,,,,,,,,
Apple Earpods,,,,,,,,,,,,,,,,,,,,,,,,,,,,,,,
Dell Desktop,Logitech MK270 Wireless Keyboard and Mouse Combo,iMac,Halter Acrylic Monitor Stand,Apple MacBook Pro,HP Monitor,,,,,,,,,,,,,,,,,,,,,,,,,,
iMac,Apple MacBook Pro,iPad Pro ,,,,,,,,,,,,,,,,,,,,,,,,,,,,,
Apple MacBook Air,,,,,,,,,,,,,,,,,,,,,,,,,,,,,,,
Acer Desktop,iMac,,,,,,,,,,,,,,,,,,,,,,,,,,,,,,
Logitech Desktop MK120 Mouse and keyboard Combo,Acer Aspire,Dell Desktop,Acer Desktop,Dell 2 Desktop,ViewSonic Monitor,HP Black & Tri-color Ink ,iMac,ASUS Monitor,Epson Printer,Samsung Charging Cable,Microsoft Basic Optical Mouse,Apple MacBook Pro,HP Laptop,Brother Printer,iPad Pro ,Halter Mesh Metal Monitor Stand,,,,,,,,,,,,,,,
Lenovo Desktop Computer,Dell Laptop,PC Gaming Headset,,,,,,,,,,,,,,,,,,,,,,,,,,,,,
Apple Magic Keyboard,Smart Light Bulb,,,,,,,,,,,,,,,,,,,,,,,,,,,,,,
Kensington Headphones ,Dell Desktop,Apple MacBook Pro,Microsoft Wireless Comfort Keyboard and Mouse,Microsoft Wireless Desktop Keyboard and Mouse,,,,,,,,,,,,,,,,,,,,,,,,,,,
Samsung Monitor,Height-Adjustable Standing Desk,Acer Desktop,iPad,,,,,,,,,,,,,,,,,,,,,,,,,,,,
HP Laptop, Intel Desktop ,CYBERPOWER Gamer Desktop,,,,,,,,,,,,,,,,,,,,,,,,,,,,,
Backlit LED Gaming Keyboard,,,,,,,,,,,,,,,,,,,,,,,,,,,,,,,
LG Touchscreen Laptop,,,,,,,,,,,,,,,,,,,,,,,,,,,,,,,
Samsung Monitor,Otium Wireless Sports Bluetooth Headphone,Acer Desktop,HP Laptop,Lenovo Desktop Computer,CYBERPOWER Gamer Desktop,Logitech 3-button Mouse,Apple MacBook Pro,Apple Earpods,HP Monitor,Backlit LED Gaming Keyboard,,,,,,,,,,,,,,,,,,,,,
Acer Desktop,,,,,,,,,,,,,,,,,,,,,,,,,,,,,,,
Lenovo Desktop Computer,Bose Companion Speakers,Apple Earpods,Dell KM117 Wireless Keyboard & Mouse,Wireless Portable Mouse,,,,,,,,,,,,,,,,,,,,,,,,,,,
ASUS Chromebook,Ailihen Stereo Headphones,CYBERPOWER Gamer Desktop,Belkin Mouse Pad,,,,,,,,,,,,,,,,,,,,,,,,,,,,
HP Laptop,,,,,,,,,,,,,,,,,,,,,,,,,,,,,,,
Rokono Mini Speaker,,,,,,,,,,,,,,,,,,,,,,,,,,,,,,,
Dell Desktop,,,,,,,,,,,,,,,,,,,,,,,,,,,,,,,
Samsung Monitor,Otium Wireless Sports Bluetooth Headphone,Dell Desktop,Apple Earpods,Brother Printer,,,,,,,,,,,,,,,,,,,,,,,,,,,
Acer Monitor,Acer Aspire,CYBERPOWER Gamer Desktop,Rii LED Gaming Keyboard & Mouse Combo ,ASUS Desktop,,,,,,,,,,,,,,,,,,,,,,,,,,,
Dell Desktop,Acer Desktop,ViewSonic Monitor,iMac,Lenovo Desktop Computer,CYBERPOWER Gamer Desktop,Fire TV Stick,Redragon Gaming Mouse,APIE Bluetooth Headphone,Brother Printer,Microsoft Wireless Desktop Keyboard and Mouse,,,,,,,,,,,,,,,,,,,,,
Acer Aspire,Bose Companion Speakers,3TB Portable External Hard Drive,Apple MacBook Pro,Brother Printer,,,,,,,,,,,,,,,,,,,,,,,,,,,
LG Monitor,Apple MacBook Pro,Apple MacBook Air,,,,,,,,,,,,,,,,,,,,,,,,,,,,,
Apple Earpods,Epson Black Ink,,,,,,,,,,,,,,,,,,,,,,,,,,,,,,
iMac,,,,,,,,,,,,,,,,,,,,,,,,,,,,,,,
Canon Ink ,,,,,,,,,,,,,,,,,,,,,,,,,,,,,,,
ASUS Monitor,CYBERPOWER Gamer Desktop,Backlit LED Gaming Keyboard,,,,,,,,,,,,,,,,,,,,,,,,,,,,,
Epson Printer,Dell Desktop,Apple Wireless Keyboard,,,,,,,,,,,,,,,,,,,,,,,,,,,,,
HP Wireless Mouse,HP Wireless Printer,Lenovo Desktop Computer,Epson Printer,Microsoft Office Home and Student 2016,Lenovo Desktop Computer,Cyber Acoustics,Audio Cable,Apple MacBook Pro,Backlit LED Gaming Keyboard,,,,,,,,,,,,,,,,,,,,,,
Acer Monitor,ViewSonic Monitor,iMac,Alienware Laptop,Apple Magic Keyboard,CYBERPOWER Gamer Desktop,3-Button Mouse,DOSS Touch Wireless Bluetooth,Apple Wireless Keyboard,Apple MacBook Pro,Apple TV,2TB Portable External Hard Drive,,,,,,,,,,,,,,,,,,,,
Dell Desktop,Lenovo Desktop Computer,Dell Wired Keyboard,CYBERPOWER Gamer Desktop,Apple MacBook Pro,Apple Earpods,Acer Desktop,2TB Portable External Hard Drive,,,,,,,,,,,,,,,,,,,,,,,,
ViewSonic Monitor,iMac,Microsoft Office Home and Student 2016,,,,,,,,,,,,,,,,,,,,,,,,,,,,,
Otium Wireless Sports Bluetooth Headphone,Acer Aspire,Acer Desktop,ASUS 2 Monitor,Lenovo Desktop Computer,Apple Magic Keyboard,Microsoft Office Home and Student 2016,3-Button Mouse,Rii LED Gaming Keyboard & Mouse Combo ,HP Monitor,Apple MacBook Air,Slim Wireless Mouse,Dell Laptop,Dell Laptop,Brother Printer,iPad Pro ,Microsoft Wireless Desktop Keyboard and Mouse,,,,,,,,,,,,,,,
Eluktronics Pro Gaming Laptop,,,,,,,,,,,,,,,,,,,,,,,,,,,,,,,
Dell Desktop,iPad Pro ,,,,,,,,,,,,,,,,,,,,,,,,,,,,,,
iMac,,,,,,,,,,,,,,,,,,,,,,,,,,,,,,,
iMac,HP Wireless Printer,CYBERPOWER Gamer Desktop,3-Button Mouse,Backlit LED Gaming Keyboard,,,,,,,,,,,,,,,,,,,,,,,,,,,
Eluktronics Pro Gaming Laptop,Acer Aspire,ASUS Monitor,Epson Printer,Cyber Acoustics,Fire TV Stick,Apple Wireless Keyboard,,,,,,,,,,,,,,,,,,,,,,,,,
Acer Monitor,Samsung Monitor,ASUS 2 Monitor,Apple Magic Keyboard,Epson Printer,HDMI Adapter,ASUS Desktop,iPad,,,,,,,,,,,,,,,,,,,,,,,,
Apple Earpods,Apple MacBook Air,,,,,,,,,,,,,,,,,,,,,,,,,,,,,,
Apple Magic Keyboard,Mackie CR Speakers,Microsoft Wireless Comfort Keyboard and Mouse,,,,,,,,,,,,,,,,,,,,,,,,,,,,,
iMac,ASUS Monitor,Lenovo Desktop Computer,Cambridge Bluetooth Speaker,Apple MacBook Pro,Apple MacBook Air,Apple MacBook Air,Dell Laptop,Halter Mesh Metal Monitor Stand,,,,,,,,,,,,,,,,,,,,,,,
Acer Aspire,ViewSonic Monitor,HP Laptop,Lenovo Desktop Computer,Apple MacBook Pro,Microsoft Headset,,,,,,,,,,,,,,,,,,,,,,,,,,
Acer Desktop,Apple Wireless Keyboard,,,,,,,,,,,,,,,,,,,,,,,,,,,,,,
ViewSonic Monitor,Alienware Laptop,Epson Printer,3-Button Mouse,Apple TV,Brother Printer,iPad Pro ,,,,,,,,,,,,,,,,,,,,,,,,,
Acer Desktop,ViewSonic Monitor,3TB Portable External Hard Drive,HP Monitor,Logitech Keyboard,,,,,,,,,,,,,,,,,,,,,,,,,,,
Computer Game,HP Laptop,iMac,Computer Game,Apple MacBook Air,Logitech Keyboard,,,,,,,,,,,,,,,,,,,,,,,,,,
Dell Desktop,Logitech MK270 Wireless Keyboard and Mouse Combo,Etekcity Power Extension Cord Cable,Full Motion Monitor Mount,Logitech Multimedia Speakers,HP Monitor,Logitech Stereo Headset ,,,,,,,,,,,,,,,,,,,,,,,,,
HP Laptop,Logitech 3-button Mouse,Apple Earpods,Apple MacBook Air,Microsoft Wireless Desktop Keyboard and Mouse,,,,,,,,,,,,,,,,,,,,,,,,,,,
Acer Aspire,CYBERPOWER Gamer Desktop,Apple MacBook Pro,Dell KM117 Wireless Keyboard & Mouse,Backlit LED Gaming Keyboard,,,,,,,,,,,,,,,,,,,,,,,,,,,
Apple MacBook Air,Microsoft Wireless Desktop Keyboard and Mouse,,,,,,,,,,,,,,,,,,,,,,,,,,,,,,
ViewSonic Monitor,HP Laptop,iMac,ASUS 2 Monitor, Intel Desktop ,Microsoft Office Home and Student 2016,Acer Desktop,iPad Pro ,,,,,,,,,,,,,,,,,,,,,,,,
Dell Desktop,Acer Desktop,iMac,ASUS 2 Monitor,Lenovo Desktop Computer,Cambridge Bluetooth Speaker,,,,,,,,,,,,,,,,,,,,,,,,,,
Alienware Laptop,,,,,,,,,,,,,,,,,,,,,,,,,,,,,,,
ViewSonic Monitor,,,,,,,,,,,,,,,,,,,,,,,,,,,,,,,
LG Monitor,iMac,Belkin Mouse Pad,,,,,,,,,,,,,,,,,,,,,,,,,,,,,
Acer Desktop,Lenovo Desktop Computer,Sonos,Apple Earpods,,,,,,,,,,,,,,,,,,,,,,,,,,,,
Apple MacBook Air,Backlit LED Gaming Keyboard,,,,,,,,,,,,,,,,,,,,,,,,,,,,,,
Dell Desktop,iMac,ASUS Monitor,Logitech 3-button Mouse,,,,,,,,,,,,,,,,,,,,,,,,,,,,
LG Monitor,Acer Desktop,HP Laptop,iMac,Lenovo Desktop Computer,Ailihen Stereo Headphones,Rii LED Gaming Keyboard & Mouse Combo ,Dell Desktop,Smart Light Bulb,ASUS Desktop,Microsoft Headset,,,,,,,,,,,,,,,,,,,,,
Acer Desktop,iPad Pro ,,,,,,,,,,,,,,,,,,,,,,,,,,,,,,
CYBERPOWER Gamer Desktop,,,,,,,,,,,,,,,,,,,,,,,,,,,,,,,
Otium Wireless Sports Bluetooth Headphone,Samsung Monitor,iMac,ASUS Monitor,Bose Companion Speakers,Epson Printer,Microsoft Basic Optical Mouse,Redragon Gaming Mouse,2TB Portable External Hard Drive,,,,,,,,,,,,,,,,,,,,,,,
Apple Earpods,,,,,,,,,,,,,,,,,,,,,,,,,,,,,,,
ViewSonic Monitor,,,,,,,,,,,,,,,,,,,,,,,,,,,,,,,
ViewSonic Monitor,Dell KM117 Wireless Keyboard & Mouse,,,,,,,,,,,,,,,,,,,,,,,,,,,,,,
Samsung Monitor,ASUS Monitor,3-Button Mouse,Apple MacBook Air,Microsoft Wireless Desktop Keyboard and Mouse,,,,,,,,,,,,,,,,,,,,,,,,,,,
ASUS Monitor,LG Touchscreen Laptop,,,,,,,,,,,,,,,,,,,,,,,,,,,,,,
Samsung Charging Cable,Dell KM117 Wireless Keyboard & Mouse,Apple TV,,,,,,,,,,,,,,,,,,,,,,,,,,,,,
ASUS Chromebook,Acer Aspire,Acer Desktop,ViewSonic Monitor,HP Laptop,Apple Magic Keyboard,Belkin Mouse Pad,Full Motion Monitor Mount,Redragon Gaming Mouse,Microsoft Wireless Desktop Keyboard and Mouse,,,,,,,,,,,,,,,,,,,,,,
HDMI Cable 6ft,LG Monitor,Alienware Laptop,Fire TV Stick,Microsoft Wireless Desktop Keyboard and Mouse,,,,,,,,,,,,,,,,,,,,,,,,,,,
CYBERPOWER Gamer Desktop,HP Monitor,,,,,,,,,,,,,,,,,,,,,,,,,,,,,,
Dell Desktop,CYBERPOWER Gamer Desktop,,,,,,,,,,,,,,,,,,,,,,,,,,,,,,
Samsung Monitor,Dell Desktop,iMac,ASUS 2 Monitor,Alienware Laptop,Apple Magic Keyboard,CYBERPOWER Gamer Desktop,USB Cable,Epson Black Ink,,,,,,,,,,,,,,,,,,,,,,,
Dell Desktop,iMac, Intel Desktop ,Epson Printer,CYBERPOWER Gamer Desktop,Dell Laptop,iPad,Logitech Keyboard,,,,,,,,,,,,,,,,,,,,,,,,
Apple Earpods,,,,,,,,,,,,,,,,,,,,,,,,,,,,,,,
iMac,3-Button Mouse,,,,,,,,,,,,,,,,,,,,,,,,,,,,,,
Acer Desktop,,,,,,,,,,,,,,,,,,,,,,,,,,,,,,,
iMac,,,,,,,,,,,,,,,,,,,,,,,,,,,,,,,
HP Wireless Mouse,ASUS Chromebook,iMac,Apple MacBook Pro,Backlit LED Gaming Keyboard,,,,,,,,,,,,,,,,,,,,,,,,,,,
ViewSonic Monitor,HP Laptop,Apple Magic Keyboard,Apple MacBook Air,iPhone Charger Cable,Microsoft Wireless Desktop Keyboard and Mouse,,,,,,,,,,,,,,,,,,,,,,,,,,
CYBERPOWER Gamer Desktop,XIBERIA Gaming Headset,,,,,,,,,,,,,,,,,,,,,,,,,,,,,,
ASUS Monitor,Apple Magic Keyboard,Microsoft Office Home and Student 2016,CYBERPOWER Gamer Desktop,,,,,,,,,,,,,,,,,,,,,,,,,,,,
Dell Desktop,Panasonic In-Ear Headphone ,CYBERPOWER Gamer Desktop,iPad Pro ,Logitech Keyboard,,,,,,,,,,,,,,,,,,,,,,,,,,,
Samsung Monitor,HP Wireless Mouse,ASUS Chromebook,ViewSonic Monitor,HP Laptop,ASUS 2 Monitor,Lenovo Desktop Computer, Intel Desktop ,Sonos,Backlit LED Gaming Keyboard,,,,,,,,,,,,,,,,,,,,,,
Apple Earpods,,,,,,,,,,,,,,,,,,,,,,,,,,,,,,,
CYBERPOWER Gamer Desktop,Apple MacBook Pro,Apple Earpods,,,,,,,,,,,,,,,,,,,,,,,,,,,,,
Dell Desktop,Acer Desktop,ViewSonic Monitor,HP Laptop,HP Wireless Printer,Apple Magic Keyboard,Panasonic In-Ear Headphone ,3-Button Mouse,Microsoft Wireless Desktop Keyboard and Mouse,,,,,,,,,,,,,,,,,,,,,,,
Dell Desktop,ViewSonic Monitor,HP Laptop,Logitech Wireless Mouse,Halter Mesh Metal Monitor Stand,,,,,,,,,,,,,,,,,,,,,,,,,,,
Bose Companion Speakers,3-Button Mouse,Apple Wireless Keyboard,Dell KM117 Wireless Keyboard & Mouse,Logitech Keyboard,,,,,,,,,,,,,,,,,,,,,,,,,,,
ViewSonic Monitor,HP Laptop,Microsoft Office Home and Student 2016,Dell Desktop,Apple Wireless Keyboard,Apple MacBook Pro,Apple Earpods,Apple MacBook Air,Dell KM117 Wireless Keyboard & Mouse,Wireless Portable Mouse,Dell Laptop,,,,,,,,,,,,,,,,,,,,,
Acer Desktop,HP Wireless Printer,CYBERPOWER Gamer Desktop,3-Button Mouse,HP Desktop,,,,,,,,,,,,,,,,,,,,,,,,,,,
iMac,Logitech 3-button Mouse,Backlit LED Gaming Keyboard,,,,,,,,,,,,,,,,,,,,,,,,,,,,,
HP Wireless Printer,3TB Portable External Hard Drive,,,,,,,,,,,,,,,,,,,,,,,,,,,,,,
HP Laptop,Cambridge Bluetooth Speaker,Cyber Acoustics,Halter Acrylic Monitor Stand,Apple Wireless Keyboard,,,,,,,,,,,,,,,,,,,,,,,,,,,
LG Monitor,Eluktronics Pro Gaming Laptop,Lenovo Desktop Computer, Intel Desktop ,Apple Wired Keyboard,Epson Printer,Cyber Acoustics,Apple Wireless Keyboard,Apple Earpods,Wireless Portable Mouse,HP Desktop,PC Gaming Headset,,,,,,,,,,,,,,,,,,,,
Acer Monitor,Microsoft Office Home and Student 2016,,,,,,,,,,,,,,,,,,,,,,,,,,,,,,
iMac,Lenovo Desktop Computer,Panasonic In-Ear Headphone ,Height-Adjustable Standing Desk,CYBERPOWER Gamer Desktop,Cyber Acoustics,Dell Laptop,,,,,,,,,,,,,,,,,,,,,,,,,
Acer Monitor,LG Monitor,Acer Aspire,Acer Desktop,HP Laptop,Apple Magic Keyboard,Bose Companion Speakers,USB Cable,Dell Monitor,Slim Wireless Mouse,Backlit LED Gaming Keyboard,,,,,,,,,,,,,,,,,,,,,
Apple Magic Keyboard,Apple Earpods,,,,,,,,,,,,,,,,,,,,,,,,,,,,,,
ASUS 2 Monitor,,,,,,,,,,,,,,,,,,,,,,,,,,,,,,,
HP Laptop,iMac,Dell Monitor,CYBERPOWER Gamer Desktop,Cyber Acoustics,Apple Wireless Keyboard,Apple Earpods,HP Monitor,Apple MacBook Air,Rii LED Keyboard,PC Gaming Headset,,,,,,,,,,,,,,,,,,,,,
HDMI Cable 6ft,Apple MacBook Pro,Apple Earpods,,,,,,,,,,,,,,,,,,,,,,,,,,,,,
iMac,ASUS 2 Monitor,CYBERPOWER Gamer Desktop,3-Button Mouse,Cyber Acoustics,Belkin Mouse Pad,,,,,,,,,,,,,,,,,,,,,,,,,,
iMac,ASUS Monitor,Apple Magic Keyboard,Epson Black Ink,Koss Home Headphones,Logitech MK550 Wireless Wave Keyboard and Mouse Combo,Dell Wired Keyboard,Epson Printer,Zombie Gaming Headset,,,,,,,,,,,,,,,,,,,,,,,
Apple Earpods,,,,,,,,,,,,,,,,,,,,,,,,,,,,,,,
Belkin Mouse Pad,,,,,,,,,,,,,,,,,,,,,,,,,,,,,,,
Acer Desktop,,,,,,,,,,,,,,,,,,,,,,,,,,,,,,,
HP Laptop,Logitech Wireless Mouse,Logitech Keyboard,CYBERPOWER Gamer Desktop,Apple Earpods,,,,,,,,,,,,,,,,,,,,,,,,,,,
iMac,Belkin Mouse Pad,Logitech Keyboard,,,,,,,,,,,,,,,,,,,,,,,,,,,,,
LG Monitor,Dell Desktop,iMac,CYBERPOWER Gamer Desktop,Belkin Mouse Pad,,,,,,,,,,,,,,,,,,,,,,,,,,,
Samsung Monitor,Otium Wireless Sports Bluetooth Headphone,Logitech Desktop MK120 Mouse and keyboard Combo,Acer Aspire,Dell Desktop,Acer Desktop,ViewSonic Monitor,Computer Game,HP Black & Tri-color Ink ,HP Laptop,iMac,ASUS 2 Monitor,Lenovo Desktop Computer,Apple Magic Keyboard,Koss Home Headphones, Intel Desktop ,Epson Printer,Logitech 3-button Mouse,3-Button Mouse,Brother Printer Toner,Belkin Mouse Pad,,,,,,,,,,,
ASUS 2 Monitor,Lenovo Desktop Computer,Epson Printer,,,,,,,,,,,,,,,,,,,,,,,,,,,,,
Apple MacBook Air,,,,,,,,,,,,,,,,,,,,,,,,,,,,,,,
iPad Pro ,,,,,,,,,,,,,,,,,,,,,,,,,,,,,,,
Microsoft Headset,,,,,,,,,,,,,,,,,,,,,,,,,,,,,,,
Sonos,,,,,,,,,,,,,,,,,,,,,,,,,,,,,,,
Apple MacBook Pro,,,,,,,,,,,,,,,,,,,,,,,,,,,,,,,
Monster Beats By Dr Dre,LG Monitor,Acer Aspire,Dell Desktop,ViewSonic Monitor,HP Laptop,iMac,ASUS 2 Monitor,HP Wireless Printer,Lenovo Desktop Computer,Epson Printer,Logitech 3-button Mouse,Brother Printer Toner,Etekcity Power Extension Cord Cable,HP USB Keyboard ,HP Monitor,,,,,,,,,,,,,,,,
Acer Aspire,Dell Desktop,ViewSonic Monitor,HP Black & Tri-color Ink ,HP Laptop,iMac,Lenovo Desktop Computer,Apple MacBook Pro,Apple MacBook Air,,,,,,,,,,,,,,,,,,,,,,,
HP Wireless Mouse,Acer Aspire,Lenovo Desktop Computer,Apple Magic Keyboard,Apple Wired Keyboard,Belkin Mouse Pad,USB Cable,,,,,,,,,,,,,,,,,,,,,,,,,
Acer Aspire,iMac,Panasonic In-Ear Headphone ,CYBERPOWER Gamer Desktop,3-Button Mouse,Monster Beats By Dr Dre ,Apple Wireless Keyboard,Apple MacBook Pro,Apple Earpods,Apple MacBook Air,Apple MacBook Air,Philips Flexible Earhook Headphone,Wireless Portable Mouse,Dell Laptop,,,,,,,,,,,,,,,,,,
Apple MacBook Pro,Large Mouse Pad,HP Desktop,,,,,,,,,,,,,,,,,,,,,,,,,,,,,
Acer Desktop,Dell 2 Desktop,ViewSonic Monitor,HP Laptop,iMac,Apple Magic Keyboard,,,,,,,,,,,,,,,,,,,,,,,,,,
iMac,ASUS 2 Monitor,Lenovo Desktop Computer,Epson Printer,Belkin Mouse Pad,iPhone Charger Cable,Generic Black 3-Button,Halter Acrylic Monitor Stand,Apple Earpods,DYMO Labeling Tape ,,,,,,,,,,,,,,,,,,,,,,
Eluktronics Pro Gaming Laptop,iMac,ASUS 2 Monitor,HP Wireless Printer,,,,,,,,,,,,,,,,,,,,,,,,,,,,
Logitech Desktop MK120 Mouse and keyboard Combo,Eluktronics Pro Gaming Laptop,ViewSonic Monitor,HP Laptop,iMac,Lenovo Desktop Computer,Logitech MK550 Wireless Wave Keyboard and Mouse Combo,Generic Black 3-Button,ASUS Desktop,Dell Laptop,iPad,Brother Printer,,,,,,,,,,,,,,,,,,,,
HDMI Cable 6ft,ASUS Chromebook,Dell Desktop,Acer Desktop,HP Laptop,iMac,HP Wireless Printer,Lenovo Desktop Computer,Apple Magic Keyboard,Koss Home Headphones,Dell Monitor,CYBERPOWER Gamer Desktop,Apple Earpods,ASUS Desktop,Dell Laptop,,,,,,,,,,,,,,,,,
Acer Aspire,Acer Desktop,HP Laptop,Full Motion Monitor Mount,,,,,,,,,,,,,,,,,,,,,,,,,,,,
Samsung Monitor,HP Laptop,HP Wireless Printer,Microsoft Office Home and Student 2016,3-Button Mouse,iPad Pro ,,,,,,,,,,,,,,,,,,,,,,,,,,
Lenovo Desktop Computer,,,,,,,,,,,,,,,,,,,,,,,,,,,,,,,
ASUS Monitor,,,,,,,,,,,,,,,,,,,,,,,,,,,,,,,
HP Wireless Mouse,Eluktronics Pro Gaming Laptop,iMac,CYBERPOWER Gamer Desktop,Rii LED Gaming Keyboard & Mouse Combo ,Belkin Mouse Pad,Apple Wireless Keyboard,Apple MacBook Air,Brother Printer,Microsoft Wireless Desktop Keyboard and Mouse,,,,,,,,,,,,,,,,,,,,,,
Slim 2TB Portable External Hard Drive,CYBERPOWER Gamer Desktop,ASUS Desktop,Microsoft Wireless Desktop Keyboard and Mouse,,,,,,,,,,,,,,,,,,,,,,,,,,,,
Computer Game,Apple MacBook Pro,Apple Earpods,Apple MacBook Air,Microsoft Headset,Samsung Galaxy Tablet,iPad Pro ,DYMO Labeling Tape ,,,,,,,,,,,,,,,,,,,,,,,,
Apple MacBook Air,,,,,,,,,,,,,,,,,,,,,,,,,,,,,,,
ASUS Monitor,3-Button Mouse,Brother Printer Toner,LG Touchscreen Laptop,Zombie Gaming Headset,,,,,,,,,,,,,,,,,,,,,,,,,,,
ViewSonic Monitor,ASUS Monitor,Logitech Keyboard,,,,,,,,,,,,,,,,,,,,,,,,,,,,,
Samsung Monitor,HDMI Cable 6ft,Otium Wireless Sports Bluetooth Headphone,LG Monitor,Dell Desktop,Acer Desktop,Logitech MK270 Wireless Keyboard and Mouse Combo,HP Laptop,iMac,ASUS Monitor,Apple Magic Keyboard,Cambridge Bluetooth Speaker,Ailihen Stereo Headphones,Sonos,Microsoft Office Home and Student 2016,3-Button Mouse,Apple Earpods,Zombie Gaming Headset,Zombie Gaming Headset,,,,,,,,,,,,,
HDMI Cable 6ft,iMac,Apple Wired Keyboard,CYBERPOWER Gamer Desktop,Wireless Portable Mouse,Backlit LED Gaming Keyboard,,,,,,,,,,,,,,,,,,,,,,,,,,
Apple Earpods,Apple MacBook Air,,,,,,,,,,,,,,,,,,,,,,,,,,,,,,
HP Wireless Mouse,Dell Desktop,iMac,3-Button Mouse,Apple Earpods,ASUS Desktop,Wireless Portable Mouse,Dell Laptop,,,,,,,,,,,,,,,,,,,,,,,,
Samsung Monitor,Acer Desktop,iMac,CYBERPOWER Gamer Desktop,Rii LED Gaming Keyboard & Mouse Combo ,Etekcity Power Extension Cord Cable,Apple Earpods,,,,,,,,,,,,,,,,,,,,,,,,,
HP Laptop,Apple Earpods,,,,,,,,,,,,,,,,,,,,,,,,,,,,,,
iMac,Apple MacBook Air,,,,,,,,,,,,,,,,,,,,,,,,,,,,,,
ViewSonic Monitor,,,,,,,,,,,,,,,,,,,,,,,,,,,,,,,
HP Wireless Mouse,HP Laptop,iMac,,,,,,,,,,,,,,,,,,,,,,,,,,,,,
Dell Desktop,Acer Desktop,iMac,ASUS 2 Monitor,Lenovo Desktop Computer,Epson Printer,Cambridge Bluetooth Speaker,AOC Monitor,Apple Wireless Keyboard,Acer Desktop,Apple MacBook Air,Brother Printer,,,,,,,,,,,,,,,,,,,,
LG Monitor,ViewSonic Monitor,Logitech 3-button Mouse,Apple Earpods,Apple MacBook Air,,,,,,,,,,,,,,,,,,,,,,,,,,,
Dell Desktop,Acer Desktop,ViewSonic Monitor,iMac,Lenovo Desktop Computer,Slim 2TB Portable External Hard Drive,Microsoft Office Home and Student 2016,AOC Monitor,Fire TV Stick,Apple Earpods,,,,,,,,,,,,,,,,,,,,,,
HP Wireless Mouse,iPad Pro ,,,,,,,,,,,,,,,,,,,,,,,,,,,,,,
HP Laptop,ASUS 2 Monitor,3-Button Mouse,Logitech MK360 Wireless Keyboard and Mouse Combo,Slim Wireless Mouse,Rii LED Keyboard,Microsoft Headset,iPad Pro ,,,,,,,,,,,,,,,,,,,,,,,,
Apple Magic Keyboard,2TB Portable External Hard Drive,,,,,,,,,,,,,,,,,,,,,,,,,,,,,,
iMac,Apple Magic Keyboard,,,,,,,,,,,,,,,,,,,,,,,,,,,,,,
ViewSonic Monitor,HP Laptop,iMac,Apple MacBook Pro,Apple MacBook Air,,,,,,,,,,,,,,,,,,,,,,,,,,,
Samsung Monitor,Dell 2 Desktop,iMac,Lenovo Desktop Computer,Microsoft Office Home and Student 2016,,,,,,,,,,,,,,,,,,,,,,,,,,,
Epson Printer,,,,,,,,,,,,,,,,,,,,,,,,,,,,,,,
ASUS Chromebook,iMac,ASUS Monitor,CYBERPOWER Gamer Desktop,Redragon Gaming Mouse,Apple MacBook Air,,,,,,,,,,,,,,,,,,,,,,,,,,
ViewSonic Monitor,iMac,Lenovo Desktop Computer,,,,,,,,,,,,,,,,,,,,,,,,,,,,,
CYBERPOWER Gamer Desktop,Logitech 3-button Mouse,Apple MacBook Pro,,,,,,,,,,,,,,,,,,,,,,,,,,,,,
Apple MacBook Air,Dell Laptop,,,,,,,,,,,,,,,,,,,,,,,,,,,,,,
Fire TV Stick,Apple Wireless Keyboard,Dell Laptop,PC Gaming Headset,,,,,,,,,,,,,,,,,,,,,,,,,,,,
ASUS Chromebook,Logitech Keyboard,,,,,,,,,,,,,,,,,,,,,,,,,,,,,,
Epson Printer,Cambridge Bluetooth Speaker,,,,,,,,,,,,,,,,,,,,,,,,,,,,,,
Apple MacBook Pro,Dell Laptop,,,,,,,,,,,,,,,,,,,,,,,,,,,,,,
Microsoft Office Home and Student 2016,,,,,,,,,,,,,,,,,,,,,,,,,,,,,,,
Sonos,Dell Desktop,iPad Pro ,JBL Splashproof Portable Bluetooth Speaker,,,,,,,,,,,,,,,,,,,,,,,,,,,,
Sonos,Monster Beats By Dr Dre ,Logitech MK360 Wireless Keyboard and Mouse Combo,Apple Wireless Keyboard,Sceptre Monitor,,,,,,,,,,,,,,,,,,,,,,,,,,,
ASUS Monitor,Apple Magic Keyboard,Logitech 3-button Mouse,3-Button Mouse,Full Motion Monitor Mount,HP Monitor,ASUS Desktop,,,,,,,,,,,,,,,,,,,,,,,,,
Samsung Monitor,,,,,,,,,,,,,,,,,,,,,,,,,,,,,,,
HDMI Cable 6ft,Dell Desktop,Google Home,ASUS Desktop,Brother Printer,Backlit LED Gaming Keyboard,,,,,,,,,,,,,,,,,,,,,,,,,,
Acer Aspire,Acer Desktop,HP Laptop,iMac,ASUS Monitor, Intel Desktop ,Microsoft Office Home and Student 2016,DOSS Touch Wireless Bluetooth,HP Monitor,USB Cable,iPad Pro ,,,,,,,,,,,,,,,,,,,,,
Dell KM117 Wireless Keyboard & Mouse,,,,,,,,,,,,,,,,,,,,,,,,,,,,,,,
ASUS Monitor,Belkin Mouse Pad,,,,,,,,,,,,,,,,,,,,,,,,,,,,,,
iMac,Apple MacBook Pro,HP Monitor,,,,,,,,,,,,,,,,,,,,,,,,,,,,,
Logitech MK550 Wireless Wave Keyboard and Mouse Combo,Backlit LED Gaming Keyboard,,,,,,,,,,,,,,,,,,,,,,,,,,,,,,
Brother Printer,,,,,,,,,,,,,,,,,,,,,,,,,,,,,,,
Computer Game,Apple Earpods,Microsoft Wireless Desktop Keyboard and Mouse,,,,,,,,,,,,,,,,,,,,,,,,,,,,,
3-Button Mouse,Apple Earpods,,,,,,,,,,,,,,,,,,,,,,,,,,,,,,
Computer Game,CYBERPOWER Gamer Desktop,,,,,,,,,,,,,,,,,,,,,,,,,,,,,,
Sonos,Apple Earpods,HP Monitor,,,,,,,,,,,,,,,,,,,,,,,,,,,,,
HP Black & Tri-color Ink ,,,,,,,,,,,,,,,,,,,,,,,,,,,,,,,
Acer Aspire,Acer Desktop,ASUS 2 Monitor,Microsoft Office Home and Student 2016,HP USB Keyboard ,Apple Wireless Keyboard,,,,,,,,,,,,,,,,,,,,,,,,,,
AOC Monitor,Apple Earpods,Apple MacBook Air,,,,,,,,,,,,,,,,,,,,,,,,,,,,,
Acer Desktop,ViewSonic Monitor,Dell Desktop,Apple Wireless Keyboard,Apple MacBook Air,,,,,,,,,,,,,,,,,,,,,,,,,,,
Acer Desktop,Rii LED Keyboard,,,,,,,,,,,,,,,,,,,,,,,,,,,,,,
Sonos,Apple Earpods,Apple MacBook Air,Slim Wireless Mouse,,,,,,,,,,,,,,,,,,,,,,,,,,,,
Logitech Keyboard,,,,,,,,,,,,,,,,,,,,,,,,,,,,,,,
ASUS Chromebook,Dell Desktop,Epson Printer,Microsoft Basic Optical Mouse,Apple MacBook Pro,Apple Earpods,,,,,,,,,,,,,,,,,,,,,,,,,,
Apple MacBook Air,,,,,,,,,,,,,,,,,,,,,,,,,,,,,,,
Redragon Gaming Mouse,Dell Laptop,Dell Laptop,,,,,,,,,,,,,,,,,,,,,,,,,,,,,
Apple Magic Keyboard,,,,,,,,,,,,,,,,,,,,,,,,,,,,,,,
Microsoft Wireless Desktop Keyboard and Mouse,,,,,,,,,,,,,,,,,,,,,,,,,,,,,,,
Dell 2 Desktop,HP Laptop,Lenovo Desktop Computer,,,,,,,,,,,,,,,,,,,,,,,,,,,,,
iMac,Logitech Keyboard,,,,,,,,,,,,,,,,,,,,,,,,,,,,,,
ViewSonic Monitor,Microsoft Office Home and Student 2016,,,,,,,,,,,,,,,,,,,,,,,,,,,,,,
LG Monitor,Acer Desktop,HP Laptop,iMac,Lenovo Desktop Computer,iPhone Charger Cable,Microsoft Basic Optical Mouse,Apple Earpods,Zombie Gaming Headset,,,,,,,,,,,,,,,,,,,,,,,
Samsung Monitor,LG Monitor,Ailihen Stereo Headphones,Acer Aspire,Dell 2 Desktop,Apple Magic Keyboard,Apple Earpods,HP Monitor,1TB Portable External Hard Drive,Eluktronics Pro Gaming Laptop,,,,,,,,,,,,,,,,,,,,,,
Apple MacBook Pro,,,,,,,,,,,,,,,,,,,,,,,,,,,,,,,
Sonos,Apple MacBook Pro,,,,,,,,,,,,,,,,,,,,,,,,,,,,,,
Dell 2 Desktop,ViewSonic Monitor,iMac,HP Wireless Printer,Lenovo Desktop Computer,Apple Magic Keyboard, Intel Desktop ,Brother Printer Toner,Ethernet Cable,HP Monitor,,,,,,,,,,,,,,,,,,,,,,
Apple MacBook Air,Microsoft Wireless Desktop Keyboard and Mouse,,,,,,,,,,,,,,,,,,,,,,,,,,,,,,
LG Monitor,Dell 2 Desktop,iMac,HP Wireless Printer,Apple Magic Keyboard,HP Monitor,iPad,,,,,,,,,,,,,,,,,,,,,,,,,
Sonos,Apple Earpods,Dell Laptop,,,,,,,,,,,,,,,,,,,,,,,,,,,,,
ASUS 2 Monitor,Lenovo Desktop Computer,Wireless Portable Mouse,,,,,,,,,,,,,,,,,,,,,,,,,,,,,
Samsung Monitor,HP Wireless Printer,Apple Earpods,,,,,,,,,,,,,,,,,,,,,,,,,,,,,
CYBERPOWER Gamer Desktop,DOSS Touch Wireless Bluetooth,Apple MacBook Air,,,,,,,,,,,,,,,,,,,,,,,,,,,,,
HP Laptop,Microsoft Office Home and Student 2016,Apple Earpods,,,,,,,,,,,,,,,,,,,,,,,,,,,,,
HP Laptop,3-Button Mouse,,,,,,,,,,,,,,,,,,,,,,,,,,,,,,
ViewSonic Monitor,Full Motion Monitor Mount,Apple Earpods,Microsoft Wireless Desktop Keyboard and Mouse,,,,,,,,,,,,,,,,,,,,,,,,,,,,
HP Laptop,iMac,ASUS Monitor,Lenovo Desktop Computer, Intel Desktop ,DOSS Touch Wireless Bluetooth,APIE Bluetooth Headphone,HP Monitor,DYMO Labeling Tape ,,,,,,,,,,,,,,,,,,,,,,,
3-Button Mouse,Slim Wireless Mouse,,,,,,,,,,,,,,,,,,,,,,,,,,,,,,
HP Laptop,Logitech 3-button Mouse,Apple Earpods,,,,,,,,,,,,,,,,,,,,,,,,,,,,,
HP Laptop,Epson Printer,3-Button Mouse,HP Desktop,,,,,,,,,,,,,,,,,,,,,,,,,,,,
Acer Aspire,Dell Desktop,iMac,Microsoft Office Home and Student 2016,3-Button Mouse,Apple MacBook Pro,Slim Wireless Mouse,,,,,,,,,,,,,,,,,,,,,,,,,
AOC Monitor,,,,,,,,,,,,,,,,,,,,,,,,,,,,,,,
Acer Aspire,Dell 2 Desktop,Computer Game,HP Laptop,Epson Black Ink,Koss Home Headphones,Etekcity Power Extension Cord Cable,Microsoft Basic Optical Mouse,ViewSonic Monitor,Apple Wireless Keyboard,Apple MacBook Pro,Apple Earpods,Apple MacBook Air,Apple TV,Samsung Galaxy Tablet,DYMO Labeling Tape ,,,,,,,,,,,,,,,,
iMac,,,,,,,,,,,,,,,,,,,,,,,,,,,,,,,
Dell Laptop,Logitech Keyboard,,,,,,,,,,,,,,,,,,,,,,,,,,,,,,
Acer Aspire,HP Laptop,Cambridge Bluetooth Speaker,Mackie CR Speakers,Apple MacBook Air,Slim Wireless Mouse,,,,,,,,,,,,,,,,,,,,,,,,,,
HP Laptop,Lenovo Desktop Computer,HP Monitor,Microsoft Wireless Desktop Keyboard and Mouse,,,,,,,,,,,,,,,,,,,,,,,,,,,,
Samsung Monitor,HP Wireless Mouse,ASUS Chromebook,Acer Desktop,ViewSonic Monitor,Computer Game,Lenovo Desktop Computer,Koss Home Headphones,Height-Adjustable Standing Desk,Belkin Mouse Pad,HDMI Adapter,Fire TV Stick,Apple Wireless Keyboard,Apple MacBook Pro,Apple Earpods,Apple TV,,,,,,,,,,,,,,,,
ViewSonic Monitor,Cambridge Bluetooth Speaker,AOC Monitor,Logitech Stereo Headset ,Brother Printer,,,,,,,,,,,,,,,,,,,,,,,,,,,
Samsung Monitor,HP Wireless Mouse,Acer Desktop,Dell 2 Desktop,HP Laptop,HP Wireless Printer,Lenovo Desktop Computer,Epson Printer,Cambridge Bluetooth Speaker,Logitech 3-button Mouse,Brother Printer Toner,iPhone Charger Cable,HP Notebook Touchscreen Laptop PC,VGA Monitor Cable,Apple Earpods,Apple MacBook Air,Microsoft Wireless Comfort Keyboard and Mouse,,,,,,,,,,,,,,,
Acer Desktop,DOSS Touch Wireless Bluetooth,Apple MacBook Pro,Microsoft Wireless Desktop Keyboard and Mouse,,,,,,,,,,,,,,,,,,,,,,,,,,,,
Dell Desktop,Dell 2 Desktop,Lenovo Desktop Computer,Microsoft Office Home and Student 2016,Logitech 3-button Mouse,Apple Earpods,iPad,,,,,,,,,,,,,,,,,,,,,,,,,
LG Monitor,HP Laptop,Apple Magic Keyboard,,,,,,,,,,,,,,,,,,,,,,,,,,,,,
iMac,Lenovo Desktop Computer, Intel Desktop ,Etekcity Power Extension Cord Cable,Microsoft Basic Optical Mouse,Redragon Gaming Mouse,Acer Desktop,ASUS Desktop,Dell Laptop,HP Desktop,JBL Splashproof Portable Bluetooth Speaker,,,,,,,,,,,,,,,,,,,,,
Fire HD Tablet,Apple Earpods,HP Monitor,,,,,,,,,,,,,,,,,,,,,,,,,,,,,
Acer Aspire,AOC Monitor,iPhone Charger Cable,HP Monitor,Apple MacBook Air,Slim Wireless Mouse,Microsoft Wireless Comfort Keyboard and Mouse,Microsoft Wireless Desktop Keyboard and Mouse,,,,,,,,,,,,,,,,,,,,,,,,
iMac,Belkin Mouse Pad,Apple MacBook Pro,,,,,,,,,,,,,,,,,,,,,,,,,,,,,
ViewSonic Monitor,ASUS 2 Monitor,HP Wireless Printer,Apple Magic Keyboard,3-Button Mouse,Samsung Charging Cable,Apple Wireless Keyboard,Apple Earpods,HP Monitor,Backlit LED Gaming Keyboard,,,,,,,,,,,,,,,,,,,,,,
Acer Aspire,Dell Desktop,HP Laptop,,,,,,,,,,,,,,,,,,,,,,,,,,,,,
Bose Companion Speakers,,,,,,,,,,,,,,,,,,,,,,,,,,,,,,,
Apple Earpods,,,,,,,,,,,,,,,,,,,,,,,,,,,,,,,
Dell Desktop,Apple MacBook Air,,,,,,,,,,,,,,,,,,,,,,,,,,,,,,
Microsoft Wireless Desktop Keyboard and Mouse,,,,,,,,,,,,,,,,,,,,,,,,,,,,,,,
Apple MacBook Air,,,,,,,,,,,,,,,,,,,,,,,,,,,,,,,
ASUS Chromebook,Logitech MK270 Wireless Keyboard and Mouse Combo,HP Monitor,,,,,,,,,,,,,,,,,,,,,,,,,,,,,
Acer Desktop,Dell Desktop,,,,,,,,,,,,,,,,,,,,,,,,,,,,,,
ViewSonic Monitor,Computer Game,HP Laptop,Lenovo Desktop Computer,Cambridge Bluetooth Speaker,DOSS Touch Wireless Bluetooth,Full Motion Monitor Mount,Apple Earpods,Slim Wireless Mouse,iPad Pro ,,,,,,,,,,,,,,,,,,,,,,
HP Wireless Mouse,ASUS Chromebook,Acer Aspire,iMac, Intel Desktop ,Microsoft Office Home and Student 2016,CYBERPOWER Gamer Desktop,Apple MacBook Air,iPad Pro ,Microsoft Wireless Desktop Keyboard and Mouse,,,,,,,,,,,,,,,,,,,,,,
Apple MacBook Pro,,,,,,,,,,,,,,,,,,,,,,,,,,,,,,,
Rii LED Gaming Keyboard & Mouse Combo ,,,,,,,,,,,,,,,,,,,,,,,,,,,,,,,
Acer Desktop,Microsoft Office Home and Student 2016,,,,,,,,,,,,,,,,,,,,,,,,,,,,,,
iMac,3-Button Mouse,HP Monitor,Apple MacBook Air,Dell Laptop,,,,,,,,,,,,,,,,,,,,,,,,,,,
Acer Monitor,iMac,Apple MacBook Pro,Dell Laptop,iPad,,,,,,,,,,,,,,,,,,,,,,,,,,,
Apple MacBook Air,,,,,,,,,,,,,,,,,,,,,,,,,,,,,,,
iMac, Intel Desktop ,Etekcity Power Extension Cord Cable,Apple MacBook Pro,HP Monitor,Logitech Keyboard,,,,,,,,,,,,,,,,,,,,,,,,,,
Apple MacBook Air,,,,,,,,,,,,,,,,,,,,,,,,,,,,,,,
Alienware Laptop,Dell Laptop,,,,,,,,,,,,,,,,,,,,,,,,,,,,,,
Belkin Mouse Pad,,,,,,,,,,,,,,,,,,,,,,,,,,,,,,,
iMac,,,,,,,,,,,,,,,,,,,,,,,,,,,,,,,
iMac,Sonos,3-Button Mouse,Apple Wireless Keyboard,Microsoft Wireless Desktop Keyboard and Mouse,,,,,,,,,,,,,,,,,,,,,,,,,,,
Apple MacBook Air,iPhone Charger Cable,,,,,,,,,,,,,,,,,,,,,,,,,,,,,,
Slim Wireless Mouse,,,,,,,,,,,,,,,,,,,,,,,,,,,,,,,
ViewSonic Monitor,Computer Game,Apple Magic Keyboard,Bose Companion Speakers,Logitech Keyboard,Belkin Mouse Pad,Zombie Gaming Headset,,,,,,,,,,,,,,,,,,,,,,,,,
Samsung Monitor,Acer Aspire,HP Laptop,HP Wireless Printer,Lenovo Desktop Computer,Apple Magic Keyboard,Logitech MK550 Wireless Wave Keyboard and Mouse Combo,ASUS 2 Monitor,AOC Monitor,Brother Printer Toner,Redragon Gaming Mouse,Apple MacBook Pro,PC Gaming Headset,USB Cable,Etekcity Power Extension Cord Cable,Halter Mesh Metal Monitor Stand,,,,,,,,,,,,,,,,
Logitech 3-button Mouse,,,,,,,,,,,,,,,,,,,,,,,,,,,,,,,
HP Laptop,HP Wireless Printer,Wireless Portable Mouse,Roku Express,,,,,,,,,,,,,,,,,,,,,,,,,,,,
Samsung Monitor,HDMI Cable 6ft,HP Wireless Mouse,HP Laptop,iMac,ASUS Monitor,Apple Magic Keyboard, Intel Desktop ,,,,,,,,,,,,,,,,,,,,,,,,
HDMI Cable 6ft,HP Laptop,iMac,Epson Printer,,,,,,,,,,,,,,,,,,,,,,,,,,,,
Microsoft Office Home and Student 2016,Redragon Gaming Mouse,Apple MacBook Pro,,,,,,,,,,,,,,,,,,,,,,,,,,,,,
Samsung Monitor,Acer Desktop,Computer Game,HP Notebook Touchscreen Laptop PC,Redragon Gaming Mouse,Apple MacBook Air,Backlit LED Gaming Keyboard,,,,,,,,,,,,,,,,,,,,,,,,,
ViewSonic Monitor,Lenovo Desktop Computer,HP Monitor,,,,,,,,,,,,,,,,,,,,,,,,,,,,,
HP Laptop,Lenovo Desktop Computer,,,,,,,,,,,,,,,,,,,,,,,,,,,,,,
Acer Aspire,iMac,HP Desktop,Apple TV,DYMO Labeling Tape ,,,,,,,,,,,,,,,,,,,,,,,,,,,
LG Monitor,Dell Monitor,Apple Earpods,,,,,,,,,,,,,,,,,,,,,,,,,,,,,
Computer Game,HP Wireless Printer,Lenovo Desktop Computer,Microsoft Office Home and Student 2016,CYBERPOWER Gamer Desktop,Logitech 3-button Mouse,3-Button Mouse,Redragon Gaming Mouse,Apple MacBook Pro,Apple Earpods,HP Monitor,ASUS Desktop,Dell Laptop,2TB Portable External Hard Drive,iPad Pro ,,,,,,,,,,,,,,,,,
HP Laptop,iMac,Lenovo Desktop Computer,HP Notebook Touchscreen Laptop PC,,,,,,,,,,,,,,,,,,,,,,,,,,,,
HP Wireless Mouse,LG Monitor,ASUS Chromebook,Dell 2 Desktop,Panasonic In-Ear Headphone ,HDMI Adapter,Microsoft Wireless Desktop Keyboard and Mouse,,,,,,,,,,,,,,,,,,,,,,,,,
Acer Desktop,Belkin Mouse Pad,,,,,,,,,,,,,,,,,,,,,,,,,,,,,,
Dell 2 Desktop,Microsoft Headset,PC Gaming Headset,Backlit LED Gaming Keyboard,,,,,,,,,,,,,,,,,,,,,,,,,,,,
iMac,HP Desktop,,,,,,,,,,,,,,,,,,,,,,,,,,,,,,
HP Wireless Mouse,Apple MacBook Air,Microsoft Wireless Desktop Keyboard and Mouse,,,,,,,,,,,,,,,,,,,,,,,,,,,,,
LG Monitor,Computer Game,3-Button Mouse,Computer Game,Apple MacBook Pro,,,,,,,,,,,,,,,,,,,,,,,,,,,
iMac,Audio Cable,Apple Earpods,,,,,,,,,,,,,,,,,,,,,,,,,,,,,
LG Monitor,Dell Desktop,Dell 2 Desktop,iMac,Lenovo Desktop Computer,AOC Monitor,Etekcity Power Extension Cord Cable,,,,,,,,,,,,,,,,,,,,,,,,,
Redragon Gaming Mouse,Dell Laptop,,,,,,,,,,,,,,,,,,,,,,,,,,,,,,
Kensington Headphones ,Acer Aspire,Lenovo Desktop Computer,3-Button Mouse,Apple Earpods,Wireless Portable Mouse,Microsoft Wireless Desktop Keyboard and Mouse,,,,,,,,,,,,,,,,,,,,,,,,,
Logitech 3-button Mouse,Belkin Mouse Pad,ASUS Desktop,Halter Mesh Metal Monitor Stand,,,,,,,,,,,,,,,,,,,,,,,,,,,,
Dell 2 Desktop,HP Wireless Printer,Apple Magic Keyboard,Apple MacBook Pro,Apple Earpods,HP Monitor,LG Touchscreen Laptop,,,,,,,,,,,,,,,,,,,,,,,,,
HDMI Cable 6ft,iMac,Microsoft Office Home and Student 2016,3-Button Mouse,Etekcity Power Extension Cord Cable,Smart Light Bulb,Microsoft Headset,Logitech ClearChat Headset,,,,,,,,,,,,,,,,,,,,,,,,
Ailihen Stereo Headphones,Logitech 3-button Mouse,APIE Bluetooth Headphone,iPad Pro ,,,,,,,,,,,,,,,,,,,,,,,,,,,,
3-Button Mouse,Apple MacBook Air,Microsoft Wireless Desktop Keyboard and Mouse,,,,,,,,,,,,,,,,,,,,,,,,,,,,,
Samsung Monitor,3-Button Mouse,,,,,,,,,,,,,,,,,,,,,,,,,,,,,,
iMac,Lenovo Desktop Computer,Apple Wired Keyboard,Brother Printer Toner,Smart Light Bulb,Apple Earpods,Rii LED Keyboard,Dell Laptop,HP Desktop,,,,,,,,,,,,,,,,,,,,,,,
Apple MacBook Air,,,,,,,,,,,,,,,,,,,,,,,,,,,,,,,
iMac,Logitech 3-button Mouse,,,,,,,,,,,,,,,,,,,,,,,,,,,,,,
Samsung Monitor,ViewSonic Monitor,AOC Monitor,Monster Beats By Dr Dre ,Brother Printer Toner,Apple Earpods,iPad Pro ,,,,,,,,,,,,,,,,,,,,,,,,,
Apple Earpods,Dell Laptop,Logitech ClearChat Headset,,,,,,,,,,,,,,,,,,,,,,,,,,,,,
HDMI Cable 6ft,iMac,HP Wireless Printer,Dell Wired Keyboard,Apple MacBook Pro,Apple Earpods,HP Monitor,Dell Laptop,,,,,,,,,,,,,,,,,,,,,,,,
Apple MacBook Air,Apple MacBook Air,,,,,,,,,,,,,,,,,,,,,,,,,,,,,,
Samsung Monitor,HDMI Cable 6ft,iMac,HP Wireless Printer,Belkin Mouse Pad,Smart Light Bulb,Apple MacBook Pro,,,,,,,,,,,,,,,,,,,,,,,,,
Samsung Monitor,HP Wireless Mouse,HP Laptop,iMac,Lenovo Desktop Computer, Intel Desktop ,Logitech 3-button Mouse,Apple Earpods,,,,,,,,,,,,,,,,,,,,,,,,
Samsung Monitor,ViewSonic Monitor,HP Laptop,HP Wireless Printer,Lenovo Desktop Computer,Apple Magic Keyboard,Panasonic In-Ear Headphone ,Microsoft Office Home and Student 2016,AOC Monitor,3-Button Mouse,Apple MacBook Pro,HP Monitor,Microsoft Wireless Comfort Keyboard and Mouse,,,,,,,,,,,,,,,,,,,
Samsung Monitor,CYBERPOWER Gamer Desktop,LG Touchscreen Laptop,,,,,,,,,,,,,,,,,,,,,,,,,,,,,
LG Monitor,,,,,,,,,,,,,,,,,,,,,,,,,,,,,,,
ViewSonic Monitor,Lenovo Desktop Computer,Slim 2TB Portable External Hard Drive,Microsoft Office Home and Student 2016,AOC Monitor,Redragon Gaming Mouse,,,,,,,,,,,,,,,,,,,,,,,,,,
Acer Aspire,iMac,Smart Light Bulb,Logitech Wireless Keyboard,Canon Office Printer,Microsoft Wireless Desktop Keyboard and Mouse,,,,,,,,,,,,,,,,,,,,,,,,,,
HP Laptop,,,,,,,,,,,,,,,,,,,,,,,,,,,,,,,
iMac,Apple Earpods,,,,,,,,,,,,,,,,,,,,,,,,,,,,,,
Lenovo Desktop Computer,Sonos,AOC Monitor,Fire TV Stick,Microsoft Wireless Desktop Keyboard and Mouse,,,,,,,,,,,,,,,,,,,,,,,,,,,
Bose Companion Speakers,Height-Adjustable Standing Desk,CYBERPOWER Gamer Desktop,Microsoft Basic Optical Mouse,Apple Earpods,Brother Printer,Microsoft Wireless Desktop Keyboard and Mouse,,,,,,,,,,,,,,,,,,,,,,,,,
Acer Aspire,Dell Desktop,Acer Desktop,HP Laptop,CYBERPOWER Gamer Desktop,Acer Desktop,HP Monitor,,,,,,,,,,,,,,,,,,,,,,,,,
Acer Aspire,Acer Desktop,iMac,Apple MacBook Pro,,,,,,,,,,,,,,,,,,,,,,,,,,,,
iMac,Alienware Laptop,Apple Magic Keyboard,Sonos,Logitech 3-button Mouse,Dell Laptop,iPad,Apple TV,,,,,,,,,,,,,,,,,,,,,,,,
Apple MacBook Air,,,,,,,,,,,,,,,,,,,,,,,,,,,,,,,
CYBERPOWER Gamer Desktop,Dell Desktop,Fire TV Stick,Microsoft Headset,Backlit LED Gaming Keyboard,,,,,,,,,,,,,,,,,,,,,,,,,,,
Samsung Monitor,CYBERPOWER Gamer Desktop,Apple Earpods,,,,,,,,,,,,,,,,,,,,,,,,,,,,,
Ailihen Stereo Headphones,Apple MacBook Air,,,,,,,,,,,,,,,,,,,,,,,,,,,,,,
HP Laptop,iMac,Smart Light Bulb,Apple Wireless Keyboard,Halter Mesh Metal Monitor Stand,,,,,,,,,,,,,,,,,,,,,,,,,,,
CYBERPOWER Gamer Desktop,Apple Earpods,,,,,,,,,,,,,,,,,,,,,,,,,,,,,,
Dell Desktop,HP Laptop,iMac,Epson Printer,3-Button Mouse,Rii LED Keyboard,,,,,,,,,,,,,,,,,,,,,,,,,,
Alienware Laptop,Logitech MK550 Wireless Wave Keyboard and Mouse Combo,,,,,,,,,,,,,,,,,,,,,,,,,,,,,,
Samsung Monitor,Alienware Laptop,Koss Home Headphones,CYBERPOWER Gamer Desktop,Apple Wireless Keyboard,Microsoft Wireless Desktop Keyboard and Mouse,,,,,,,,,,,,,,,,,,,,,,,,,,
3-Button Mouse,Apple Earpods,,,,,,,,,,,,,,,,,,,,,,,,,,,,,,
Apple Wired Keyboard,HP Monitor,,,,,,,,,,,,,,,,,,,,,,,,,,,,,,
CYBERPOWER Gamer Desktop,Fire TV Stick,Halter Acrylic Monitor Stand,Microsoft Headset,Backlit LED Gaming Keyboard,,,,,,,,,,,,,,,,,,,,,,,,,,,
Acer Monitor,Computer Game,iPad,Zombie Gaming Headset,,,,,,,,,,,,,,,,,,,,,,,,,,,,
Acer Monitor,Acer Desktop,Backlit LED Gaming Keyboard,,,,,,,,,,,,,,,,,,,,,,,,,,,,,
Epson Black Ink,3-Button Mouse,Apple Wireless Keyboard,Apple Earpods,Dell KM117 Wireless Keyboard & Mouse,Slim Wireless Mouse,Monster Beats By Dr Dre,ASUS Desktop,Wireless Portable Mouse,Canon Ink ,,,,,,,,,,,,,,,,,,,,,,
CYBERPOWER Gamer Desktop,Apple MacBook Air,,,,,,,,,,,,,,,,,,,,,,,,,,,,,,
Acer Monitor,iMac,Logitech 3-button Mouse,Rii LED Keyboard,HP Desktop,Microsoft Wireless Desktop Keyboard and Mouse,,,,,,,,,,,,,,,,,,,,,,,,,,
CYBERPOWER Gamer Desktop,Apple MacBook Air,,,,,,,,,,,,,,,,,,,,,,,,,,,,,,
CYBERPOWER Gamer Desktop,AOC Monitor,Apple TV,Microsoft Wireless Desktop Keyboard and Mouse,,,,,,,,,,,,,,,,,,,,,,,,,,,,
HP Laptop,iMac,Apple Earpods,Dell Laptop,,,,,,,,,,,,,,,,,,,,,,,,,,,,
Samsung Monitor,Dell Desktop,HP Laptop,iMac,Lenovo Desktop Computer,Apple Wireless Keyboard,Microsoft Wireless Desktop Keyboard and Mouse,,,,,,,,,,,,,,,,,,,,,,,,,
Apple Wireless Keyboard,,,,,,,,,,,,,,,,,,,,,,,,,,,,,,,
Acer Desktop,HP Laptop,iMac,Lenovo Desktop Computer,Slim 2TB Portable External Hard Drive,Dell Monitor,CYBERPOWER Gamer Desktop,HP Monitor,,,,,,,,,,,,,,,,,,,,,,,,
Acer Aspire,Acer Desktop,,,,,,,,,,,,,,,,,,,,,,,,,,,,,,
Rii LED Gaming Keyboard & Mouse Combo ,Apple MacBook Pro,Dell Laptop,Dell Laptop,,,,,,,,,,,,,,,,,,,,,,,,,,,,
Acer Monitor,CYBERPOWER Gamer Desktop,,,,,,,,,,,,,,,,,,,,,,,,,,,,,,
Apple Earpods,,,,,,,,,,,,,,,,,,,,,,,,,,,,,,,
Apple Earpods,,,,,,,,,,,,,,,,,,,,,,,,,,,,,,,
ViewSonic Monitor,,,,,,,,,,,,,,,,,,,,,,,,,,,,,,,
LG Monitor,iMac,CYBERPOWER Gamer Desktop,Microsoft Office Home and Student 2016,Smart Light Bulb,Dell Laptop,Epson Black Ink,Backlit LED Gaming Keyboard,,,,,,,,,,,,,,,,,,,,,,,,
Epson Printer,CYBERPOWER Gamer Desktop,3-Button Mouse,,,,,,,,,,,,,,,,,,,,,,,,,,,,,
Dell Desktop,HP Laptop,iMac,Cambridge Bluetooth Speaker,,,,,,,,,,,,,,,,,,,,,,,,,,,,
Acer Aspire,iMac,Apple Magic Keyboard,CYBERPOWER Gamer Desktop,3-Button Mouse,,,,,,,,,,,,,,,,,,,,,,,,,,,
Acer Monitor,ASUS Chromebook,HP Laptop,CYBERPOWER Gamer Desktop,,,,,,,,,,,,,,,,,,,,,,,,,,,,
HP Laptop,iMac,CYBERPOWER Gamer Desktop,DOSS Touch Wireless Bluetooth,Belkin Mouse Pad,Apple Earpods,Wireless Portable Mouse,,,,,,,,,,,,,,,,,,,,,,,,,
Fire TV Stick,Redragon Gaming Mouse,,,,,,,,,,,,,,,,,,,,,,,,,,,,,,
Acer Monitor,Samsung Monitor,HP Laptop,Microsoft Office Home and Student 2016,iPhone Charger Cable,Halter Acrylic Monitor Stand,Apple Earpods,ASUS Desktop,Microsoft Wireless Desktop Keyboard and Mouse,,,,,,,,,,,,,,,,,,,,,,,
LG Monitor,ASUS Chromebook,HP Laptop,Logitech MK550 Wireless Wave Keyboard and Mouse Combo, Intel Desktop ,CYBERPOWER Gamer Desktop,Logitech 3-button Mouse,iPad Pro ,,,,,,,,,,,,,,,,,,,,,,,,
Samsung Monitor,HDMI Cable 6ft,Kensington Headphones ,Cambridge Bluetooth Speaker,Slim Wireless Mouse,ASUS Desktop,Wireless Portable Mouse,Microsoft Wireless Desktop Keyboard and Mouse,,,,,,,,,,,,,,,,,,,,,,,,
Acer Desktop,Apple Earpods,,,,,,,,,,,,,,,,,,,,,,,,,,,,,,
Apple MacBook Air,Apple MacBook Air,,,,,,,,,,,,,,,,,,,,,,,,,,,,,,
Slim 2TB Portable External Hard Drive,,,,,,,,,,,,,,,,,,,,,,,,,,,,,,,
Monster Beats By Dr Dre,iMac,Lenovo Desktop Computer,,,,,,,,,,,,,,,,,,,,,,,,,,,,,
Acer Monitor,Computer Game,Koss Home Headphones,AOC Monitor,3-Button Mouse,Lenovo Desktop Computer,Dell Laptop,Backlit LED Gaming Keyboard,Microsoft Wireless Desktop Keyboard and Mouse,,,,,,,,,,,,,,,,,,,,,,,
Dell 2 Desktop,Computer Game,Apple Magic Keyboard,Logitech 3-button Mouse,Cyber Acoustics,iPhone Charger Cable,JBL Splashproof Portable Bluetooth Speaker,,,,,,,,,,,,,,,,,,,,,,,,,
ASUS 2 Monitor,Samsung Charging Cable,Apple Earpods,,,,,,,,,,,,,,,,,,,,,,,,,,,,,
Samsung Monitor,iMac,Apple MacBook Air,,,,,,,,,,,,,,,,,,,,,,,,,,,,,
Computer Game,iMac,ASUS 2 Monitor,Lenovo Desktop Computer,Logitech MK550 Wireless Wave Keyboard and Mouse Combo,Microsoft Office Home and Student 2016,Apple MacBook Pro,Apple TV,,,,,,,,,,,,,,,,,,,,,,,,
Apple Earpods,,,,,,,,,,,,,,,,,,,,,,,,,,,,,,,
Apple Earpods,Apple MacBook Air,,,,,,,,,,,,,,,,,,,,,,,,,,,,,,
HP Wireless Mouse,Acer Aspire,Lenovo Desktop Computer,Bose Companion Speakers,Koss Home Headphones,CYBERPOWER Gamer Desktop,Belkin Mouse Pad,Fire HD Tablet,Apple Wireless Keyboard,Multi Media Stand,Sceptre Monitor,,,,,,,,,,,,,,,,,,,,,
 Intel Desktop ,,,,,,,,,,,,,,,,,,,,,,,,,,,,,,,
Apple MacBook Pro,HP Monitor,,,,,,,,,,,,,,,,,,,,,,,,,,,,,,
Dell Laptop,,,,,,,,,,,,,,,,,,,,,,,,,,,,,,,
 Intel Desktop ,AOC Monitor,Fire TV Stick,Redragon Gaming Mouse,Apple Wireless Keyboard,Zombie Gaming Headset,HP Desktop,,,,,,,,,,,,,,,,,,,,,,,,,
iMac,Apple Earpods,Apple MacBook Air,Large Mouse Pad,Backlit LED Gaming Keyboard,,,,,,,,,,,,,,,,,,,,,,,,,,,
iMac,Microsoft Office Home and Student 2016,CYBERPOWER Gamer Desktop,Logitech 3-button Mouse,Dell Laptop,Microsoft Wireless Desktop Keyboard and Mouse,,,,,,,,,,,,,,,,,,,,,,,,,,
HP Monitor,,,,,,,,,,,,,,,,,,,,,,,,,,,,,,,
Computer Game,Apple Wired Keyboard,,,,,,,,,,,,,,,,,,,,,,,,,,,,,,
Dell Desktop,HP Laptop,Lenovo Desktop Computer,Height-Adjustable Standing Desk,Fire HD Tablet,Backlit LED Gaming Keyboard,,,,,,,,,,,,,,,,,,,,,,,,,,
Dell Desktop,Logitech MK270 Wireless Keyboard and Mouse Combo,HP Laptop,Apple MacBook Air,Microsoft Wireless Comfort Keyboard and Mouse,,,,,,,,,,,,,,,,,,,,,,,,,,,
3-Button Mouse,,,,,,,,,,,,,,,,,,,,,,,,,,,,,,,
Eluktronics Pro Gaming Laptop,Brother Printer Toner,Logitech MK360 Wireless Keyboard and Mouse Combo,,,,,,,,,,,,,,,,,,,,,,,,,,,,,
Acer Monitor,,,,,,,,,,,,,,,,,,,,,,,,,,,,,,,
Dell Desktop,HP Laptop,iMac,ASUS 2 Monitor,Logitech Keyboard,CYBERPOWER Gamer Desktop,Belkin Mouse Pad,HDMI Adapter,,,,,,,,,,,,,,,,,,,,,,,,
ASUS Monitor,,,,,,,,,,,,,,,,,,,,,,,,,,,,,,,
CYBERPOWER Gamer Desktop,Acer Desktop,,,,,,,,,,,,,,,,,,,,,,,,,,,,,,
Samsung Monitor,ASUS Chromebook,HP Laptop,Ailihen Stereo Headphones,Microsoft Office Home and Student 2016,Monster Beats By Dr Dre ,Belkin Mouse Pad,Dell Desktop,Smart Light Bulb,Apple Wireless Keyboard,Multi Media Stand,Microsoft Wireless Desktop Keyboard and Mouse,,,,,,,,,,,,,,,,,,,,
Acer Aspire,Dell Desktop,Acer Desktop,Logitech MK270 Wireless Keyboard and Mouse Combo,Computer Game,HP Laptop,Panasonic In-Ear Headphone , Intel Desktop ,Height-Adjustable Standing Desk,Sonos,Logitech Keyboard,Belkin Mouse Pad,Fire HD Tablet,Computer Game,Microsoft Basic Optical Mouse,Apple Wireless Keyboard,ASUS Desktop,Dell Laptop,PC Gaming Headset,2TB Portable External Hard Drive,Brother Printer,DYMO Labeling Tape ,,,,,,,,,,
Dell Desktop,HP Laptop,,,,,,,,,,,,,,,,,,,,,,,,,,,,,,
LG Monitor,ASUS Chromebook,ViewSonic Monitor,iMac,Cyber Acoustics,Belkin Mouse Pad,HDMI Adapter,Apple MacBook Pro,,,,,,,,,,,,,,,,,,,,,,,,
iMac,,,,,,,,,,,,,,,,,,,,,,,,,,,,,,,
Eluktronics Pro Gaming Laptop,CYBERPOWER Gamer Desktop,,,,,,,,,,,,,,,,,,,,,,,,,,,,,,
Acer Monitor,Dell Monitor,,,,,,,,,,,,,,,,,,,,,,,,,,,,,,
Samsung Monitor,ASUS Chromebook,Acer Aspire,Fire TV Stick,Apple Wireless Keyboard,,,,,,,,,,,,,,,,,,,,,,,,,,,
HP Laptop,Apple MacBook Air,,,,,,,,,,,,,,,,,,,,,,,,,,,,,,
HDMI Cable 6ft,Computer Game,HP Laptop,Logitech 3-button Mouse,Belkin Mouse Pad,,,,,,,,,,,,,,,,,,,,,,,,,,,
Apple MacBook Air,,,,,,,,,,,,,,,,,,,,,,,,,,,,,,,
Acer Desktop,Apple Earpods,Rii LED Keyboard,Dell Laptop,,,,,,,,,,,,,,,,,,,,,,,,,,,,
Cyber Acoustics,DOSS Touch Wireless Bluetooth,Apple Earpods,HP Monitor,EagleTec Wireless Combo Keyboard and Mouse,iPad Pro ,,,,,,,,,,,,,,,,,,,,,,,,,,
Acer Desktop,5TB Desktop Hard Drive,ASUS 2 Monitor,Logitech Keyboard,Fire TV Stick,Roku Express,,,,,,,,,,,,,,,,,,,,,,,,,,
LG Monitor,HP Wireless Printer,Apple Earpods,Microsoft Wireless Desktop Keyboard and Mouse,,,,,,,,,,,,,,,,,,,,,,,,,,,,
Acer Monitor,Samsung Monitor,HP Laptop,Logitech MK550 Wireless Wave Keyboard and Mouse Combo,CYBERPOWER Gamer Desktop,,,,,,,,,,,,,,,,,,,,,,,,,,,
CYBERPOWER Gamer Desktop,Philips Flexible Earhook Headphone,,,,,,,,,,,,,,,,,,,,,,,,,,,,,,
Samsung Monitor,Otium Wireless Sports Bluetooth Headphone,HP Laptop,ASUS 2 Monitor,Panasonic In-Ear Headphone ,Microsoft Office Home and Student 2016,CYBERPOWER Gamer Desktop,3-Button Mouse,Redragon Gaming Mouse,Apple MacBook Pro,Apple Earpods,Backlit LED Gaming Keyboard,Microsoft Wireless Desktop Keyboard and Mouse,,,,,,,,,,,,,,,,,,,
Dell Desktop, Intel Desktop ,Dell Laptop,,,,,,,,,,,,,,,,,,,,,,,,,,,,,
HP Wireless Mouse,Eluktronics Pro Gaming Laptop,HP Laptop,,,,,,,,,,,,,,,,,,,,,,,,,,,,,
iMac,Lenovo Desktop Computer,,,,,,,,,,,,,,,,,,,,,,,,,,,,,,
HDMI Cable 6ft,,,,,,,,,,,,,,,,,,,,,,,,,,,,,,,
Apple Earpods,,,,,,,,,,,,,,,,,,,,,,,,,,,,,,,
HP Wireless Mouse,Eluktronics Pro Gaming Laptop,HP Laptop,,,,,,,,,,,,,,,,,,,,,,,,,,,,,
Apple MacBook Air,,,,,,,,,,,,,,,,,,,,,,,,,,,,,,,
Acer Desktop,3-Button Mouse,,,,,,,,,,,,,,,,,,,,,,,,,,,,,,
Dell Desktop,Acer Desktop,iMac, Intel Desktop ,Logitech Keyboard,CYBERPOWER Gamer Desktop,Apple MacBook Pro,Wireless Portable Mouse,iPad Pro ,JBL Splashproof Portable Bluetooth Speaker,,,,,,,,,,,,,,,,,,,,,,
Microsoft Office Home and Student 2016,CYBERPOWER Gamer Desktop,,,,,,,,,,,,,,,,,,,,,,,,,,,,,,
Otium Wireless Sports Bluetooth Headphone,LG Monitor,Dell Desktop,iMac,ASUS 2 Monitor,CYBERPOWER Gamer Desktop,Redragon Gaming Mouse,Apple MacBook Pro,Apple Earpods,,,,,,,,,,,,,,,,,,,,,,,
Acer Aspire,Samsung Galaxy Tablet,,,,,,,,,,,,,,,,,,,,,,,,,,,,,,
Samsung Monitor,Acer Aspire,Acer Desktop,ViewSonic Monitor,HP Black & Tri-color Ink ,HP Laptop,ASUS 2 Monitor,Lenovo Desktop Computer,Koss Home Headphones,Redragon Gaming Mouse,Microsoft Wireless Desktop Keyboard and Mouse,,,,,,,,,,,,,,,,,,,,,
CYBERPOWER Gamer Desktop,Logitech Multimedia Speakers,,,,,,,,,,,,,,,,,,,,,,,,,,,,,,
Roku Express,,,,,,,,,,,,,,,,,,,,,,,,,,,,,,,
CYBERPOWER Gamer Desktop,Backlit LED Gaming Keyboard,,,,,,,,,,,,,,,,,,,,,,,,,,,,,,
Otium Wireless Sports Bluetooth Headphone,Dell Desktop,Slim 2TB Portable External Hard Drive,Fire TV Stick,Microsoft Wireless Desktop Keyboard and Mouse,,,,,,,,,,,,,,,,,,,,,,,,,,,
ViewSonic Monitor,HP Black & Tri-color Ink ,Epson Printer,Apple MacBook Pro,Microsoft Wireless Desktop Keyboard and Mouse,,,,,,,,,,,,,,,,,,,,,,,,,,,
Dell Desktop,3TB Portable External Hard Drive,Apple MacBook Pro,,,,,,,,,,,,,,,,,,,,,,,,,,,,,
Acer Aspire,Dell Desktop,Acer Desktop,Dell 2 Desktop,Apple MacBook Pro,Apple Earpods,Dell KM117 Wireless Keyboard & Mouse,,,,,,,,,,,,,,,,,,,,,,,,,
iMac,Slim 2TB Portable External Hard Drive,Cambridge Bluetooth Speaker,Logitech Keyboard,,,,,,,,,,,,,,,,,,,,,,,,,,,,
Belkin Mouse Pad,iPad Pro ,,,,,,,,,,,,,,,,,,,,,,,,,,,,,,
Eluktronics Pro Gaming Laptop,iMac,Sonos,Microsoft Office Home and Student 2016,AOC Monitor,3-Button Mouse,Belkin Mouse Pad,Fire TV Stick,Apple Earpods,HP Monitor,Zombie Gaming Headset,Dell KM117 Wireless Keyboard & Mouse,Slim Wireless Mouse,Microsoft Wireless Comfort Keyboard and Mouse,Microsoft Wireless Desktop Keyboard and Mouse,,,,,,,,,,,,,,,,,
HP Wireless Printer,CYBERPOWER Gamer Desktop,Apple MacBook Pro,HP Desktop,,,,,,,,,,,,,,,,,,,,,,,,,,,,
ASUS Chromebook,Apple Magic Keyboard,iPad Pro ,,,,,,,,,,,,,,,,,,,,,,,,,,,,,
HP Laptop,Slim 2TB Portable External Hard Drive,Microsoft Office Home and Student 2016,Logitech 3-button Mouse,3-Button Mouse,Apple Earpods,Backlit LED Gaming Keyboard,,,,,,,,,,,,,,,,,,,,,,,,,
Dell Desktop,HP Laptop,iMac,Fire HD Tablet,Apple MacBook Pro,,,,,,,,,,,,,,,,,,,,,,,,,,,
HP Wireless Mouse,ASUS Chromebook,Acer Aspire,Dell Desktop,Acer Desktop,ViewSonic Monitor,HP Laptop,iMac,CYBERPOWER Gamer Desktop,,,,,,,,,,,,,,,,,,,,,,,
Logitech 3-button Mouse,HP Monitor,Backlit LED Gaming Keyboard,Microsoft Wireless Desktop Keyboard and Mouse,,,,,,,,,,,,,,,,,,,,,,,,,,,,
Samsung Monitor,Eluktronics Pro Gaming Laptop,iMac,3-Button Mouse,Microsoft Wireless Desktop Keyboard and Mouse,,,,,,,,,,,,,,,,,,,,,,,,,,,
Eluktronics Pro Gaming Laptop,iMac,ASUS 2 Monitor,CYBERPOWER Gamer Desktop,Logitech MK360 Wireless Keyboard and Mouse Combo,Brother Printer,iPad Pro ,,,,,,,,,,,,,,,,,,,,,,,,,
LG Monitor,ViewSonic Monitor,Computer Game,HP Laptop,Lenovo Desktop Computer,Microsoft Office Home and Student 2016,,,,,,,,,,,,,,,,,,,,,,,,,,
Samsung Monitor,Acer Aspire,Dell Desktop,Acer Desktop,Rii LED Gaming Keyboard & Mouse Combo ,Smart Light Bulb,,,,,,,,,,,,,,,,,,,,,,,,,,
Apple Earpods,,,,,,,,,,,,,,,,,,,,,,,,,,,,,,,
Fire TV Stick,Apple Earpods,Wireless Portable Mouse,,,,,,,,,,,,,,,,,,,,,,,,,,,,,
3-Button Mouse,Apple Wireless Keyboard,,,,,,,,,,,,,,,,,,,,,,,,,,,,,,
HP Laptop,iMac,3-Button Mouse,Rii LED Gaming Keyboard & Mouse Combo ,Belkin Mouse Pad,Halter Acrylic Monitor Stand,ASUS Desktop,Dell Laptop,,,,,,,,,,,,,,,,,,,,,,,,
ViewSonic Monitor,iMac,Lenovo Desktop Computer,HDMI Adapter,Apple MacBook Pro,Apple Earpods,Apple MacBook Air,Dell Laptop,Brother Printer,,,,,,,,,,,,,,,,,,,,,,,
Apple Magic Keyboard,3-Button Mouse,Halter Acrylic Monitor Stand,Apple Earpods,Wireless Portable Mouse,Apple TV,iPad Pro ,,,,,,,,,,,,,,,,,,,,,,,,,
iMac,Logitech MK550 Wireless Wave Keyboard and Mouse Combo,Apple Wireless Keyboard,,,,,,,,,,,,,,,,,,,,,,,,,,,,,
iMac,Apple Magic Keyboard,Google Home,Microsoft Office Home and Student 2016,HP USB Keyboard ,Apple Earpods,Microsoft Headset,,,,,,,,,,,,,,,,,,,,,,,,,
Acer Aspire,iMac,ASUS Monitor,3-Button Mouse,Brother Printer Toner,Apple Wireless Keyboard,iPad,Backlit LED Gaming Keyboard,Microsoft Wireless Desktop Keyboard and Mouse,,,,,,,,,,,,,,,,,,,,,,,
HP Laptop,Apple Magic Keyboard,,,,,,,,,,,,,,,,,,,,,,,,,,,,,,
LG Monitor,ViewSonic Monitor,Panasonic In-Ear Headphone ,Epson Printer,Dell Monitor,Fire HD Tablet,Apple MacBook Pro,HP Monitor,iPad Pro ,Microsoft Wireless Desktop Keyboard and Mouse,,,,,,,,,,,,,,,,,,,,,,
Acer Desktop,Computer Game,iMac,,,,,,,,,,,,,,,,,,,,,,,,,,,,,
Apple MacBook Air,,,,,,,,,,,,,,,,,,,,,,,,,,,,,,,
HP Laptop,,,,,,,,,,,,,,,,,,,,,,,,,,,,,,,
iMac,ASUS 2 Monitor,Lenovo Desktop Computer,Apple Magic Keyboard,Full Motion Monitor Mount,Apple Earpods,Microsoft Wireless Desktop Keyboard and Mouse,,,,,,,,,,,,,,,,,,,,,,,,,
3-Button Mouse,Apple Earpods,,,,,,,,,,,,,,,,,,,,,,,,,,,,,,
Samsung Monitor,Logitech 3-button Mouse,XIBERIA Gaming Headset,Halter Acrylic Monitor Stand,,,,,,,,,,,,,,,,,,,,,,,,,,,,
Samsung Monitor,Monster Beats By Dr Dre,Google Home,Apple Earpods,,,,,,,,,,,,,,,,,,,,,,,,,,,,
Slim Wireless Mouse,,,,,,,,,,,,,,,,,,,,,,,,,,,,,,,
HP Wireless Printer,,,,,,,,,,,,,,,,,,,,,,,,,,,,,,,
LG Monitor,Eluktronics Pro Gaming Laptop,HP Black & Tri-color Ink ,Lenovo Desktop Computer,Logitech MK550 Wireless Wave Keyboard and Mouse Combo,Logitech 3-button Mouse,Fire TV Stick,Apple Earpods,,,,,,,,,,,,,,,,,,,,,,,,
Acer Monitor,Samsung Monitor,Dell Desktop,iMac,Ailihen Stereo Headphones,LG Touchscreen Laptop,Microsoft Headset,Backlit LED Gaming Keyboard,,,,,,,,,,,,,,,,,,,,,,,,
ASUS Monitor,,,,,,,,,,,,,,,,,,,,,,,,,,,,,,,
HP Laptop,AOC Monitor,Belkin Mouse Pad,Apple MacBook Air,Philips Flexible Earhook Headphone,,,,,,,,,,,,,,,,,,,,,,,,,,,
Monster Beats By Dr Dre,CYBERPOWER Gamer Desktop,Apple Earpods,,,,,,,,,,,,,,,,,,,,,,,,,,,,,
Acer Monitor,Samsung Monitor,Logitech MK550 Wireless Wave Keyboard and Mouse Combo,Apple Earpods,Monster Beats By Dr Dre,Microsoft Wireless Desktop Keyboard and Mouse,,,,,,,,,,,,,,,,,,,,,,,,,,
iMac,ASUS 2 Monitor,Alienware Laptop,Slim 2TB Portable External Hard Drive,Samsung Charging Cable,ASUS Desktop,Wireless Portable Mouse,DYMO Label Manker  ,,,,,,,,,,,,,,,,,,,,,,,,
Acer Monitor,HP Wireless Mouse,Logitech 3-button Mouse,Etekcity Power Extension Cord Cable,,,,,,,,,,,,,,,,,,,,,,,,,,,,
ViewSonic Monitor,Apple MacBook Pro,Apple MacBook Air,,,,,,,,,,,,,,,,,,,,,,,,,,,,,
Apple Earpods,,,,,,,,,,,,,,,,,,,,,,,,,,,,,,,
ASUS Monitor,Lenovo Desktop Computer,Apple Magic Keyboard,,,,,,,,,,,,,,,,,,,,,,,,,,,,,
Redragon Gaming Mouse,Apple MacBook Pro,LG Touchscreen Laptop,Microsoft Wireless Desktop Keyboard and Mouse,,,,,,,,,,,,,,,,,,,,,,,,,,,,
Microsoft Headset,,,,,,,,,,,,,,,,,,,,,,,,,,,,,,,
Dell 2 Desktop,ViewSonic Monitor,iMac,Apple Magic Keyboard,Microsoft Wireless Desktop Keyboard and Mouse,,,,,,,,,,,,,,,,,,,,,,,,,,,
HP Laptop,,,,,,,,,,,,,,,,,,,,,,,,,,,,,,,
Lenovo Desktop Computer,CYBERPOWER Gamer Desktop,,,,,,,,,,,,,,,,,,,,,,,,,,,,,,
Dell Desktop,HP Laptop,iMac,HP Monitor,ASUS Desktop,Microsoft Wireless Desktop Keyboard and Mouse,,,,,,,,,,,,,,,,,,,,,,,,,,
iMac,,,,,,,,,,,,,,,,,,,,,,,,,,,,,,,
ASUS 2 Monitor,Apple MacBook Air,Wireless Portable Mouse,iPad,,,,,,,,,,,,,,,,,,,,,,,,,,,,
iMac,ASUS Monitor,Logitech MK550 Wireless Wave Keyboard and Mouse Combo,LG Touchscreen Laptop,,,,,,,,,,,,,,,,,,,,,,,,,,,,
Apple MacBook Pro,,,,,,,,,,,,,,,,,,,,,,,,,,,,,,,
Apple Earpods,Dell Laptop,Dell Laptop,,,,,,,,,,,,,,,,,,,,,,,,,,,,,
Samsung Monitor,HDMI Cable 6ft,Acer Aspire,HP Laptop,ASUS Monitor,Logitech MK550 Wireless Wave Keyboard and Mouse Combo,ASUS 2 Monitor,Microsoft Office Home and Student 2016,CYBERPOWER Gamer Desktop,Logitech 3-button Mouse,Belkin Mouse Pad,Apple Earpods,iPad,,,,,,,,,,,,,,,,,,,
Etekcity Power Extension Cord Cable,HP Monitor,,,,,,,,,,,,,,,,,,,,,,,,,,,,,,
Eluktronics Pro Gaming Laptop,iMac,Apple Magic Keyboard,,,,,,,,,,,,,,,,,,,,,,,,,,,,,
Computer Game,Lenovo Desktop Computer,Epson Printer,,,,,,,,,,,,,,,,,,,,,,,,,,,,,
LG Monitor,Redragon Gaming Mouse,,,,,,,,,,,,,,,,,,,,,,,,,,,,,,
Acer Desktop,Lenovo Desktop Computer,Panasonic In-Ear Headphone ,Epson Printer,Microsoft Office Home and Student 2016,Microsoft Basic Optical Mouse,ViewSonic Monitor,2TB Portable External Hard Drive,iPad Pro ,,,,,,,,,,,,,,,,,,,,,,,
LG Monitor,ASUS Chromebook,ViewSonic Monitor,ASUS 2 Monitor,Panasonic In-Ear Headphone ,Apple Earpods,Apple MacBook Air,,,,,,,,,,,,,,,,,,,,,,,,,
Acer Aspire,Acer Desktop,,,,,,,,,,,,,,,,,,,,,,,,,,,,,,
Lenovo Desktop Computer,3-Button Mouse,,,,,,,,,,,,,,,,,,,,,,,,,,,,,,
Acer Monitor,HP Laptop,Lenovo Desktop Computer,Slim 2TB Portable External Hard Drive,Logitech MK550 Wireless Wave Keyboard and Mouse Combo,CYBERPOWER Gamer Desktop,Halter Acrylic Monitor Stand,Apple Earpods,Apple MacBook Air,Kindle ,Microsoft Wireless Desktop Keyboard and Mouse,,,,,,,,,,,,,,,,,,,,,
Acer Monitor,HDMI Cable 6ft,Acer Desktop,Microsoft Office Home and Student 2016,,,,,,,,,,,,,,,,,,,,,,,,,,,,
Logitech 3-button Mouse,,,,,,,,,,,,,,,,,,,,,,,,,,,,,,,
ViewSonic Monitor,HP Black & Tri-color Ink ,HP Laptop,Lenovo Desktop Computer,Kindle ,Slim Wireless Mouse,Wireless Portable Mouse,Canon Office Printer,Microsoft Wireless Desktop Keyboard and Mouse,,,,,,,,,,,,,,,,,,,,,,,
Apple TV,iPad Pro ,,,,,,,,,,,,,,,,,,,,,,,,,,,,,,
Lenovo Desktop Computer,Monster Beats By Dr Dre,Microsoft Wireless Desktop Keyboard and Mouse,,,,,,,,,,,,,,,,,,,,,,,,,,,,,
Samsung Monitor,Acer Desktop,HP Laptop,Lenovo Desktop Computer,Fire HD Tablet,HP Monitor,Microsoft Wireless Desktop Keyboard and Mouse,,,,,,,,,,,,,,,,,,,,,,,,,
Samsung Charging Cable,Dell Laptop,,,,,,,,,,,,,,,,,,,,,,,,,,,,,,
Logitech 3-button Mouse,3-Button Mouse,Cyber Acoustics,,,,,,,,,,,,,,,,,,,,,,,,,,,,,
Acer Aspire,Dell Desktop,iMac,Alienware Laptop,Slim 2TB Portable External Hard Drive,Apple Earpods,Microsoft Wireless Desktop Keyboard and Mouse,,,,,,,,,,,,,,,,,,,,,,,,,
 Intel Desktop ,Sonos,AOC Monitor,Dell Laptop,,,,,,,,,,,,,,,,,,,,,,,,,,,,
Slim 2TB Portable External Hard Drive,Koss Home Headphones,CYBERPOWER Gamer Desktop,Dell Desktop,Acer Desktop,iPad,,,,,,,,,,,,,,,,,,,,,,,,,,
ASUS 2 Monitor,Apple Magic Keyboard,Panasonic On-Ear Stereo Headphones,iPad,Halter Mesh Metal Monitor Stand,Microsoft Wireless Desktop Keyboard and Mouse,,,,,,,,,,,,,,,,,,,,,,,,,,
Sonos,Logitech ClearChat Headset,,,,,,,,,,,,,,,,,,,,,,,,,,,,,,
Logitech MK550 Wireless Wave Keyboard and Mouse Combo,Apple Earpods,,,,,,,,,,,,,,,,,,,,,,,,,,,,,,
Zombie Gaming Headset,iPhone Charger Cable,Brother Printer,,,,,,,,,,,,,,,,,,,,,,,,,,,,,
Apple MacBook Pro,Apple Earpods,Apple MacBook Air,DYMO Label Manker  ,,,,,,,,,,,,,,,,,,,,,,,,,,,,
Apple Earpods,HP Desktop,,,,,,,,,,,,,,,,,,,,,,,,,,,,,,
Acer Desktop,HP Laptop,Apple Magic Keyboard,Etekcity Power Extension Cord Cable,,,,,,,,,,,,,,,,,,,,,,,,,,,,
iMac,Alienware Laptop,Lenovo Desktop Computer,,,,,,,,,,,,,,,,,,,,,,,,,,,,,
Wireless Portable Mouse,,,,,,,,,,,,,,,,,,,,,,,,,,,,,,,
Samsung Monitor,HP Laptop,HP Wireless Printer,Full Motion Monitor Mount,,,,,,,,,,,,,,,,,,,,,,,,,,,,
HP Wireless Mouse,Acer Desktop,Bose Companion Speakers,Apple MacBook Pro,Apple MacBook Air,Microsoft Wireless Desktop Keyboard and Mouse,,,,,,,,,,,,,,,,,,,,,,,,,,
Slim 2TB Portable External Hard Drive,CYBERPOWER Gamer Desktop,,,,,,,,,,,,,,,,,,,,,,,,,,,,,,
Sonos,Logitech Keyboard,Slim Wireless Mouse,,,,,,,,,,,,,,,,,,,,,,,,,,,,,
ASUS Monitor,Panasonic In-Ear Headphone ,Acer Desktop,HP Monitor,,,,,,,,,,,,,,,,,,,,,,,,,,,,
Slim 2TB Portable External Hard Drive,Wireless Portable Mouse,,,,,,,,,,,,,,,,,,,,,,,,,,,,,,
Acer Monitor,Dell Desktop,HP Wireless Printer,CYBERPOWER Gamer Desktop,Logitech 3-button Mouse,PC Gaming Headset,Halter Mesh Metal Monitor Stand,,,,,,,,,,,,,,,,,,,,,,,,,
Zombie Gaming Headset,,,,,,,,,,,,,,,,,,,,,,,,,,,,,,,
Samsung Monitor,Acer Aspire,Acer Desktop,iMac,ASUS 2 Monitor,Microsoft Office Home and Student 2016,Belkin Mouse Pad,Backlit LED Gaming Keyboard,,,,,,,,,,,,,,,,,,,,,,,,
HP Wireless Mouse,HP Laptop,iMac, Intel Desktop ,Brother Printer,,,,,,,,,,,,,,,,,,,,,,,,,,,
Lenovo Desktop Computer,Apple MacBook Air,Large Mouse Pad,Microsoft Headset,,,,,,,,,,,,,,,,,,,,,,,,,,,,
iMac,Lenovo Desktop Computer,Etekcity Power Extension Cord Cable,Apple MacBook Pro,Apple MacBook Air,Slim Wireless Mouse,Dell Laptop,,,,,,,,,,,,,,,,,,,,,,,,,
Lenovo Desktop Computer,Apple MacBook Pro,,,,,,,,,,,,,,,,,,,,,,,,,,,,,,
Apple Magic Keyboard,,,,,,,,,,,,,,,,,,,,,,,,,,,,,,,
iMac,Lenovo Desktop Computer,Logitech MK550 Wireless Wave Keyboard and Mouse Combo,CYBERPOWER Gamer Desktop,Apple MacBook Pro,,,,,,,,,,,,,,,,,,,,,,,,,,,
Acer Aspire,iMac,Alienware Laptop,Lenovo Desktop Computer,Smart Light Bulb,,,,,,,,,,,,,,,,,,,,,,,,,,,
iMac,,,,,,,,,,,,,,,,,,,,,,,,,,,,,,,
Acer Aspire,Rii LED Gaming Keyboard & Mouse Combo ,Cyber Acoustics,Belkin Mouse Pad,Dell Desktop,Smart Light Bulb,Apple Earpods,,,,,,,,,,,,,,,,,,,,,,,,,
LG Monitor,HP Laptop,iMac,Halter Acrylic Monitor Stand,Apple Wireless Keyboard,HP Desktop,iPad,,,,,,,,,,,,,,,,,,,,,,,,,
Slim 2TB Portable External Hard Drive,,,,,,,,,,,,,,,,,,,,,,,,,,,,,,,
Bose Companion Speakers,Brother Printer,DYMO Labeling Tape ,Backlit LED Gaming Keyboard,,,,,,,,,,,,,,,,,,,,,,,,,,,,
ASUS Chromebook,iMac,Epson Printer,Fire TV Stick,iPad,Apple TV,DYMO Label Manker  ,Rokono Mini Speaker,,,,,,,,,,,,,,,,,,,,,,,,
HP Laptop,,,,,,,,,,,,,,,,,,,,,,,,,,,,,,,
iMac,Lenovo Desktop Computer,CYBERPOWER Gamer Desktop,Apple MacBook Pro,,,,,,,,,,,,,,,,,,,,,,,,,,,,
Acer Monitor,Acer Aspire,Dell Desktop,HP Laptop,iMac,Sceptre Monitor,,,,,,,,,,,,,,,,,,,,,,,,,,
Lenovo Desktop Computer,CYBERPOWER Gamer Desktop,3-Button Mouse,Apple Earpods,,,,,,,,,,,,,,,,,,,,,,,,,,,,
Apple MacBook Air,,,,,,,,,,,,,,,,,,,,,,,,,,,,,,,
Apple MacBook Air,,,,,,,,,,,,,,,,,,,,,,,,,,,,,,,
HP Laptop,Lenovo Desktop Computer,Apple Magic Keyboard,Backlit LED Gaming Keyboard,,,,,,,,,,,,,,,,,,,,,,,,,,,,
Acer Monitor,Samsung Monitor,HP Laptop,Logitech 3-button Mouse,Rii LED Gaming Keyboard & Mouse Combo ,Apple MacBook Pro,iPad,,,,,,,,,,,,,,,,,,,,,,,,,
Apple MacBook Air,,,,,,,,,,,,,,,,,,,,,,,,,,,,,,,
LG Monitor,HP Black & Tri-color Ink ,HP Laptop,Dell Wired Keyboard,Rii LED Keyboard,,,,,,,,,,,,,,,,,,,,,,,,,,,
Acer Monitor,iMac,Lenovo Desktop Computer,Dell Wired Keyboard,Sonos,Logitech Keyboard,CYBERPOWER Gamer Desktop,AOC Monitor,Logitech 3-button Mouse,Dell Desktop,Apple Wireless Keyboard,Apple MacBook Pro,Apple Earpods,Apple MacBook Air,iPad,,,,,,,,,,,,,,,,,
Dell Laptop,HP Desktop,,,,,,,,,,,,,,,,,,,,,,,,,,,,,,
Acer Aspire,Dell Desktop,HP Monitor,,,,,,,,,,,,,,,,,,,,,,,,,,,,,
Audio Cable,Dell Desktop,Redragon Gaming Mouse,,,,,,,,,,,,,,,,,,,,,,,,,,,,,
Apple Wired Keyboard,CYBERPOWER Gamer Desktop,Logitech 3-button Mouse,Apple Earpods,,,,,,,,,,,,,,,,,,,,,,,,,,,,
iMac,Slim 2TB Portable External Hard Drive,Apple MacBook Pro,Rii LED Keyboard,Backlit LED Gaming Keyboard,,,,,,,,,,,,,,,,,,,,,,,,,,,
iMac,3-Button Mouse,,,,,,,,,,,,,,,,,,,,,,,,,,,,,,
iMac,3-Button Mouse,,,,,,,,,,,,,,,,,,,,,,,,,,,,,,
Brother Printer,,,,,,,,,,,,,,,,,,,,,,,,,,,,,,,
ASUS Chromebook,Acer Aspire,ViewSonic Monitor,iMac,CYBERPOWER Gamer Desktop,3-Button Mouse,Apple Wireless Keyboard,PC Gaming Headset,,,,,,,,,,,,,,,,,,,,,,,,
Otium Wireless Sports Bluetooth Headphone,ASUS Chromebook,ViewSonic Monitor,ASUS Monitor,Rii LED Gaming Keyboard & Mouse Combo ,HP Monitor,5TB Desktop Hard Drive,LG Touchscreen Laptop,iPad Pro ,,,,,,,,,,,,,,,,,,,,,,,
ASUS Chromebook,HP Laptop,iMac,CYBERPOWER Gamer Desktop,,,,,,,,,,,,,,,,,,,,,,,,,,,,
Acer Desktop,iMac,Lenovo Desktop Computer,,,,,,,,,,,,,,,,,,,,,,,,,,,,,
HP Laptop,CYBERPOWER Gamer Desktop,,,,,,,,,,,,,,,,,,,,,,,,,,,,,,
Eluktronics Pro Gaming Laptop,Lenovo Desktop Computer,CYBERPOWER Gamer Desktop,Microsoft Office Home and Student 2016,Samsung Charging Cable,Apple TV,JBL Splashproof Portable Bluetooth Speaker,,,,,,,,,,,,,,,,,,,,,,,,,
CYBERPOWER Gamer Desktop,Dell Laptop,,,,,,,,,,,,,,,,,,,,,,,,,,,,,,
Apple Wireless Keyboard,,,,,,,,,,,,,,,,,,,,,,,,,,,,,,,
Apple MacBook Air,,,,,,,,,,,,,,,,,,,,,,,,,,,,,,,
LG Monitor,CYBERPOWER Gamer Desktop,Apple Earpods,,,,,,,,,,,,,,,,,,,,,,,,,,,,,
LG Monitor,Slim 2TB Portable External Hard Drive,Rii LED Gaming Keyboard & Mouse Combo ,Belkin Mouse Pad,Apple MacBook Air,,,,,,,,,,,,,,,,,,,,,,,,,,,
Dell Desktop,Dell 2 Desktop,ViewSonic Monitor,iMac,Lenovo Desktop Computer, Intel Desktop ,CYBERPOWER Gamer Desktop,Apple MacBook Pro,Apple Earpods,,,,,,,,,,,,,,,,,,,,,,,
iMac,Redragon Gaming Mouse,Apple MacBook Pro,iPad Pro ,,,,,,,,,,,,,,,,,,,,,,,,,,,,
Acer Monitor,Otium Wireless Sports Bluetooth Headphone,Dell 2 Desktop,ViewSonic Monitor,ASUS Monitor,Apple Magic Keyboard,Epson Printer,Microsoft Office Home and Student 2016,CYBERPOWER Gamer Desktop,Etekcity Power Extension Cord Cable,Audio Cable,HP Notebook Touchscreen Laptop PC,Smart Light Bulb,Apple MacBook Air,Wireless Portable Mouse,iPad Pro ,,,,,,,,,,,,,,,,
Slim 2TB Portable External Hard Drive,Dell Wired Keyboard,,,,,,,,,,,,,,,,,,,,,,,,,,,,,,
Acer Desktop,CYBERPOWER Gamer Desktop,Dell Desktop,Samsung Charging Cable,Backlit LED Gaming Keyboard,,,,,,,,,,,,,,,,,,,,,,,,,,,
Acer Desktop,ViewSonic Monitor,HP Laptop,iMac,Lenovo Desktop Computer,,,,,,,,,,,,,,,,,,,,,,,,,,,
Acer Monitor,Samsung Monitor,Otium Wireless Sports Bluetooth Headphone,Acer Desktop,Lenovo Desktop Computer,CYBERPOWER Gamer Desktop,Apple MacBook Pro,Apple Earpods,Backlit LED Gaming Keyboard,,,,,,,,,,,,,,,,,,,,,,,
Samsung Monitor,Acer Desktop,Apple MacBook Pro,,,,,,,,,,,,,,,,,,,,,,,,,,,,,
ASUS Desktop,,,,,,,,,,,,,,,,,,,,,,,,,,,,,,,
Apple MacBook Pro,,,,,,,,,,,,,,,,,,,,,,,,,,,,,,,
ASUS Chromebook,ViewSonic Monitor,HP Laptop,Apple Magic Keyboard,,,,,,,,,,,,,,,,,,,,,,,,,,,,
Microsoft Office Home and Student 2016,Apple TV,Brother Printer,,,,,,,,,,,,,,,,,,,,,,,,,,,,,
Etekcity Power Extension Cord Cable,Belkin Mouse Pad,Apple MacBook Pro,Dell KM117 Wireless Keyboard & Mouse,Wireless Portable Mouse,,,,,,,,,,,,,,,,,,,,,,,,,,,
Otium Wireless Sports Bluetooth Headphone,Dell Desktop,Acer Desktop,HP Laptop,ASUS Monitor,3-Button Mouse,,,,,,,,,,,,,,,,,,,,,,,,,,
Dell Wired Keyboard,CYBERPOWER Gamer Desktop,Apple Earpods,,,,,,,,,,,,,,,,,,,,,,,,,,,,,
Samsung Monitor,LG Monitor,Apple Wired Keyboard,Epson Printer,3-Button Mouse,,,,,,,,,,,,,,,,,,,,,,,,,,,
Acer Aspire,ASUS 2 Monitor,,,,,,,,,,,,,,,,,,,,,,,,,,,,,,
Epson Printer,,,,,,,,,,,,,,,,,,,,,,,,,,,,,,,
Samsung Monitor,CYBERPOWER Gamer Desktop,Microsoft Wireless Desktop Keyboard and Mouse,,,,,,,,,,,,,,,,,,,,,,,,,,,,,
3-Button Mouse,Sceptre Monitor,,,,,,,,,,,,,,,,,,,,,,,,,,,,,,
LG Monitor,Eluktronics Pro Gaming Laptop,,,,,,,,,,,,,,,,,,,,,,,,,,,,,,
Dell 2 Desktop,HP Laptop,iMac,Apple Magic Keyboard,,,,,,,,,,,,,,,,,,,,,,,,,,,,
iMac,Lenovo Desktop Computer,Apple Magic Keyboard,Dell Desktop,,,,,,,,,,,,,,,,,,,,,,,,,,,,
HDMI Cable 6ft,CYBERPOWER Gamer Desktop,,,,,,,,,,,,,,,,,,,,,,,,,,,,,,
Logitech Wireless Mouse,Dell Wired Keyboard,Epson Printer,Apple MacBook Pro,HP Monitor,Logitech Stereo Headset ,iPad,,,,,,,,,,,,,,,,,,,,,,,,,
Logitech Wireless Mouse,,,,,,,,,,,,,,,,,,,,,,,,,,,,,,,
CYBERPOWER Gamer Desktop,Apple MacBook Air,,,,,,,,,,,,,,,,,,,,,,,,,,,,,,
iMac,Alienware Laptop,Microsoft Office Home and Student 2016,,,,,,,,,,,,,,,,,,,,,,,,,,,,,
iMac,,,,,,,,,,,,,,,,,,,,,,,,,,,,,,,
Samsung Monitor,LG Monitor,Dell 2 Desktop,HP Laptop,iMac,CYBERPOWER Gamer Desktop,Logitech 3-button Mouse,Monster Beats By Dr Dre ,Belkin Mouse Pad,Fire TV Stick,USB Cable,,,,,,,,,,,,,,,,,,,,,
AOC Monitor,Rii LED Gaming Keyboard & Mouse Combo ,Etekcity Power Extension Cord Cable,Dell Desktop,Apple Wireless Keyboard,Apple MacBook Pro,Slim Wireless Mouse,,,,,,,,,,,,,,,,,,,,,,,,,
CYBERPOWER Gamer Desktop,Apple MacBook Pro,,,,,,,,,,,,,,,,,,,,,,,,,,,,,,
Apple MacBook Pro,,,,,,,,,,,,,,,,,,,,,,,,,,,,,,,
HP Laptop,Apple Earpods,Apple MacBook Air,Microsoft Wireless Desktop Keyboard and Mouse,,,,,,,,,,,,,,,,,,,,,,,,,,,,
Acer Monitor,CYBERPOWER Gamer Desktop,iPad Pro ,,,,,,,,,,,,,,,,,,,,,,,,,,,,,
Acer Monitor,CYBERPOWER Gamer Desktop,Lenovo Desktop Computer,Apple MacBook Air,Backlit LED Gaming Keyboard,,,,,,,,,,,,,,,,,,,,,,,,,,,
Acer Monitor,ASUS Monitor,CYBERPOWER Gamer Desktop,Brother Printer Toner,Acer Desktop,Microsoft Wireless Desktop Keyboard and Mouse,,,,,,,,,,,,,,,,,,,,,,,,,,
CYBERPOWER Gamer Desktop,3-Button Mouse,Apple Earpods,,,,,,,,,,,,,,,,,,,,,,,,,,,,,
Samsung Monitor,Apple Wireless Keyboard,Apple MacBook Pro,,,,,,,,,,,,,,,,,,,,,,,,,,,,,
Logitech 3-button Mouse,Apple MacBook Pro,Apple MacBook Air,,,,,,,,,,,,,,,,,,,,,,,,,,,,,
Bose Companion Speakers,Belkin Mouse Pad,Apple MacBook Pro,Apple Earpods,,,,,,,,,,,,,,,,,,,,,,,,,,,,
Acer Desktop,Lenovo Desktop Computer,,,,,,,,,,,,,,,,,,,,,,,,,,,,,,
iMac,Apple Wireless Keyboard,,,,,,,,,,,,,,,,,,,,,,,,,,,,,,
Dell Wired Keyboard,,,,,,,,,,,,,,,,,,,,,,,,,,,,,,,
Eluktronics Pro Gaming Laptop,ViewSonic Monitor,HP Laptop,iMac,CYBERPOWER Gamer Desktop,3TB Portable External Hard Drive,Belkin Mouse Pad,Halter Mesh Metal Monitor Stand,,,,,,,,,,,,,,,,,,,,,,,,
ASUS Chromebook,ViewSonic Monitor,HP Black & Tri-color Ink ,ASUS 2 Monitor,CYBERPOWER Gamer Desktop,Apple MacBook Air,,,,,,,,,,,,,,,,,,,,,,,,,,
iMac,Logitech 3-button Mouse,Apple MacBook Air,,,,,,,,,,,,,,,,,,,,,,,,,,,,,
Eluktronics Pro Gaming Laptop,Acer Aspire,HP Laptop,iMac,ASUS 2 Monitor,Lenovo Desktop Computer,Acer Desktop,,,,,,,,,,,,,,,,,,,,,,,,,
Cyber Acoustics,HP Monitor,,,,,,,,,,,,,,,,,,,,,,,,,,,,,,
Dell Desktop,ASUS Monitor,Logitech 3-button Mouse,,,,,,,,,,,,,,,,,,,,,,,,,,,,,
iMac,Apple MacBook Pro,,,,,,,,,,,,,,,,,,,,,,,,,,,,,,
Samsung Monitor,,,,,,,,,,,,,,,,,,,,,,,,,,,,,,,
CYBERPOWER Gamer Desktop,Apple Earpods,HP Desktop,,,,,,,,,,,,,,,,,,,,,,,,,,,,,
Panasonic In-Ear Headphone ,CYBERPOWER Gamer Desktop,Apple MacBook Air,,,,,,,,,,,,,,,,,,,,,,,,,,,,,
CYBERPOWER Gamer Desktop,HP Monitor,ASUS Desktop,Backlit LED Gaming Keyboard,,,,,,,,,,,,,,,,,,,,,,,,,,,,
Samsung Monitor,,,,,,,,,,,,,,,,,,,,,,,,,,,,,,,
3-Button Mouse,HP Monitor,,,,,,,,,,,,,,,,,,,,,,,,,,,,,,
CYBERPOWER Gamer Desktop,Apple Earpods,,,,,,,,,,,,,,,,,,,,,,,,,,,,,,
LG Monitor,ASUS Chromebook,iMac,Epson Black Ink,Microsoft Office Home and Student 2016,HP Monitor,EagleTec Wireless Combo Keyboard and Mouse,Slim Wireless Mouse,Wireless Portable Mouse,,,,,,,,,,,,,,,,,,,,,,,
HP Laptop,Bose Companion Speakers,CYBERPOWER Gamer Desktop,3-Button Mouse,Apple MacBook Pro,Apple Earpods,,,,,,,,,,,,,,,,,,,,,,,,,,
Microsoft Office Home and Student 2016,Apple Earpods,,,,,,,,,,,,,,,,,,,,,,,,,,,,,,
HDMI Cable 6ft,ASUS Chromebook,Acer Aspire,Dell Desktop, Intel Desktop ,Apple MacBook Pro,Backlit LED Gaming Keyboard,,,,,,,,,,,,,,,,,,,,,,,,,
Apple Earpods,Apple MacBook Air,,,,,,,,,,,,,,,,,,,,,,,,,,,,,,
Dell Laptop,,,,,,,,,,,,,,,,,,,,,,,,,,,,,,,
LG Monitor,,,,,,,,,,,,,,,,,,,,,,,,,,,,,,,
HP Laptop,,,,,,,,,,,,,,,,,,,,,,,,,,,,,,,
Computer Game,iMac,ASUS Monitor,Ailihen Stereo Headphones,,,,,,,,,,,,,,,,,,,,,,,,,,,,
Dell Desktop,CYBERPOWER Gamer Desktop,Apple MacBook Pro,,,,,,,,,,,,,,,,,,,,,,,,,,,,,
Acer Desktop,iMac,ASUS 2 Monitor,Apple Magic Keyboard,Lenovo Desktop Computer,,,,,,,,,,,,,,,,,,,,,,,,,,,
Samsung Monitor,Eluktronics Pro Gaming Laptop,Dell Desktop, Intel Desktop ,HP Monitor,,,,,,,,,,,,,,,,,,,,,,,,,,,
CYBERPOWER Gamer Desktop,,,,,,,,,,,,,,,,,,,,,,,,,,,,,,,
Eluktronics Pro Gaming Laptop,ViewSonic Monitor,HP Laptop,Monster Beats By Dr Dre ,,,,,,,,,,,,,,,,,,,,,,,,,,,,
Acer Aspire,Dell Desktop,Acer Desktop,3-Button Mouse,Apple Wireless Keyboard,Dell Laptop,,,,,,,,,,,,,,,,,,,,,,,,,,
iMac,Lenovo Desktop Computer,Dell Monitor,Logitech 3-button Mouse,iPad Pro ,,,,,,,,,,,,,,,,,,,,,,,,,,,
ViewSonic Monitor,HP Laptop,,,,,,,,,,,,,,,,,,,,,,,,,,,,,,
Microsoft Headset,,,,,,,,,,,,,,,,,,,,,,,,,,,,,,,
ASUS Chromebook,ViewSonic Monitor,,,,,,,,,,,,,,,,,,,,,,,,,,,,,,
CYBERPOWER Gamer Desktop,,,,,,,,,,,,,,,,,,,,,,,,,,,,,,,
Acer Aspire,Microsoft Wireless Desktop Keyboard and Mouse,,,,,,,,,,,,,,,,,,,,,,,,,,,,,,
Logitech Stereo Headset ,Dell Laptop,,,,,,,,,,,,,,,,,,,,,,,,,,,,,,
Samsung Monitor,HDMI Cable 6ft,HP Wireless Mouse,Logitech Desktop MK120 Mouse and keyboard Combo,Rii LED Keyboard,,,,,,,,,,,,,,,,,,,,,,,,,,,
Fire HD Tablet,,,,,,,,,,,,,,,,,,,,,,,,,,,,,,,
Samsung Monitor,LG Monitor,Apple Earpods,,,,,,,,,,,,,,,,,,,,,,,,,,,,,
Cambridge Bluetooth Speaker,Ailihen Stereo Headphones,Dell Laptop,,,,,,,,,,,,,,,,,,,,,,,,,,,,,
Samsung Monitor,Acer Aspire,HP Laptop,Lenovo Desktop Computer,Logitech MK550 Wireless Wave Keyboard and Mouse Combo,3-Button Mouse,Full Motion Monitor Mount,Apple Earpods,,,,,,,,,,,,,,,,,,,,,,,,
Apple Wired Keyboard,CYBERPOWER Gamer Desktop,,,,,,,,,,,,,,,,,,,,,,,,,,,,,,
Samsung Monitor,CYBERPOWER Gamer Desktop,Apple Earpods,,,,,,,,,,,,,,,,,,,,,,,,,,,,,
HP Black & Tri-color Ink ,iMac,,,,,,,,,,,,,,,,,,,,,,,,,,,,,,
Dell Desktop,HP Laptop,,,,,,,,,,,,,,,,,,,,,,,,,,,,,,
Acer Monitor,Otium Wireless Sports Bluetooth Headphone,Eluktronics Pro Gaming Laptop,Acer Aspire,iMac, Intel Desktop ,Microsoft Office Home and Student 2016,3-Button Mouse,JBL Splashproof Portable Bluetooth Speaker,,,,,,,,,,,,,,,,,,,,,,,
Microsoft Office Home and Student 2016,Belkin Mouse Pad,Apple MacBook Pro,,,,,,,,,,,,,,,,,,,,,,,,,,,,,
Samsung Monitor,HP Laptop,,,,,,,,,,,,,,,,,,,,,,,,,,,,,,
Acer Aspire,Dell Desktop,HP Laptop,iMac,Lenovo Desktop Computer,Google Home,,,,,,,,,,,,,,,,,,,,,,,,,,
Acer Desktop,ViewSonic Monitor,Alienware Laptop,Epson Printer,CYBERPOWER Gamer Desktop,Acer Desktop,HP Monitor,Backlit LED Gaming Keyboard,Logitech Keyboard,,,,,,,,,,,,,,,,,,,,,,,
Computer Game,Lenovo Desktop Computer,Rii LED Gaming Keyboard & Mouse Combo ,Dell Desktop,Apple MacBook Pro,HP Monitor,Dell KM117 Wireless Keyboard & Mouse,Kindle,,,,,,,,,,,,,,,,,,,,,,,,
Acer Monitor,Microsoft Office Home and Student 2016,CYBERPOWER Gamer Desktop,,,,,,,,,,,,,,,,,,,,,,,,,,,,,
Microsoft Wireless Desktop Keyboard and Mouse,,,,,,,,,,,,,,,,,,,,,,,,,,,,,,,
Apple MacBook Air,,,,,,,,,,,,,,,,,,,,,,,,,,,,,,,
Acer Monitor,ViewSonic Monitor,Computer Game,Epson Black Ink,Height-Adjustable Standing Desk,Epson Printer,Logitech MK360 Wireless Keyboard and Mouse Combo,,,,,,,,,,,,,,,,,,,,,,,,,
iMac,Apple Wired Keyboard,,,,,,,,,,,,,,,,,,,,,,,,,,,,,,
Apple Earpods,Brother Printer,iPad Pro ,,,,,,,,,,,,,,,,,,,,,,,,,,,,,
ASUS Chromebook,HP Black & Tri-color Ink ,HP Laptop,iMac,HP Wireless Printer,Lenovo Desktop Computer,Apple Magic Keyboard,Height-Adjustable Standing Desk,Microsoft Office Home and Student 2016,Logitech 3-button Mouse,Fire TV Stick,Redragon Gaming Mouse,Apple Earpods,HP Monitor,,,,,,,,,,,,,,,,,,
Apple MacBook Pro,Dell Laptop,,,,,,,,,,,,,,,,,,,,,,,,,,,,,,
Samsung Monitor,,,,,,,,,,,,,,,,,,,,,,,,,,,,,,,
Sonos,,,,,,,,,,,,,,,,,,,,,,,,,,,,,,,
Dell Desktop,Redragon Gaming Mouse,Apple MacBook Pro,Apple Earpods,Apple MacBook Air,LG Touchscreen Laptop,Brother Printer,,,,,,,,,,,,,,,,,,,,,,,,,
iMac,Epson Printer,,,,,,,,,,,,,,,,,,,,,,,,,,,,,,
Lenovo Desktop Computer,3-Button Mouse,Apple MacBook Air,Dell KM117 Wireless Keyboard & Mouse,,,,,,,,,,,,,,,,,,,,,,,,,,,,
HP Black & Tri-color Ink ,Acer Desktop,Microsoft Wireless Desktop Keyboard and Mouse,,,,,,,,,,,,,,,,,,,,,,,,,,,,,
iMac,Logitech Multimedia Speakers,Apple MacBook Air,iPad Pro ,DYMO Labeling Tape ,,,,,,,,,,,,,,,,,,,,,,,,,,,
Otium Wireless Sports Bluetooth Headphone,ASUS 2 Monitor,AOC Monitor,,,,,,,,,,,,,,,,,,,,,,,,,,,,,
Acer Monitor,Acer Desktop,HP Laptop,iMac,ASUS Monitor,Lenovo Desktop Computer,HP Monitor,Microsoft Wireless Desktop Keyboard and Mouse,,,,,,,,,,,,,,,,,,,,,,,,
Acer Aspire,iMac,Lenovo Desktop Computer,USB Cable,Brother Printer,,,,,,,,,,,,,,,,,,,,,,,,,,,
Apple MacBook Air,iPad,,,,,,,,,,,,,,,,,,,,,,,,,,,,,,
HP Wireless Mouse,Apple Earpods,Apple MacBook Air,Large Mouse Pad,Backlit LED Gaming Keyboard,,,,,,,,,,,,,,,,,,,,,,,,,,,
Lenovo Desktop Computer,Wireless Portable Mouse,,,,,,,,,,,,,,,,,,,,,,,,,,,,,,
ASUS Chromebook,Lenovo Desktop Computer,Apple Wired Keyboard,Belkin Mouse Pad,Slim Wireless Mouse,,,,,,,,,,,,,,,,,,,,,,,,,,,
Apple Magic Keyboard,iPad,,,,,,,,,,,,,,,,,,,,,,,,,,,,,,
Acer Desktop,ViewSonic Monitor,iMac,Apple Magic Keyboard,Dell Wired Keyboard,AOC Monitor,Rii LED Gaming Keyboard & Mouse Combo ,HP Monitor,iPad Pro ,,,,,,,,,,,,,,,,,,,,,,,
Acer Monitor,iMac,CYBERPOWER Gamer Desktop,3-Button Mouse,Apple Earpods,Dell Laptop,,,,,,,,,,,,,,,,,,,,,,,,,,
Apple Earpods,,,,,,,,,,,,,,,,,,,,,,,,,,,,,,,
Acer Desktop,Lenovo Desktop Computer,Apple MacBook Pro,Apple MacBook Air,Microsoft Headset,iPad Pro ,,,,,,,,,,,,,,,,,,,,,,,,,,
Acer Aspire,Dell Desktop,Apple Magic Keyboard,CYBERPOWER Gamer Desktop,iPad,Backlit LED Gaming Keyboard,,,,,,,,,,,,,,,,,,,,,,,,,,
iMac,,,,,,,,,,,,,,,,,,,,,,,,,,,,,,,
ViewSonic Monitor,Computer Game,HP Laptop,iMac,Apple Magic Keyboard,Google Home,Cambridge Bluetooth Speaker,CYBERPOWER Gamer Desktop,AOC Monitor,3-Button Mouse,Full Motion Monitor Mount,Fire TV Stick,,,,,,,,,,,,,,,,,,,,
Samsung Monitor,Apple Magic Keyboard,AOC Monitor,Smart Light Bulb,,,,,,,,,,,,,,,,,,,,,,,,,,,,
Monster Beats By Dr Dre,HDMI Cable 6ft,Acer Desktop,ViewSonic Monitor,HP Laptop,iMac,ASUS 2 Monitor,HP Wireless Printer,Alienware Laptop,Lenovo Desktop Computer,Height-Adjustable Standing Desk,AOC Monitor,3-Button Mouse,Mackie CR Speakers,Dell Desktop,APIE Bluetooth Headphone,Apple Wireless Keyboard,Apple Earpods,HP Monitor,Slim Wireless Mouse,ASUS Desktop,iPad Pro ,,,,,,,,,,
Apple Earpods,,,,,,,,,,,,,,,,,,,,,,,,,,,,,,,
ViewSonic Monitor,iPhone Charger Cable,Microsoft Wireless Desktop Keyboard and Mouse,,,,,,,,,,,,,,,,,,,,,,,,,,,,,
HP Laptop, Intel Desktop ,AOC Monitor,HDMI Adapter,Apple Wireless Keyboard,Apple MacBook Pro,Apple Earpods,HP Monitor,Apple MacBook Air,Dell KM117 Wireless Keyboard & Mouse,DYMO Labeling Tape ,,,,,,,,,,,,,,,,,,,,,
Dell Desktop,iMac,Apple Wired Keyboard,Redragon Gaming Mouse,Apple Wireless Keyboard,Apple MacBook Pro,Apple Earpods,Acer Desktop,HP Monitor,Microsoft Wireless Desktop Keyboard and Mouse,,,,,,,,,,,,,,,,,,,,,,
ASUS Monitor,Etekcity Power Extension Cord Cable,DYMO Labeling Tape ,,,,,,,,,,,,,,,,,,,,,,,,,,,,,
Samsung Monitor,Acer Desktop,Logitech MK550 Wireless Wave Keyboard and Mouse Combo,CYBERPOWER Gamer Desktop,Apple Earpods,,,,,,,,,,,,,,,,,,,,,,,,,,,
ASUS Monitor,,,,,,,,,,,,,,,,,,,,,,,,,,,,,,,
iMac,Logitech 3-button Mouse,Dell Laptop,Epson Black Ink,Backlit LED Gaming Keyboard,,,,,,,,,,,,,,,,,,,,,,,,,,,
HP Laptop,iMac,Apple Magic Keyboard,Google Home,AOC Monitor,Redragon Gaming Mouse,Apple MacBook Pro,,,,,,,,,,,,,,,,,,,,,,,,,
iMac,Lenovo Desktop Computer,3-Button Mouse,Apple Earpods,Acer Desktop,Microsoft Wireless Desktop Keyboard and Mouse,,,,,,,,,,,,,,,,,,,,,,,,,,
AOC Monitor,,,,,,,,,,,,,,,,,,,,,,,,,,,,,,,
LG Monitor,,,,,,,,,,,,,,,,,,,,,,,,,,,,,,,
Apple Magic Keyboard,Panasonic In-Ear Headphone ,Logitech Keyboard,Brother Printer,iPad Pro ,,,,,,,,,,,,,,,,,,,,,,,,,,,
Lenovo Desktop Computer,Ailihen Stereo Headphones,Sonos,,,,,,,,,,,,,,,,,,,,,,,,,,,,,
Alienware Laptop,Logitech Multimedia Speakers,HP Monitor,Apple MacBook Air,Dell KM117 Wireless Keyboard & Mouse,Microsoft Wireless Desktop Keyboard and Mouse,,,,,,,,,,,,,,,,,,,,,,,,,,
Lenovo Desktop Computer,Apple Magic Keyboard,Logitech MK550 Wireless Wave Keyboard and Mouse Combo,iPhone Charger Cable,,,,,,,,,,,,,,,,,,,,,,,,,,,,
HP Laptop,iMac,Apple Wireless Keyboard,,,,,,,,,,,,,,,,,,,,,,,,,,,,,
3-Button Mouse,,,,,,,,,,,,,,,,,,,,,,,,,,,,,,,
Lenovo Desktop Computer,CYBERPOWER Gamer Desktop,Acer Desktop,,,,,,,,,,,,,,,,,,,,,,,,,,,,,
Acer Aspire,iMac,ASUS Monitor,Lenovo Desktop Computer,3TB Portable External Hard Drive,HDMI Adapter,JBL Splashproof Portable Bluetooth Speaker,,,,,,,,,,,,,,,,,,,,,,,,,
Epson Black Ink,Apple Wireless Keyboard,,,,,,,,,,,,,,,,,,,,,,,,,,,,,,
ViewSonic Monitor,3-Button Mouse,,,,,,,,,,,,,,,,,,,,,,,,,,,,,,
HP Laptop,Etekcity Power Extension Cord Cable,,,,,,,,,,,,,,,,,,,,,,,,,,,,,,
Acer Aspire,CYBERPOWER Gamer Desktop,Logitech Stereo Headset ,,,,,,,,,,,,,,,,,,,,,,,,,,,,,
Acer Monitor,Rokono Mini Speaker,,,,,,,,,,,,,,,,,,,,,,,,,,,,,,
Samsung Monitor,,,,,,,,,,,,,,,,,,,,,,,,,,,,,,,
HP Laptop,,,,,,,,,,,,,,,,,,,,,,,,,,,,,,,
HP Black & Tri-color Ink ,,,,,,,,,,,,,,,,,,,,,,,,,,,,,,,
HDMI Cable 6ft,Acer Desktop,HP Laptop, Intel Desktop ,3-Button Mouse,Apple MacBook Air,,,,,,,,,,,,,,,,,,,,,,,,,,
ViewSonic Monitor,Lenovo Desktop Computer,Slim 2TB Portable External Hard Drive,Rii LED Gaming Keyboard & Mouse Combo ,,,,,,,,,,,,,,,,,,,,,,,,,,,,
Apple Earpods,,,,,,,,,,,,,,,,,,,,,,,,,,,,,,,
Samsung Monitor,ASUS Chromebook,Eluktronics Pro Gaming Laptop,Lenovo Desktop Computer,Koss Home Headphones, Intel Desktop ,Microsoft Office Home and Student 2016,CYBERPOWER Gamer Desktop,3-Button Mouse,Apple Wireless Keyboard,,,,,,,,,,,,,,,,,,,,,,
Acer Monitor,Acer Desktop,Epson Printer,HP Monitor,Monster Beats By Dr Dre,,,,,,,,,,,,,,,,,,,,,,,,,,,
Apple MacBook Pro,,,,,,,,,,,,,,,,,,,,,,,,,,,,,,,
Otium Wireless Sports Bluetooth Headphone,Acer Aspire,iMac,Apple Wired Keyboard,,,,,,,,,,,,,,,,,,,,,,,,,,,,
HDMI Cable 6ft,ViewSonic Monitor,ASUS Monitor,Apple MacBook Pro,LG Touchscreen Laptop,,,,,,,,,,,,,,,,,,,,,,,,,,,
Dell Desktop,Apple MacBook Air,,,,,,,,,,,,,,,,,,,,,,,,,,,,,,
HP Wireless Mouse,Acer Aspire,Dell Desktop,ViewSonic Monitor,HP Laptop,iMac,,,,,,,,,,,,,,,,,,,,,,,,,,
Bose Companion Speakers,Microsoft Office Home and Student 2016,Dell Desktop,HP Monitor,Backlit LED Gaming Keyboard,,,,,,,,,,,,,,,,,,,,,,,,,,,
ASUS Chromebook,Lenovo Desktop Computer,CYBERPOWER Gamer Desktop,Redragon Gaming Mouse,iPad Pro ,JBL Splashproof Portable Bluetooth Speaker,Backlit LED Gaming Keyboard,,,,,,,,,,,,,,,,,,,,,,,,,
HDMI Cable 6ft,Microsoft Office Home and Student 2016,Logitech 3-button Mouse,Apple MacBook Pro,Logitech ClearChat Headset,PC Gaming Headset,iPad Pro ,Backlit LED Gaming Keyboard,,,,,,,,,,,,,,,,,,,,,,,,
CYBERPOWER Gamer Desktop,3TB Portable External Hard Drive,Logitech ClearChat Headset,JBL Splashproof Portable Bluetooth Speaker,,,,,,,,,,,,,,,,,,,,,,,,,,,,
Acer Aspire,Lenovo Desktop Computer,3-Button Mouse,Lenovo Desktop Computer,Belkin Mouse Pad,Audio Cable,Redragon Gaming Mouse,HP Desktop,Apple TV,,,,,,,,,,,,,,,,,,,,,,,
Acer Aspire,Dell Desktop,iMac,Lenovo Desktop Computer,CYBERPOWER Gamer Desktop,3-Button Mouse,Brother Printer Toner,Apple MacBook Air,iPad Pro ,,,,,,,,,,,,,,,,,,,,,,,
Redragon Gaming Mouse,Apple Wireless Keyboard,,,,,,,,,,,,,,,,,,,,,,,,,,,,,,
Logitech MK550 Wireless Wave Keyboard and Mouse Combo,,iPad,,,,,,,,,,,,,,,,,,,,,,,,,,,,,
Acer Monitor,HP Laptop,iMac,Lenovo Desktop Computer, Intel Desktop ,CYBERPOWER Gamer Desktop,3-Button Mouse,Apple Wireless Keyboard,,,,,,,,,,,,,,,,,,,,,,,,
Apple MacBook Air,,,,,,,,,,,,,,,,,,,,,,,,,,,,,,,
Lenovo Desktop Computer,Apple Wired Keyboard,CYBERPOWER Gamer Desktop,Apple Earpods,Apple MacBook Air,Microsoft Wireless Desktop Keyboard and Mouse,,,,,,,,,,,,,,,,,,,,,,,,,,
Acer Monitor,Samsung Monitor,HP Wireless Mouse,HP Laptop,Cambridge Bluetooth Speaker,Lenovo Desktop Computer,Dell Desktop,Computer Game,Apple Wireless Keyboard,Microsoft Headset,Samsung Galaxy Tablet,Brother Printer,iPad Pro ,Roku Express,,,,,,,,,,,,,,,,,,
CYBERPOWER Gamer Desktop,Apple Earpods,Backlit LED Gaming Keyboard,,,,,,,,,,,,,,,,,,,,,,,,,,,,,
iMac,Slim 2TB Portable External Hard Drive,Apple MacBook Pro,Apple Earpods,Rii LED Keyboard,Backlit LED Gaming Keyboard,,,,,,,,,,,,,,,,,,,,,,,,,,
Otium Wireless Sports Bluetooth Headphone,ASUS Chromebook,Computer Game,LG Touchscreen Laptop,JBL Splashproof Portable Bluetooth Speaker,,,,,,,,,,,,,,,,,,,,,,,,,,,
ASUS 2 Monitor,iPad Pro ,,,,,,,,,,,,,,,,,,,,,,,,,,,,,,
Slim 2TB Portable External Hard Drive,AOC Monitor,3-Button Mouse,Backlit LED Gaming Keyboard,Microsoft Wireless Desktop Keyboard and Mouse,,,,,,,,,,,,,,,,,,,,,,,,,,,
Acer Monitor,iMac,Bose Companion Speakers,Logitech MK550 Wireless Wave Keyboard and Mouse Combo,Height-Adjustable Standing Desk,CYBERPOWER Gamer Desktop,Logitech 3-button Mouse,Belkin Mouse Pad,Backlit LED Gaming Keyboard,,,,,,,,,,,,,,,,,,,,,,,
Samsung Monitor,LG Monitor,ASUS Chromebook,ViewSonic Monitor,ASUS Monitor,Lenovo Desktop Computer,Apple Wired Keyboard,CYBERPOWER Gamer Desktop,Logitech 3-button Mouse,3-Button Mouse,Etekcity Power Extension Cord Cable,Halter Acrylic Monitor Stand,,,,,,,,,,,,,,,,,,,,
Samsung Monitor,Acer Desktop,iMac,CYBERPOWER Gamer Desktop,Apple Earpods,Microsoft Headset,Microsoft Wireless Desktop Keyboard and Mouse,,,,,,,,,,,,,,,,,,,,,,,,,
Otium Wireless Sports Bluetooth Headphone,HP Laptop,,,,,,,,,,,,,,,,,,,,,,,,,,,,,,
Samsung Monitor,Dell Desktop,Acer Desktop,CYBERPOWER Gamer Desktop,3-Button Mouse,Belkin Mouse Pad,,,,,,,,,,,,,,,,,,,,,,,,,,
iMac,CYBERPOWER Gamer Desktop,3-Button Mouse,,,,,,,,,,,,,,,,,,,,,,,,,,,,,
Apple MacBook Air,,,,,,,,,,,,,,,,,,,,,,,,,,,,,,,
Acer Monitor,Acer Aspire,Dell Desktop,Acer Desktop,HP Laptop,iMac,ASUS 2 Monitor,Lenovo Desktop Computer,Apple Magic Keyboard,Microsoft Office Home and Student 2016,Dell Desktop,Apple MacBook Pro,Slim Wireless Mouse,iPad,Brother Printer,,,,,,,,,,,,,,,,,
ASUS Desktop,,,,,,,,,,,,,,,,,,,,,,,,,,,,,,,
LG Monitor,ASUS Monitor,Logitech MK550 Wireless Wave Keyboard and Mouse Combo, Intel Desktop ,,,,,,,,,,,,,,,,,,,,,,,,,,,,
Acer Desktop,HP Laptop,iMac,ASUS Monitor,ASUS 2 Monitor,CYBERPOWER Gamer Desktop,Belkin Mouse Pad,Smart Light Bulb,Apple MacBook Pro,Apple MacBook Air,Apple MacBook Air,Dell Laptop,iPad Pro ,,,,,,,,,,,,,,,,,,,
Apple MacBook Air,,,,,,,,,,,,,,,,,,,,,,,,,,,,,,,
LG Monitor,Dell Desktop,ViewSonic Monitor,Computer Game,HP Laptop,Microsoft Wireless Desktop Keyboard and Mouse,,,,,,,,,,,,,,,,,,,,,,,,,,
Apple MacBook Pro,LG Touchscreen Laptop,Backlit LED Gaming Keyboard,,,,,,,,,,,,,,,,,,,,,,,,,,,,,
iMac,Microsoft Office Home and Student 2016,Logitech 3-button Mouse,Rokono Mini Speaker,,,,,,,,,,,,,,,,,,,,,,,,,,,,
ASUS 2 Monitor,HP Wireless Printer,Apple Earpods,HP Monitor,iPad,Brother Printer,Microsoft Wireless Desktop Keyboard and Mouse,,,,,,,,,,,,,,,,,,,,,,,,,
Dell Desktop,Acer Desktop,Bose Companion Speakers,CYBERPOWER Gamer Desktop,3-Button Mouse,Lenovo Desktop Computer,,,,,,,,,,,,,,,,,,,,,,,,,,
Acer Desktop,HP Laptop,iMac,Lenovo Desktop Computer,Logitech 3-button Mouse,3-Button Mouse,,,,,,,,,,,,,,,,,,,,,,,,,,
HP Wireless Mouse,ASUS Chromebook,Dell Desktop,ViewSonic Monitor,Computer Game,HP Laptop,Microsoft Basic Optical Mouse,Halter Acrylic Monitor Stand,Apple MacBook Pro,Acer Desktop,HP Monitor,iPad Pro ,,,,,,,,,,,,,,,,,,,,
iMac,Backlit LED Gaming Keyboard,,,,,,,,,,,,,,,,,,,,,,,,,,,,,,
Acer Aspire,HP Laptop,Lenovo Desktop Computer,Apple Wired Keyboard,CYBERPOWER Gamer Desktop,Apple Earpods,Dell Laptop,Backlit LED Gaming Keyboard,,,,,,,,,,,,,,,,,,,,,,,,
Apple MacBook Air,,,,,,,,,,,,,,,,,,,,,,,,,,,,,,,
Acer Desktop,5TB Desktop Hard Drive,ViewSonic Monitor,Epson Black Ink,CYBERPOWER Gamer Desktop,Microsoft Basic Optical Mouse,Apple Wireless Keyboard,Apple MacBook Air,Large Mouse Pad,,,,,,,,,,,,,,,,,,,,,,,
Rokono Mini Speaker,,,,,,,,,,,,,,,,,,,,,,,,,,,,,,,
ViewSonic Monitor,HP Laptop,Epson Printer,,,,,,,,,,,,,,,,,,,,,,,,,,,,,
Acer Monitor,Dell Desktop,ViewSonic Monitor,iMac,ASUS Monitor,ASUS 2 Monitor,Lenovo Desktop Computer,,,,,,,,,,,,,,,,,,,,,,,,,
Lenovo Desktop Computer,LG Touchscreen Laptop,Dell KM117 Wireless Keyboard & Mouse,,,,,,,,,,,,,,,,,,,,,,,,,,,,,
Bose Companion Speakers,Sonos,Microsoft Office Home and Student 2016,Etekcity Power Extension Cord Cable,Apple Earpods,DYMO Labeling Tape ,,,,,,,,,,,,,,,,,,,,,,,,,,
Samsung Monitor,HP Wireless Mouse,Acer Aspire,Logitech MK270 Wireless Keyboard and Mouse Combo,HP Laptop,ASUS Monitor,Lenovo Desktop Computer,Apple Magic Keyboard,CYBERPOWER Gamer Desktop,PC Gaming Headset,Brother Printer,,,,,,,,,,,,,,,,,,,,,
iMac,Apple Magic Keyboard,,,,,,,,,,,,,,,,,,,,,,,,,,,,,,
Otium Wireless Sports Bluetooth Headphone,ViewSonic Monitor,iMac,Backlit LED Gaming Keyboard,,,,,,,,,,,,,,,,,,,,,,,,,,,,
LG Monitor,,,,,,,,,,,,,,,,,,,,,,,,,,,,,,,
Apple Wireless Keyboard,,,,,,,,,,,,,,,,,,,,,,,,,,,,,,,
Koss Home Headphones,Logitech MK550 Wireless Wave Keyboard and Mouse Combo,Apple MacBook Pro,Apple Earpods,Large Mouse Pad,Wireless Portable Mouse,Dell Laptop,Sceptre Monitor,,,,,,,,,,,,,,,,,,,,,,,,
Samsung Monitor,HP Laptop,Lenovo Desktop Computer,Height-Adjustable Standing Desk,CYBERPOWER Gamer Desktop,Apple MacBook Pro,Apple Earpods,Apple MacBook Air,Microsoft Wireless Desktop Keyboard and Mouse,,,,,,,,,,,,,,,,,,,,,,,
Samsung Monitor,Acer Aspire,Acer Desktop,iMac, Intel Desktop ,Samsung Charging Cable,Microsoft Office Home and Student 2016,3-Button Mouse,Dell Desktop,HP Monitor,Dell Laptop,Logitech ClearChat Headset,,,,,,,,,,,,,,,,,,,,
Kensington Headphones ,Acer Desktop,,,,,,,,,,,,,,,,,,,,,,,,,,,,,,
iMac,Cambridge Bluetooth Speaker,CYBERPOWER Gamer Desktop,Belkin Mouse Pad,,,,,,,,,,,,,,,,,,,,,,,,,,,,
ASUS 2 Monitor,Lenovo Desktop Computer,,,,,,,,,,,,,,,,,,,,,,,,,,,,,,
Apple Wireless Keyboard,HP Monitor,,,,,,,,,,,,,,,,,,,,,,,,,,,,,,
Dell Desktop,HP Black & Tri-color Ink ,iMac,Lenovo Desktop Computer,Apple Magic Keyboard,Apple Earpods,,,,,,,,,,,,,,,,,,,,,,,,,,
Apple Earpods,,,,,,,,,,,,,,,,,,,,,,,,,,,,,,,
iMac,ASUS 2 Monitor,Logitech 3-button Mouse,,,,,,,,,,,,,,,,,,,,,,,,,,,,,
Apple MacBook Air,,,,,,,,,,,,,,,,,,,,,,,,,,,,,,,
Etekcity Power Extension Cord Cable,,,,,,,,,,,,,,,,,,,,,,,,,,,,,,,
Eluktronics Pro Gaming Laptop,Dell Desktop,,,,,,,,,,,,,,,,,,,,,,,,,,,,,,
Lenovo Desktop Computer,CYBERPOWER Gamer Desktop,XIBERIA Gaming Headset,Apple Earpods,,,,,,,,,,,,,,,,,,,,,,,,,,,,
LG Monitor,Acer Aspire,,,,,,,,,,,,,,,,,,,,,,,,,,,,,,
Acer Monitor,Acer Desktop,ViewSonic Monitor,HP Laptop,iMac,Koss Home Headphones, Intel Desktop ,Epson Printer,Lenovo Desktop Computer,Audio Cable,Dell Desktop,HDMI Adapter,Halter Acrylic Monitor Stand,Apple Wireless Keyboard,HP Monitor,ASUS Desktop,Wireless Portable Mouse,Dell Laptop,Microsoft Wireless Desktop Keyboard and Mouse,,,,,,,,,,,,,
Samsung Monitor,Apple Earpods,Large Mouse Pad,Microsoft Wireless Desktop Keyboard and Mouse,,,,,,,,,,,,,,,,,,,,,,,,,,,,
Apple MacBook Air,,,,,,,,,,,,,,,,,,,,,,,,,,,,,,,
Acer Monitor,ViewSonic Monitor,iMac,Epson Printer,Apple Wireless Keyboard,Apple Earpods,ASUS Desktop,iPad Pro ,Epson Black Ink,Backlit LED Gaming Keyboard,Microsoft Wireless Desktop Keyboard and Mouse,,,,,,,,,,,,,,,,,,,,,
ASUS Chromebook,Acer Aspire,iMac,,,,,,,,,,,,,,,,,,,,,,,,,,,,,
Lenovo Desktop Computer,Bose Companion Speakers,CYBERPOWER Gamer Desktop,Sceptre Monitor,,,,,,,,,,,,,,,,,,,,,,,,,,,,
ASUS Desktop,,,,,,,,,,,,,,,,,,,,,,,,,,,,,,,
HP Laptop,ASUS Monitor,Lenovo Desktop Computer,CYBERPOWER Gamer Desktop,3-Button Mouse,Belkin Mouse Pad,,,,,,,,,,,,,,,,,,,,,,,,,,
3-Button Mouse,,,,,,,,,,,,,,,,,,,,,,,,,,,,,,,
Samsung Monitor,Acer Aspire,iMac,Lenovo Desktop Computer,Slim 2TB Portable External Hard Drive,Cyber Acoustics,Wireless Portable Mouse,Dell Laptop,,,,,,,,,,,,,,,,,,,,,,,,
Apple MacBook Air,,,,,,,,,,,,,,,,,,,,,,,,,,,,,,,
Samsung Monitor,Acer Aspire,HP Laptop,Logitech MK550 Wireless Wave Keyboard and Mouse Combo, Intel Desktop ,Logitech Keyboard,Microsoft Office Home and Student 2016,Apple Wireless Keyboard,DYMO Labeling Tape ,Backlit LED Gaming Keyboard,,,,,,,,,,,,,,,,,,,,,,
Apple MacBook Air,,,,,,,,,,,,,,,,,,,,,,,,,,,,,,,
Kensington Headphones ,Apple Earpods,Dell Laptop,,,,,,,,,,,,,,,,,,,,,,,,,,,,,
HP Laptop,iMac,Lenovo Desktop Computer,Google Home,Apple MacBook Pro,Acer Desktop,HP Monitor,,,,,,,,,,,,,,,,,,,,,,,,,
LG Monitor,HP Laptop,CYBERPOWER Gamer Desktop,,,,,,,,,,,,,,,,,,,,,,,,,,,,,
ASUS Chromebook,ViewSonic Monitor,HP Laptop,iMac,Microsoft Office Home and Student 2016,Brother Printer,,,,,,,,,,,,,,,,,,,,,,,,,,
HP Desktop,,,,,,,,,,,,,,,,,,,,,,,,,,,,,,,
Apple MacBook Air,,,,,,,,,,,,,,,,,,,,,,,,,,,,,,,
Apple MacBook Air,,,,,,,,,,,,,,,,,,,,,,,,,,,,,,,
HDMI Cable 6ft,Acer Aspire,ViewSonic Monitor,Apple Magic Keyboard,Apple MacBook Air,iPad Pro ,,,,,,,,,,,,,,,,,,,,,,,,,,
Dell Desktop,iMac,,,,,,,,,,,,,,,,,,,,,,,,,,,,,,
HP Wireless Mouse,Dell Desktop,Rokono Mini Speaker,,,,,,,,,,,,,,,,,,,,,,,,,,,,,
LG Monitor,Eluktronics Pro Gaming Laptop,Acer Desktop,HP Black & Tri-color Ink ,HP Laptop,iMac,ASUS Monitor,Panasonic In-Ear Headphone ,Dell Wired Keyboard,CYBERPOWER Gamer Desktop,3-Button Mouse,Monster Beats By Dr Dre ,Belkin Mouse Pad,,,,,,,,,,,,,,,,,,,
Lenovo Desktop Computer,,,,,,,,,,,,,,,,,,,,,,,,,,,,,,,
HP Wireless Mouse,HP Laptop,Apple MacBook Pro,Microsoft Headset,USB Cable,,,,,,,,,,,,,,,,,,,,,,,,,,,
Samsung Monitor,HDMI Cable 6ft,Acer Desktop,iMac,Alienware Laptop,Lenovo Desktop Computer,Logitech MK550 Wireless Wave Keyboard and Mouse Combo,Apple Wired Keyboard,CYBERPOWER Gamer Desktop,3-Button Mouse,Belkin Mouse Pad,Slim Wireless Mouse,Microsoft Wireless Desktop Keyboard and Mouse,,,,,,,,,,,,,,,,,,,
Logitech MK550 Wireless Wave Keyboard and Mouse Combo,AOC Monitor,Logitech 3-button Mouse,,,,,,,,,,,,,,,,,,,,,,,,,,,,,
ASUS Desktop,,,,,,,,,,,,,,,,,,,,,,,,,,,,,,,
HP Wireless Mouse,,,,,,,,,,,,,,,,,,,,,,,,,,,,,,,
Acer Monitor,ASUS Chromebook,Acer Aspire,iMac,CYBERPOWER Gamer Desktop,Brother Printer Toner,Apple Wireless Keyboard,Apple MacBook Air,,,,,,,,,,,,,,,,,,,,,,,,
3-Button Mouse,Fire HD Tablet,Apple MacBook Air,,,,,,,,,,,,,,,,,,,,,,,,,,,,,
Microsoft Wireless Desktop Keyboard and Mouse,,,,,,,,,,,,,,,,,,,,,,,,,,,,,,,
Dell Desktop,CYBERPOWER Gamer Desktop,3-Button Mouse,,,,,,,,,,,,,,,,,,,,,,,,,,,,,
Cambridge Bluetooth Speaker,CYBERPOWER Gamer Desktop,Apple MacBook Air,,,,,,,,,,,,,,,,,,,,,,,,,,,,,
iMac,,,,,,,,,,,,,,,,,,,,,,,,,,,,,,,
LG Monitor,Dell Desktop,Backlit LED Gaming Keyboard,,,,,,,,,,,,,,,,,,,,,,,,,,,,,
Eluktronics Pro Gaming Laptop,Acer Desktop,iMac,Logitech MK550 Wireless Wave Keyboard and Mouse Combo,Dell Laptop,,,,,,,,,,,,,,,,,,,,,,,,,,,
HP Laptop,3-Button Mouse,iPad,iPad Pro ,,,,,,,,,,,,,,,,,,,,,,,,,,,,
Microsoft Office Home and Student 2016,CYBERPOWER Gamer Desktop,,,,,,,,,,,,,,,,,,,,,,,,,,,,,,
Eluktronics Pro Gaming Laptop,Logitech MK550 Wireless Wave Keyboard and Mouse Combo,Epson Printer,Apple Earpods,,,,,,,,,,,,,,,,,,,,,,,,,,,,
Dell 2 Desktop,ViewSonic Monitor,iMac,ASUS 2 Monitor,Ailihen Stereo Headphones,Microsoft Office Home and Student 2016,CYBERPOWER Gamer Desktop,,,,,,,,,,,,,,,,,,,,,,,,,
3-Button Mouse,Apple Earpods,,,,,,,,,,,,,,,,,,,,,,,,,,,,,,
Samsung Monitor,Lenovo Desktop Computer,CYBERPOWER Gamer Desktop,Apple Earpods,,,,,,,,,,,,,,,,,,,,,,,,,,,,
Epson Printer,,,,,,,,,,,,,,,,,,,,,,,,,,,,,,,
HP Wireless Printer,CYBERPOWER Gamer Desktop,Dell Desktop,Apple MacBook Pro,,,,,,,,,,,,,,,,,,,,,,,,,,,,
Acer Desktop,iMac,Microsoft Office Home and Student 2016,,,,,,,,,,,,,,,,,,,,,,,,,,,,,
Monster Beats By Dr Dre,ASUS Chromebook,Computer Game,Dell Laptop,iPad Pro ,Microsoft Wireless Desktop Keyboard and Mouse,,,,,,,,,,,,,,,,,,,,,,,,,,
ViewSonic Monitor,iMac,CYBERPOWER Gamer Desktop,Dell Laptop,,,,,,,,,,,,,,,,,,,,,,,,,,,,
ViewSonic Monitor,Lenovo Desktop Computer,3-Button Mouse,,,,,,,,,,,,,,,,,,,,,,,,,,,,,
HP Laptop,CYBERPOWER Gamer Desktop,Apple Earpods,,,,,,,,,,,,,,,,,,,,,,,,,,,,,
HP Wireless Mouse,Acer Desktop,iMac,3-Button Mouse,Apple Wireless Keyboard,,,,,,,,,,,,,,,,,,,,,,,,,,,
CYBERPOWER Gamer Desktop,,,,,,,,,,,,,,,,,,,,,,,,,,,,,,,
Alienware Laptop,Halter Acrylic Monitor Stand,,,,,,,,,,,,,,,,,,,,,,,,,,,,,,
Alienware Laptop,Koss Home Headphones,CYBERPOWER Gamer Desktop,,,,,,,,,,,,,,,,,,,,,,,,,,,,,
Computer Game,HP Laptop,Google Home,,,,,,,,,,,,,,,,,,,,,,,,,,,,,
HDMI Cable 6ft,Eluktronics Pro Gaming Laptop,HP Laptop,iMac,ASUS 2 Monitor,Height-Adjustable Standing Desk,Microsoft Office Home and Student 2016,CYBERPOWER Gamer Desktop,Belkin Mouse Pad,,,,,,,,,,,,,,,,,,,,,,,
Apple Wireless Keyboard,,,,,,,,,,,,,,,,,,,,,,,,,,,,,,,
HP Wireless Mouse,HP Laptop,iMac,Lenovo Desktop Computer,Epson Printer,Apple Wireless Keyboard,Apple MacBook Air,Dell KM117 Wireless Keyboard & Mouse,,,,,,,,,,,,,,,,,,,,,,,,
iMac,ASUS 2 Monitor,HP Wireless Printer,Microsoft Wireless Desktop Keyboard and Mouse,,,,,,,,,,,,,,,,,,,,,,,,,,,,
Acer Monitor,Eluktronics Pro Gaming Laptop,Dell Desktop,ViewSonic Monitor,Microsoft Office Home and Student 2016,Logitech MK360 Wireless Keyboard and Mouse Combo,Zombie Gaming Headset,,,,,,,,,,,,,,,,,,,,,,,,,
Acer Aspire,Acer Desktop,iMac,ASUS 2 Monitor,Apple Magic Keyboard,Apple MacBook Pro,Apple MacBook Air,Dell Laptop,Microsoft Wireless Desktop Keyboard and Mouse,,,,,,,,,,,,,,,,,,,,,,,
Dell Desktop,iMac,Redragon Gaming Mouse,Microsoft Wireless Comfort Keyboard and Mouse,HP Desktop,,,,,,,,,,,,,,,,,,,,,,,,,,,
Acer Aspire,HP Laptop,ASUS Monitor,Logitech 3-button Mouse,Smart Light Bulb,Apple MacBook Pro,Apple Earpods,,,,,,,,,,,,,,,,,,,,,,,,,
iMac,,,,,,,,,,,,,,,,,,,,,,,,,,,,,,,
Apple MacBook Air,,,,,,,,,,,,,,,,,,,,,,,,,,,,,,,
Apple MacBook Air,,,,,,,,,,,,,,,,,,,,,,,,,,,,,,,
Acer Aspire,CYBERPOWER Gamer Desktop,3-Button Mouse,Apple Earpods,Logitech Keyboard,Microsoft Wireless Desktop Keyboard and Mouse,,,,,,,,,,,,,,,,,,,,,,,,,,
HP Wireless Mouse,Computer Game,HP Laptop,iMac,Ailihen Stereo Headphones,Logitech 3-button Mouse,Apple Earpods,LG Touchscreen Laptop,,,,,,,,,,,,,,,,,,,,,,,,
Apple MacBook Air,,,,,,,,,,,,,,,,,,,,,,,,,,,,,,,
Dell Desktop,Apple MacBook Pro,LG Touchscreen Laptop,,,,,,,,,,,,,,,,,,,,,,,,,,,,,
LG Monitor,Dell Desktop,iMac,ASUS 2 Monitor,Cambridge Bluetooth Speaker,Microsoft Office Home and Student 2016,Belkin Mouse Pad,Microsoft Basic Optical Mouse,Apple Earpods,Apple MacBook Air,Logitech Keyboard,,,,,,,,,,,,,,,,,,,,,
CYBERPOWER Gamer Desktop,Apple Earpods,Wireless Portable Mouse,Microsoft Headset,,,,,,,,,,,,,,,,,,,,,,,,,,,,
iMac,Epson Printer,CYBERPOWER Gamer Desktop,3-Button Mouse,Multi Media Stand,Backlit LED Gaming Keyboard,,,,,,,,,,,,,,,,,,,,,,,,,,
CYBERPOWER Gamer Desktop,Logitech 3-button Mouse,HP Monitor,Backlit LED Gaming Keyboard,,,,,,,,,,,,,,,,,,,,,,,,,,,,
Height-Adjustable Standing Desk,CYBERPOWER Gamer Desktop,,,,,,,,,,,,,,,,,,,,,,,,,,,,,,
CYBERPOWER Gamer Desktop,,,,,,,,,,,,,,,,,,,,,,,,,,,,,,,
LG Monitor,Epson Printer,3-Button Mouse,Acer Desktop,,,,,,,,,,,,,,,,,,,,,,,,,,,,
Acer Aspire,HP Laptop,iMac,Rii LED Gaming Keyboard & Mouse Combo ,,,,,,,,,,,,,,,,,,,,,,,,,,,,
Slim 2TB Portable External Hard Drive,,,,,,,,,,,,,,,,,,,,,,,,,,,,,,,
iPad Pro ,,,,,,,,,,,,,,,,,,,,,,,,,,,,,,,
Apple MacBook Air,,,,,,,,,,,,,,,,,,,,,,,,,,,,,,,
Apple Earpods,Microsoft Headset,Backlit LED Gaming Keyboard,Rokono Mini Speaker,,,,,,,,,,,,,,,,,,,,,,,,,,,,
Apple MacBook Air,Large Mouse Pad,JBL Splashproof Portable Bluetooth Speaker,,,,,,,,,,,,,,,,,,,,,,,,,,,,,
Samsung Monitor,LG Monitor,ASUS Chromebook,Eluktronics Pro Gaming Laptop,Logitech MK270 Wireless Keyboard and Mouse Combo,ViewSonic Monitor,HP Laptop,HP Wireless Printer,CYBERPOWER Gamer Desktop,HP USB Keyboard ,iPad Pro ,,,,,,,,,,,,,,,,,,,,,
Samsung Monitor,Apple MacBook Air,Apple TV,,,,,,,,,,,,,,,,,,,,,,,,,,,,,
CYBERPOWER Gamer Desktop,Apple MacBook Air,,,,,,,,,,,,,,,,,,,,,,,,,,,,,,
Dell Desktop,Logitech MK270 Wireless Keyboard and Mouse Combo,Bose Companion Speakers,Microsoft Basic Optical Mouse,HDMI Adapter,Apple Wireless Keyboard,Slim Wireless Mouse,,,,,,,,,,,,,,,,,,,,,,,,,
Acer Monitor,LG Monitor,ViewSonic Monitor,iMac,Lenovo Desktop Computer,Ailihen Stereo Headphones,Apple Earpods,,,,,,,,,,,,,,,,,,,,,,,,,
Samsung Monitor,Acer Aspire,Dell 2 Desktop,HP Laptop,Logitech MK550 Wireless Wave Keyboard and Mouse Combo,CYBERPOWER Gamer Desktop,Apple MacBook Pro,,,,,,,,,,,,,,,,,,,,,,,,,
Samsung Monitor,Alienware Laptop,CYBERPOWER Gamer Desktop,Apple MacBook Pro,Apple Earpods,Apple MacBook Air,Microsoft Wireless Desktop Keyboard and Mouse,,,,,,,,,,,,,,,,,,,,,,,,,
iMac,CYBERPOWER Gamer Desktop,,,,,,,,,,,,,,,,,,,,,,,,,,,,,,
ViewSonic Monitor,HP Black & Tri-color Ink ,iMac,Alienware Laptop, Intel Desktop ,Wireless Portable Mouse,iPad Pro ,Backlit LED Gaming Keyboard,,,,,,,,,,,,,,,,,,,,,,,,
Samsung Monitor,CYBERPOWER Gamer Desktop,Kindle ,,,,,,,,,,,,,,,,,,,,,,,,,,,,,
ViewSonic Monitor,HP Laptop,iMac,ASUS Monitor,Fire HD Tablet,Apple MacBook Pro,Halter Mesh Metal Monitor Stand,,,,,,,,,,,,,,,,,,,,,,,,,
Dell Desktop,iPad,,,,,,,,,,,,,,,,,,,,,,,,,,,,,,
Eluktronics Pro Gaming Laptop,HP Monitor,Apple MacBook Air,LG Touchscreen Laptop,,,,,,,,,,,,,,,,,,,,,,,,,,,,
Otium Wireless Sports Bluetooth Headphone,iMac,Lenovo Desktop Computer,Apple Earpods,Samsung Galaxy Tablet,,,,,,,,,,,,,,,,,,,,,,,,,,,
Apple Earpods,,,,,,,,,,,,,,,,,,,,,,,,,,,,,,,
Acer Monitor,AOC Monitor,Belkin Mouse Pad,Microsoft Wireless Desktop Keyboard and Mouse,,,,,,,,,,,,,,,,,,,,,,,,,,,,
HP Laptop,,,,,,,,,,,,,,,,,,,,,,,,,,,,,,,
iMac,HP Monitor,,,,,,,,,,,,,,,,,,,,,,,,,,,,,,
3-Button Mouse,Backlit LED Gaming Keyboard,,,,,,,,,,,,,,,,,,,,,,,,,,,,,,
Apple MacBook Air,Slim Wireless Mouse,,,,,,,,,,,,,,,,,,,,,,,,,,,,,,
Apple MacBook Air,,,,,,,,,,,,,,,,,,,,,,,,,,,,,,,
Epson Black Ink,Apple Wireless Keyboard,,,,,,,,,,,,,,,,,,,,,,,,,,,,,,
HDMI Cable 6ft,Acer Aspire,Dell Desktop,iMac,Lenovo Desktop Computer,Apple Magic Keyboard,Apple Earpods,,,,,,,,,,,,,,,,,,,,,,,,,
 Intel Desktop ,,,,,,,,,,,,,,,,,,,,,,,,,,,,,,,
LG Monitor,ViewSonic Monitor,Computer Game,HP Laptop,Belkin Mouse Pad,Dell Desktop,HP Notebook Touchscreen Laptop PC,,,,,,,,,,,,,,,,,,,,,,,,,
3-Button Mouse,Apple Earpods,,,,,,,,,,,,,,,,,,,,,,,,,,,,,,
Acer Aspire,Acer Desktop,ViewSonic Monitor,Computer Game,HP Black & Tri-color Ink ,HP Laptop,iMac,ASUS Monitor,Dell Wired Keyboard,Epson Printer,Apple MacBook Pro,Dell KM117 Wireless Keyboard & Mouse,ASUS Desktop,Dell Laptop,HP Laptop,Brother Printer,iPad Pro ,,,,,,,,,,,,,,,
Otium Wireless Sports Bluetooth Headphone,Kensington Headphones ,AOC Monitor,ASUS Desktop,Microsoft Wireless Desktop Keyboard and Mouse,,,,,,,,,,,,,,,,,,,,,,,,,,,
Apple Earpods,HP Monitor,HP Desktop,,,,,,,,,,,,,,,,,,,,,,,,,,,,,
Lenovo Desktop Computer, Intel Desktop ,CYBERPOWER Gamer Desktop,Dell Laptop,,,,,,,,,,,,,,,,,,,,,,,,,,,,
Apple Magic Keyboard,Microsoft Office Home and Student 2016,Belkin Mouse Pad,,,,,,,,,,,,,,,,,,,,,,,,,,,,,
Samsung Monitor,HP Laptop,Lenovo Desktop Computer,Apple MacBook Pro,Apple Earpods,Apple MacBook Air,Microsoft Wireless Desktop Keyboard and Mouse,,,,,,,,,,,,,,,,,,,,,,,,,
Apple MacBook Air,,,,,,,,,,,,,,,,,,,,,,,,,,,,,,,
ViewSonic Monitor,HP Laptop,Rokono Mini Speaker,,,,,,,,,,,,,,,,,,,,,,,,,,,,,
3-Button Mouse,Apple Earpods,,,,,,,,,,,,,,,,,,,,,,,,,,,,,,
CYBERPOWER Gamer Desktop,Apple Wireless Keyboard,Dell KM117 Wireless Keyboard & Mouse,Microsoft Headset,,,,,,,,,,,,,,,,,,,,,,,,,,,,
CYBERPOWER Gamer Desktop,,,,,,,,,,,,,,,,,,,,,,,,,,,,,,,
Acer Monitor,Samsung Monitor,Acer Desktop,HP Laptop,CYBERPOWER Gamer Desktop,Fire TV Stick,Dell Laptop,,,,,,,,,,,,,,,,,,,,,,,,,
Samsung Monitor,Lenovo Desktop Computer,CYBERPOWER Gamer Desktop,3-Button Mouse,HP USB Keyboard ,Apple Earpods,,,,,,,,,,,,,,,,,,,,,,,,,,
iPhone Charger Cable,,,,,,,,,,,,,,,,,,,,,,,,,,,,,,,
Lenovo Desktop Computer,CYBERPOWER Gamer Desktop,,,,,,,,,,,,,,,,,,,,,,,,,,,,,,
Acer Monitor,CYBERPOWER Gamer Desktop,Logitech 3-button Mouse,Microsoft Wireless Desktop Keyboard and Mouse,,,,,,,,,,,,,,,,,,,,,,,,,,,,
HDMI Cable 6ft,LG Monitor,HP Laptop,iMac,Epson Printer,CYBERPOWER Gamer Desktop,Philips Flexible Earhook Headphone,,,,,,,,,,,,,,,,,,,,,,,,,
Dell Laptop,,,,,,,,,,,,,,,,,,,,,,,,,,,,,,,
Apple MacBook Air,Backlit LED Gaming Keyboard,,,,,,,,,,,,,,,,,,,,,,,,,,,,,,
HP Wireless Mouse,Acer Aspire,Dell Desktop,HP Laptop,iMac,Apple Magic Keyboard,CYBERPOWER Gamer Desktop,3-Button Mouse,Rii LED Gaming Keyboard & Mouse Combo ,Dell Laptop,,,,,,,,,,,,,,,,,,,,,,
Google Home,Brother Printer,Backlit LED Gaming Keyboard,Microsoft Wireless Desktop Keyboard and Mouse,,,,,,,,,,,,,,,,,,,,,,,,,,,,
Acer Monitor,Samsung Monitor,Acer Aspire,ViewSonic Monitor,HP Laptop,iMac,Lenovo Desktop Computer,Apple Magic Keyboard,Epson Printer,AOC Monitor,Logitech 3-button Mouse,Cyber Acoustics,DOSS Touch Wireless Bluetooth,Apple Earpods,Slim Wireless Mouse,Zombie Gaming Headset,,,,,,,,,,,,,,,,
Acer Desktop,Apple MacBook Air,,,,,,,,,,,,,,,,,,,,,,,,,,,,,,
Apple MacBook Air,,,,,,,,,,,,,,,,,,,,,,,,,,,,,,,
LG Monitor,HP Laptop,Apple Earpods,,,,,,,,,,,,,,,,,,,,,,,,,,,,,
Apple MacBook Air,,,,,,,,,,,,,,,,,,,,,,,,,,,,,,,
ASUS Chromebook,ViewSonic Monitor,HP Laptop,iMac,HP Wireless Printer,Lenovo Desktop Computer,CYBERPOWER Gamer Desktop,Belkin Mouse Pad,HDMI Adapter,Apple Earpods,Large Mouse Pad,Wireless Portable Mouse,Logitech ClearChat Headset,iPad,1TB Portable External Hard Drive,Roku Express,,,,,,,,,,,,,,,,
CYBERPOWER Gamer Desktop,3-Button Mouse,,,,,,,,,,,,,,,,,,,,,,,,,,,,,,
DYMO Label Manker  ,Samsung Galaxy Tablet,,,,,,,,,,,,,,,,,,,,,,,,,,,,,,
Samsung Monitor,Logitech Desktop MK120 Mouse and keyboard Combo,ASUS Chromebook,Acer Aspire,HP Black & Tri-color Ink ,Rii LED Gaming Keyboard & Mouse Combo ,Belkin Mouse Pad,Logitech MK360 Wireless Keyboard and Mouse Combo,Apple MacBook Pro,,,,,,,,,,,,,,,,,,,,,,,
CYBERPOWER Gamer Desktop,Apple Earpods,,,,,,,,,,,,,,,,,,,,,,,,,,,,,,
iMac,3-Button Mouse,Apple Earpods,,,,,,,,,,,,,,,,,,,,,,,,,,,,,
ASUS Chromebook,Dell Desktop,ViewSonic Monitor,iMac,,,,,,,,,,,,,,,,,,,,,,,,,,,,
HDMI Cable 6ft,iMac,Microsoft Office Home and Student 2016,Logitech Multimedia Speakers,Apple MacBook Pro,Apple MacBook Air,,,,,,,,,,,,,,,,,,,,,,,,,,
Kensington Headphones ,HP Wireless Mouse,LG Monitor,ASUS Chromebook,Eluktronics Pro Gaming Laptop,Dell 2 Desktop,ASUS Monitor,Microsoft Office Home and Student 2016,CYBERPOWER Gamer Desktop,Logitech 3-button Mouse,3-Button Mouse,Rii LED Gaming Keyboard & Mouse Combo ,Logitech MK360 Wireless Keyboard and Mouse Combo,Apple Earpods,Slim Wireless Mouse,Dell Laptop,Dell Laptop,Brother Printer,Halter Mesh Metal Monitor Stand,,,,,,,,,,,,,
HP Wireless Printer,Slim 2TB Portable External Hard Drive,Sonos,Apple Earpods,,,,,,,,,,,,,,,,,,,,,,,,,,,,
CYBERPOWER Gamer Desktop,Apple MacBook Pro,Apple MacBook Air,,,,,,,,,,,,,,,,,,,,,,,,,,,,,
Samsung Monitor,Monster Beats By Dr Dre,Acer Desktop,HP Monitor,Apple MacBook Air,Slim Wireless Mouse,Microsoft Wireless Desktop Keyboard and Mouse,,,,,,,,,,,,,,,,,,,,,,,,,
Acer Aspire,Apple Earpods,Acer Desktop,Apple MacBook Air,Dell Laptop,Dell Laptop,iPad,Microsoft Wireless Desktop Keyboard and Mouse,,,,,,,,,,,,,,,,,,,,,,,,
iMac,Epson Printer,,,,,,,,,,,,,,,,,,,,,,,,,,,,,,
iMac,ASUS 2 Monitor,Belkin Mouse Pad,,,,,,,,,,,,,,,,,,,,,,,,,,,,,
Samsung Monitor,Lenovo Desktop Computer,iPhone Charger Cable,,,,,,,,,,,,,,,,,,,,,,,,,,,,,
ViewSonic Monitor,iMac,Etekcity Power Extension Cord Cable,Fire HD Tablet,HP Monitor,Wireless Portable Mouse,JBL Splashproof Portable Bluetooth Speaker,Microsoft Wireless Desktop Keyboard and Mouse,,,,,,,,,,,,,,,,,,,,,,,,
Samsung Monitor,CYBERPOWER Gamer Desktop,,,,,,,,,,,,,,,,,,,,,,,,,,,,,,
LG Monitor,Dell Desktop,HP Laptop,Apple Wireless Keyboard,Microsoft Wireless Desktop Keyboard and Mouse,,,,,,,,,,,,,,,,,,,,,,,,,,,
HP Wireless Printer,Lenovo Desktop Computer,CYBERPOWER Gamer Desktop,XIBERIA Gaming Headset,Apple MacBook Pro,Apple Earpods,Dell Laptop,Microsoft Wireless Desktop Keyboard and Mouse,,,,,,,,,,,,,,,,,,,,,,,,
Apple MacBook Air,,,,,,,,,,,,,,,,,,,,,,,,,,,,,,,
Acer Aspire,ViewSonic Monitor,HP Laptop,Apple Magic Keyboard,Dell Wired Keyboard,CYBERPOWER Gamer Desktop,Backlit LED Gaming Keyboard,,,,,,,,,,,,,,,,,,,,,,,,,
Eluktronics Pro Gaming Laptop,ViewSonic Monitor,Epson Printer,CYBERPOWER Gamer Desktop,Logitech 3-button Mouse,Belkin Mouse Pad,Apple Earpods,HP Monitor,LG Touchscreen Laptop,Multi Media Stand,Backlit LED Gaming Keyboard,,,,,,,,,,,,,,,,,,,,,
Acer Aspire,Dell Desktop,Acer Desktop,Logitech MK270 Wireless Keyboard and Mouse Combo,Dell 2 Desktop,ViewSonic Monitor,HP Laptop,Slim 2TB Portable External Hard Drive,Logitech MK360 Wireless Keyboard and Mouse Combo,ASUS Desktop,,,,,,,,,,,,,,,,,,,,,,
HP Laptop,,,,,,,,,,,,,,,,,,,,,,,,,,,,,,,
Apple MacBook Air,,,,,,,,,,,,,,,,,,,,,,,,,,,,,,,
CYBERPOWER Gamer Desktop,Ethernet Cable,,,,,,,,,,,,,,,,,,,,,,,,,,,,,,
HDMI Cable 6ft,HP Laptop,Epson Black Ink,Microsoft Office Home and Student 2016,Slim Wireless Mouse,,,,,,,,,,,,,,,,,,,,,,,,,,,
Slim 2TB Portable External Hard Drive,Wireless Portable Mouse,,,,,,,,,,,,,,,,,,,,,,,,,,,,,,
iMac,Logitech 3-button Mouse,3-Button Mouse,,,,,,,,,,,,,,,,,,,,,,,,,,,,,
Apple MacBook Air,,,,,,,,,,,,,,,,,,,,,,,,,,,,,,,
Acer Monitor,Samsung Monitor,iMac,Belkin Mouse Pad,Samsung Charging Cable,Dell Laptop,,,,,,,,,,,,,,,,,,,,,,,,,,
iMac,Logitech Keyboard,Belkin Mouse Pad,Logitech Stereo Headset ,,,,,,,,,,,,,,,,,,,,,,,,,,,,
Acer Aspire,,,,,,,,,,,,,,,,,,,,,,,,,,,,,,,
Acer Monitor,LG Monitor,HP Black & Tri-color Ink ,HP Laptop,ASUS Monitor,CYBERPOWER Gamer Desktop,,,,,,,,,,,,,,,,,,,,,,,,,,
Acer Monitor,Samsung Monitor,HP Laptop,iMac,ASUS Monitor,ASUS 2 Monitor,HP Wireless Printer,Lenovo Desktop Computer,Logitech 3-button Mouse,3-Button Mouse,Wireless Portable Mouse,Dell Laptop,JBL Splashproof Portable Bluetooth Speaker,,,,,,,,,,,,,,,,,,,
Lenovo Desktop Computer,Slim 2TB Portable External Hard Drive,Apple MacBook Air,JBL Splashproof Portable Bluetooth Speaker,,,,,,,,,,,,,,,,,,,,,,,,,,,,
Apple Magic Keyboard,Epson Black Ink,Microsoft Office Home and Student 2016,Rii LED Gaming Keyboard & Mouse Combo ,Etekcity Power Extension Cord Cable,Dell Desktop,,,,,,,,,,,,,,,,,,,,,,,,,,
iPad,,,,,,,,,,,,,,,,,,,,,,,,,,,,,,,
Acer Monitor,CYBERPOWER Gamer Desktop,,,,,,,,,,,,,,,,,,,,,,,,,,,,,,
HP Wireless Mouse,ASUS Chromebook,Acer Desktop,Dell 2 Desktop,HP Laptop,iMac,Apple Magic Keyboard,,Cambridge Bluetooth Speaker,Microsoft Office Home and Student 2016,Slim Wireless Mouse,,,,,,,,,,,,,,,,,,,,,
Samsung Monitor,CYBERPOWER Gamer Desktop,,,,,,,,,,,,,,,,,,,,,,,,,,,,,,
Logitech 3-button Mouse,,,,,,,,,,,,,,,,,,,,,,,,,,,,,,,
Acer Desktop,HP Laptop,iMac,Apple Magic Keyboard,Apple Wireless Keyboard,,,,,,,,,,,,,,,,,,,,,,,,,,,
Apple MacBook Pro,ASUS Desktop,,,,,,,,,,,,,,,,,,,,,,,,,,,,,,
HP Wireless Mouse,Bose Companion Speakers,Epson Printer,Sonos,Microsoft Basic Optical Mouse,Apple MacBook Air,Backlit LED Gaming Keyboard,Microsoft Wireless Desktop Keyboard and Mouse,,,,,,,,,,,,,,,,,,,,,,,,
Samsung Monitor,Dell Desktop,HP Laptop,ASUS Monitor,Panasonic In-Ear Headphone ,Microsoft Office Home and Student 2016,CYBERPOWER Gamer Desktop,Logitech 3-button Mouse,iPad Pro ,,,,,,,,,,,,,,,,,,,,,,,
HP Wireless Mouse,LG Monitor,ASUS Monitor,Sceptre Monitor,,,,,,,,,,,,,,,,,,,,,,,,,,,,
LG Monitor,Lenovo Desktop Computer,Slim 2TB Portable External Hard Drive,Epson Printer,Cambridge Bluetooth Speaker,CYBERPOWER Gamer Desktop,Computer Game,Apple MacBook Air,Logitech ClearChat Headset,Multi Media Stand,,,,,,,,,,,,,,,,,,,,,,
HDMI Cable 6ft,CYBERPOWER Gamer Desktop,Apple Earpods,Microsoft Wireless Desktop Keyboard and Mouse,,,,,,,,,,,,,,,,,,,,,,,,,,,,
Acer Aspire,ViewSonic Monitor,Microsoft Office Home and Student 2016,Belkin Mouse Pad,JBL Splashproof Portable Bluetooth Speaker,,,,,,,,,,,,,,,,,,,,,,,,,,,
CYBERPOWER Gamer Desktop,3-Button Mouse,Cyber Acoustics,Apple Earpods,HP Monitor,Dell Laptop,,,,,,,,,,,,,,,,,,,,,,,,,,
Dell Desktop,5TB Desktop Hard Drive,iMac,Apple Magic Keyboard,Wireless Portable Mouse,Backlit LED Gaming Keyboard,,,,,,,,,,,,,,,,,,,,,,,,,,
HP Laptop,iMac,Apple Magic Keyboard,Epson Black Ink,CYBERPOWER Gamer Desktop,Microsoft Wireless Desktop Keyboard and Mouse,,,,,,,,,,,,,,,,,,,,,,,,,,
HP Laptop,AOC Monitor,Backlit LED Gaming Keyboard,,,,,,,,,,,,,,,,,,,,,,,,,,,,,
Rokono Mini Speaker,,,,,,,,,,,,,,,,,,,,,,,,,,,,,,,
LG Monitor,Dell Desktop,ViewSonic Monitor,Apple Magic Keyboard,Bose Companion Speakers,Epson Printer,Monster Beats By Dr Dre ,Etekcity Power Extension Cord Cable,Apple MacBook Pro,iPad,,,,,,,,,,,,,,,,,,,,,,
3-Button Mouse,Dell Desktop,Fire HD Tablet,Microsoft Headset,Microsoft Wireless Desktop Keyboard and Mouse,,,,,,,,,,,,,,,,,,,,,,,,,,,
Acer Monitor,,,,,,,,,,,,,,,,,,,,,,,,,,,,,,,
CYBERPOWER Gamer Desktop,Apple Earpods,,,,,,,,,,,,,,,,,,,,,,,,,,,,,,
Dell 2 Desktop,Canon Ink ,Halter Mesh Metal Monitor Stand,,,,,,,,,,,,,,,,,,,,,,,,,,,,,
Rokono Mini Speaker,Microsoft Wireless Desktop Keyboard and Mouse,,,,,,,,,,,,,,,,,,,,,,,,,,,,,,
Rokono Mini Speaker,,,,,,,,,,,,,,,,,,,,,,,,,,,,,,,
iMac,ASUS Monitor,ASUS 2 Monitor,Epson Printer,Apple MacBook Pro,Apple MacBook Air,Zombie Gaming Headset,Logitech Keyboard,Microsoft Wireless Desktop Keyboard and Mouse,,,,,,,,,,,,,,,,,,,,,,,
Wireless Portable Mouse,,,,,,,,,,,,,,,,,,,,,,,,,,,,,,,
Samsung Monitor,Panasonic In-Ear Headphone , Intel Desktop ,iPad,Microsoft Wireless Desktop Keyboard and Mouse,,,,,,,,,,,,,,,,,,,,,,,,,,,
Eluktronics Pro Gaming Laptop,HP Laptop,Belkin Mouse Pad,Dell Desktop,Smart Light Bulb,Fire TV Stick,HP Monitor,Microsoft Headset,HP Desktop,,,,,,,,,,,,,,,,,,,,,,,
Apple MacBook Air,,,,,,,,,,,,,,,,,,,,,,,,,,,,,,,
HP Laptop,Google Home,,,,,,,,,,,,,,,,,,,,,,,,,,,,,,
HP Wireless Mouse,iMac,Epson Printer,Logitech 3-button Mouse,Dell Desktop,HP USB Keyboard ,,,,,,,,,,,,,,,,,,,,,,,,,,
Sonos,Microsoft Headset,,,,,,,,,,,,,,,,,,,,,,,,,,,,,,
LG Monitor,Dell Desktop,ViewSonic Monitor,HP Black & Tri-color Ink ,iMac,ASUS Monitor,Microsoft Office Home and Student 2016,CYBERPOWER Gamer Desktop,Smart Light Bulb,Apple MacBook Pro,Philips Flexible Earhook Headphone,Slim Wireless Mouse,Dell Laptop,Brother Printer,,,,,,,,,,,,,,,,,,
Acer Aspire,Acer Desktop,HP Laptop,iMac,ASUS Monitor,Lenovo Desktop Computer,Lenovo Desktop Computer,,,,,,,,,,,,,,,,,,,,,,,,,
Cambridge Bluetooth Speaker,3-Button Mouse,Cyber Acoustics,,,,,,,,,,,,,,,,,,,,,,,,,,,,,
HDMI Cable 6ft,Otium Wireless Sports Bluetooth Headphone,HP Wireless Mouse,Dell Desktop,Dell 2 Desktop,Koss Home Headphones,Google Home,ASUS Desktop,Halter Mesh Metal Monitor Stand,,,,,,,,,,,,,,,,,,,,,,,
Eluktronics Pro Gaming Laptop,Logitech MK550 Wireless Wave Keyboard and Mouse Combo,Cyber Acoustics,Full Motion Monitor Mount,,,,,,,,,,,,,,,,,,,,,,,,,,,,
Apple Earpods,Acer Desktop,EagleTec Wireless Combo Keyboard and Mouse,Microsoft Headset,Dell Laptop,Microsoft Wireless Desktop Keyboard and Mouse,,,,,,,,,,,,,,,,,,,,,,,,,,
Acer Monitor,ViewSonic Monitor,,,,,,,,,,,,,,,,,,,,,,,,,,,,,,
Apple MacBook Air,,,,,,,,,,,,,,,,,,,,,,,,,,,,,,,
Cambridge Bluetooth Speaker,Apple Earpods,Microsoft Wireless Desktop Keyboard and Mouse,,,,,,,,,,,,,,,,,,,,,,,,,,,,,
iMac,,,,,,,,,,,,,,,,,,,,,,,,,,,,,,,
Acer Desktop,,,,,,,,,,,,,,,,,,,,,,,,,,,,,,,
Apple MacBook Air,,,,,,,,,,,,,,,,,,,,,,,,,,,,,,,
ViewSonic Monitor,,,,,,,,,,,,,,,,,,,,,,,,,,,,,,,
Samsung Monitor,Computer Game,,,,,,,,,,,,,,,,,,,,,,,,,,,,,,
Apple MacBook Air,Samsung Galaxy Tablet,,,,,,,,,,,,,,,,,,,,,,,,,,,,,,
Dell Desktop,Computer Game,Apple Wired Keyboard,Apple Wireless Keyboard,Apple MacBook Air,Large Mouse Pad,Dell KM117 Wireless Keyboard & Mouse,DYMO Label Manker  ,Roku Express,Backlit LED Gaming Keyboard,,,,,,,,,,,,,,,,,,,,,,
3-Button Mouse,Apple Earpods,,,,,,,,,,,,,,,,,,,,,,,,,,,,,,
Samsung Monitor,HDMI Cable 6ft,HP Wireless Printer,,,,,,,,,,,,,,,,,,,,,,,,,,,,,
Apple MacBook Air,,,,,,,,,,,,,,,,,,,,,,,,,,,,,,,
Apple Earpods,,,,,,,,,,,,,,,,,,,,,,,,,,,,,,,
Apple MacBook Air,Backlit LED Gaming Keyboard,,,,,,,,,,,,,,,,,,,,,,,,,,,,,,
Redragon Gaming Mouse,Wireless Portable Mouse,,,,,,,,,,,,,,,,,,,,,,,,,,,,,,
Samsung Monitor,Otium Wireless Sports Bluetooth Headphone,LG Monitor,ViewSonic Monitor,HP Laptop,Panasonic In-Ear Headphone ,Belkin Mouse Pad,Redragon Gaming Mouse,Apple Wireless Keyboard,DYMO Label Manker  ,,,,,,,,,,,,,,,,,,,,,,
Apple MacBook Pro,Apple Earpods,,,,,,,,,,,,,,,,,,,,,,,,,,,,,,
Apple Earpods,Dell Laptop,,,,,,,,,,,,,,,,,,,,,,,,,,,,,,
CYBERPOWER Gamer Desktop,,,,,,,,,,,,,,,,,,,,,,,,,,,,,,,
LG Monitor,,,,,,,,,,,,,,,,,,,,,,,,,,,,,,,
Cambridge Bluetooth Speaker,,,,,,,,,,,,,,,,,,,,,,,,,,,,,,,
Apple Earpods,,,,,,,,,,,,,,,,,,,,,,,,,,,,,,,
3-Button Mouse,Apple Earpods,,,,,,,,,,,,,,,,,,,,,,,,,,,,,,
Microsoft Wireless Desktop Keyboard and Mouse,,,,,,,,,,,,,,,,,,,,,,,,,,,,,,,
Logitech 3-button Mouse,Apple MacBook Pro,,,,,,,,,,,,,,,,,,,,,,,,,,,,,,
Lenovo Desktop Computer,,,,,,,,,,,,,,,,,,,,,,,,,,,,,,,
Apple MacBook Air,,,,,,,,,,,,,,,,,,,,,,,,,,,,,,,
Acer Desktop,iMac,CYBERPOWER Gamer Desktop,Microsoft Basic Optical Mouse,Wireless Portable Mouse,,,,,,,,,,,,,,,,,,,,,,,,,,,
Eluktronics Pro Gaming Laptop,HP Laptop,Epson Printer,Cambridge Bluetooth Speaker,Redragon Gaming Mouse,HP Monitor,,,,,,,,,,,,,,,,,,,,,,,,,,
ASUS Desktop,Logitech Keyboard,,,,,,,,,,,,,,,,,,,,,,,,,,,,,,
HDMI Cable 6ft,Apple Magic Keyboard,Slim 2TB Portable External Hard Drive,Microsoft Office Home and Student 2016,HP Monitor,,,,,,,,,,,,,,,,,,,,,,,,,,,
ASUS Monitor,iPad Pro ,,,,,,,,,,,,,,,,,,,,,,,,,,,,,,
iMac,PC Gaming Headset,Microsoft Wireless Desktop Keyboard and Mouse,,,,,,,,,,,,,,,,,,,,,,,,,,,,,
HP Wireless Printer,,,,,,,,,,,,,,,,,,,,,,,,,,,,,,,
Rokono Mini Speaker,,,,,,,,,,,,,,,,,,,,,,,,,,,,,,,
VGA Monitor Cable,,,,,,,,,,,,,,,,,,,,,,,,,,,,,,,
CYBERPOWER Gamer Desktop,Logitech 3-button Mouse,,,,,,,,,,,,,,,,,,,,,,,,,,,,,,
Logitech 3-button Mouse,Apple MacBook Pro,Apple Earpods,HP Monitor,Apple MacBook Air,Backlit LED Gaming Keyboard,Rokono Mini Speaker,,,,,,,,,,,,,,,,,,,,,,,,,
ASUS Chromebook,ViewSonic Monitor,HP Laptop,Belkin Mouse Pad,Slim Wireless Mouse,Wireless Portable Mouse,Dell Laptop,Multi Media Stand,Backlit LED Gaming Keyboard,,,,,,,,,,,,,,,,,,,,,,,
HP Wireless Printer,Koss Home Headphones,CYBERPOWER Gamer Desktop,,,,,,,,,,,,,,,,,,,,,,,,,,,,,
Acer Desktop,,,,,,,,,,,,,,,,,,,,,,,,,,,,,,,
Dell Desktop,,,,,,,,,,,,,,,,,,,,,,,,,,,,,,,
Samsung Monitor,CYBERPOWER Gamer Desktop,Apple Earpods,Dell Laptop,,,,,,,,,,,,,,,,,,,,,,,,,,,,
iMac,Halter Acrylic Monitor Stand,Backlit LED Gaming Keyboard,,,,,,,,,,,,,,,,,,,,,,,,,,,,,
Samsung Monitor,Kensington Headphones ,Slim 2TB Portable External Hard Drive,Microsoft Office Home and Student 2016,3-Button Mouse,Slim Wireless Mouse,,,,,,,,,,,,,,,,,,,,,,,,,,
Apple MacBook Air,,,,,,,,,,,,,,,,,,,,,,,,,,,,,,,
Acer Aspire,Dell Desktop,Cambridge Bluetooth Speaker,Logitech Keyboard,CYBERPOWER Gamer Desktop,Acer Desktop,,,,,,,,,,,,,,,,,,,,,,,,,,
Samsung Monitor,Apple MacBook Air,iPhone Charger Cable,Dell KM117 Wireless Keyboard & Mouse,,,,,,,,,,,,,,,,,,,,,,,,,,,,
iMac,Backlit LED Gaming Keyboard,,,,,,,,,,,,,,,,,,,,,,,,,,,,,,
Acer Desktop,iMac,3-Button Mouse,Wireless Portable Mouse,Rii LED Keyboard,HP Desktop,Microsoft Wireless Desktop Keyboard and Mouse,,,,,,,,,,,,,,,,,,,,,,,,,
Acer Monitor,Apple MacBook Air,,,,,,,,,,,,,,,,,,,,,,,,,,,,,,
Acer Aspire,iMac,,,,,,,,,,,,,,,,,,,,,,,,,,,,,,
Acer Desktop,,,,,,,,,,,,,,,,,,,,,,,,,,,,,,,
Acer Monitor,ASUS Chromebook,Logitech 3-button Mouse,Belkin Mouse Pad,Apple Earpods,iPad,,,,,,,,,,,,,,,,,,,,,,,,,,
Dell Laptop,iPad Pro ,,,,,,,,,,,,,,,,,,,,,,,,,,,,,,
HDMI Cable 6ft,Dell Desktop,Acer Desktop,Logitech MK270 Wireless Keyboard and Mouse Combo,Dell 2 Desktop,HP Laptop,ASUS 2 Monitor,HP Wireless Printer,Lenovo Desktop Computer,CYBERPOWER Gamer Desktop,Belkin Mouse Pad,,Dell Laptop,Zombie Gaming Headset,iPad Pro ,DYMO Labeling Tape ,,,,,,,,,,,,,,,,
Acer Monitor,Logitech 3-button Mouse,Apple MacBook Air,,,,,,,,,,,,,,,,,,,,,,,,,,,,,
Logitech 3-button Mouse,,,,,,,,,,,,,,,,,,,,,,,,,,,,,,,
CYBERPOWER Gamer Desktop,AOC Monitor,Wireless Portable Mouse,,,,,,,,,,,,,,,,,,,,,,,,,,,,,
Acer Desktop,3TB Portable External Hard Drive,Slim Wireless Mouse,Rii LED Keyboard,HP Desktop,,,,,,,,,,,,,,,,,,,,,,,,,,,
Samsung Monitor,ViewSonic Monitor,iMac,CYBERPOWER Gamer Desktop,Logitech 3-button Mouse,Belkin Mouse Pad,Apple Earpods,ASUS Desktop,Rii LED Keyboard,,,,,,,,,,,,,,,,,,,,,,,
ViewSonic Monitor,iMac,CYBERPOWER Gamer Desktop,,,,,,,,,,,,,,,,,,,,,,,,,,,,,
LG Monitor,Logitech 3-button Mouse,Lenovo Desktop Computer,iPhone Charger Cable,Microsoft Wireless Desktop Keyboard and Mouse,,,,,,,,,,,,,,,,,,,,,,,,,,,
iMac,Lenovo Desktop Computer,CYBERPOWER Gamer Desktop,Wireless Portable Mouse,HP Desktop,,,,,,,,,,,,,,,,,,,,,,,,,,,
Slim 2TB Portable External Hard Drive,,,,,,,,,,,,,,,,,,,,,,,,,,,,,,,
Dell Desktop,Microsoft Office Home and Student 2016,Backlit LED Gaming Keyboard,,,,,,,,,,,,,,,,,,,,,,,,,,,,,
Dell Laptop,,,,,,,,,,,,,,,,,,,,,,,,,,,,,,,
3-Button Mouse,,,,,,,,,,,,,,,,,,,,,,,,,,,,,,,
Redragon Gaming Mouse,,,,,,,,,,,,,,,,,,,,,,,,,,,,,,,
HP Wireless Mouse,Acer Aspire,ViewSonic Monitor,HP Laptop,Slim 2TB Portable External Hard Drive,Sonos,Mackie CR Speakers,Logitech MK360 Wireless Keyboard and Mouse Combo,Fire TV Stick,Halter Acrylic Monitor Stand,Apple Earpods,HP Monitor,Dell KM117 Wireless Keyboard & Mouse,Backlit LED Gaming Keyboard,Microsoft Wireless Desktop Keyboard and Mouse,,,,,,,,,,,,,,,,,
Apple MacBook Air,iPhone Charger Cable,Dell KM117 Wireless Keyboard & Mouse,,,,,,,,,,,,,,,,,,,,,,,,,,,,,
Apple Magic Keyboard,iPad,,,,,,,,,,,,,,,,,,,,,,,,,,,,,,
ASUS Desktop,,,,,,,,,,,,,,,,,,,,,,,,,,,,,,,
ASUS Chromebook,ViewSonic Monitor,LG Touchscreen Laptop,Microsoft Wireless Desktop Keyboard and Mouse,,,,,,,,,,,,,,,,,,,,,,,,,,,,
Slim Wireless Mouse,,,,,,,,,,,,,,,,,,,,,,,,,,,,,,,
HP Laptop,Apple Earpods,HP Desktop,,,,,,,,,,,,,,,,,,,,,,,,,,,,,
Otium Wireless Sports Bluetooth Headphone,Acer Aspire,ViewSonic Monitor,iMac,HP Wireless Printer,Lenovo Desktop Computer,Wireless Portable Mouse,Zombie Gaming Headset,,,,,,,,,,,,,,,,,,,,,,,,
Ailihen Stereo Headphones,CYBERPOWER Gamer Desktop,Logitech Keyboard,,,,,,,,,,,,,,,,,,,,,,,,,,,,,
iMac,Panasonic In-Ear Headphone ,ASUS Desktop,iPad,Kindle,,,,,,,,,,,,,,,,,,,,,,,,,,,
Zombie Gaming Headset,,,,,,,,,,,,,,,,,,,,,,,,,,,,,,,
Eluktronics Pro Gaming Laptop,Rokono Mini Speaker,,,,,,,,,,,,,,,,,,,,,,,,,,,,,,
iMac,HP Wireless Printer,Lenovo Desktop Computer,Panasonic In-Ear Headphone ,CYBERPOWER Gamer Desktop,Apple Earpods,PC Gaming Headset,,,,,,,,,,,,,,,,,,,,,,,,,
ASUS Chromebook,,,,,,,,,,,,,,,,,,,,,,,,,,,,,,,
Cambridge Bluetooth Speaker,Apple MacBook Air,,,,,,,,,,,,,,,,,,,,,,,,,,,,,,
Acer Desktop,Lenovo Desktop Computer,,,,,,,,,,,,,,,,,,,,,,,,,,,,,,
Lenovo Desktop Computer,Epson Printer,iPhone Charger Cable,,,,,,,,,,,,,,,,,,,,,,,,,,,,,
CYBERPOWER Gamer Desktop,,,,,,,,,,,,,,,,,,,,,,,,,,,,,,,
iMac,Cambridge Bluetooth Speaker,Cyber Acoustics,iPad,,,,,,,,,,,,,,,,,,,,,,,,,,,,
HDMI Cable 6ft,Cambridge Bluetooth Speaker,CYBERPOWER Gamer Desktop,Halter Acrylic Monitor Stand,Apple Wireless Keyboard,Apple Wireless Keyboard,,,,,,,,,,,,,,,,,,,,,,,,,,
Cambridge Bluetooth Speaker,,,,,,,,,,,,,,,,,,,,,,,,,,,,,,,
Sonos,Ethernet Cable,Apple MacBook Air,Microsoft Wireless Desktop Keyboard and Mouse,,,,,,,,,,,,,,,,,,,,,,,,,,,,
LG Monitor,Dell Monitor,CYBERPOWER Gamer Desktop,Belkin Mouse Pad,Apple Wireless Keyboard,2TB Portable External Hard Drive,,,,,,,,,,,,,,,,,,,,,,,,,,
Microsoft Headset,,,,,,,,,,,,,,,,,,,,,,,,,,,,,,,
Dell Desktop,ViewSonic Monitor,HP Laptop,ASUS Monitor,HP Wireless Printer,Panasonic In-Ear Headphone ,Epson Printer,Sonos,Logitech Keyboard,CYBERPOWER Gamer Desktop,Logitech MK360 Wireless Keyboard and Mouse Combo,Smart Light Bulb,Halter Acrylic Monitor Stand,HP Monitor,Backlit LED Gaming Keyboard,Microsoft Wireless Desktop Keyboard and Mouse,,,,,,,,,,,,,,,,
iMac,3-Button Mouse,Dell Desktop,Apple Earpods,Brother Printer,,,,,,,,,,,,,,,,,,,,,,,,,,,
iMac,Generic Black 3-Button,,,,,,,,,,,,,,,,,,,,,,,,,,,,,,
Apple MacBook Pro,Apple Earpods,,,,,,,,,,,,,,,,,,,,,,,,,,,,,,
Samsung Monitor,iMac,CYBERPOWER Gamer Desktop,,,,,,,,,,,,,,,,,,,,,,,,,,,,,
iMac,iPad Pro ,,,,,,,,,,,,,,,,,,,,,,,,,,,,,,
iMac,,,,,,,,,,,,,,,,,,,,,,,,,,,,,,,
iMac,HP Desktop,,,,,,,,,,,,,,,,,,,,,,,,,,,,,,
LG Monitor,Dell Desktop,AOC Monitor,Apple Earpods,Apple MacBook Air,,,,,,,,,,,,,,,,,,,,,,,,,,,
ASUS 2 Monitor,,,,,,,,,,,,,,,,,,,,,,,,,,,,,,,
HP Wireless Printer,Dell Monitor,Dell Laptop,,,,,,,,,,,,,,,,,,,,,,,,,,,,,
Wireless Portable Mouse,,,,,,,,,,,,,,,,,,,,,,,,,,,,,,,
Computer Game,HP Laptop,Apple Wired Keyboard,Acer Desktop,,,,,,,,,,,,,,,,,,,,,,,,,,,,
Acer Desktop,Apple MacBook Air,,,,,,,,,,,,,,,,,,,,,,,,,,,,,,
Microsoft Wireless Desktop Keyboard and Mouse,,,,,,,,,,,,,,,,,,,,,,,,,,,,,,,
LG Touchscreen Laptop,,,,,,,,,,,,,,,,,,,,,,,,,,,,,,,
Acer Monitor,ASUS 2 Monitor,Brother Printer Toner,,,,,,,,,,,,,,,,,,,,,,,,,,,,,
AOC Monitor,Apple MacBook Air,,,,,,,,,,,,,,,,,,,,,,,,,,,,,,
LG Monitor,ASUS Chromebook,HP Laptop,ASUS 2 Monitor,Apple Magic Keyboard,Google Home,DYMO Label Manker  ,Microsoft Wireless Desktop Keyboard and Mouse,,,,,,,,,,,,,,,,,,,,,,,,
HP Laptop,iMac,,,,,,,,,,,,,,,,,,,,,,,,,,,,,,
LG Monitor,,,,,,,,,,,,,,,,,,,,,,,,,,,,,,,
Dell 2 Desktop,Lenovo Desktop Computer,Monster Beats By Dr Dre,Redragon Gaming Mouse,Apple Earpods,Apple MacBook Air,2TB Portable External Hard Drive,,,,,,,,,,,,,,,,,,,,,,,,,
Acer Monitor,ViewSonic Monitor,Apple MacBook Air,Microsoft Wireless Desktop Keyboard and Mouse,,,,,,,,,,,,,,,,,,,,,,,,,,,,
ViewSonic Monitor,iMac,Logitech MK550 Wireless Wave Keyboard and Mouse Combo,iPad,,,,,,,,,,,,,,,,,,,,,,,,,,,,
Kensington Headphones ,Acer Desktop,Dell Monitor,Apple Earpods,,,,,,,,,,,,,,,,,,,,,,,,,,,,
Apple MacBook Pro,Acer Desktop,Apple MacBook Air,,,,,,,,,,,,,,,,,,,,,,,,,,,,,
Belkin Mouse Pad,Apple Wireless Keyboard,Apple Wireless Keyboard,Apple Earpods,Apple MacBook Air,,,,,,,,,,,,,,,,,,,,,,,,,,,
Apple Earpods,Microsoft Wireless Desktop Keyboard and Mouse,,,,,,,,,,,,,,,,,,,,,,,,,,,,,,
Eluktronics Pro Gaming Laptop,iMac,Full Motion Monitor Mount,Apple Earpods,,,,,,,,,,,,,,,,,,,,,,,,,,,,
ViewSonic Monitor,Computer Game,HP Laptop,iMac,ASUS 2 Monitor,Lenovo Desktop Computer,Ailihen Stereo Headphones,Wireless Portable Mouse,,,,,,,,,,,,,,,,,,,,,,,,
ViewSonic Monitor,Computer Game,HP Laptop,ASUS 2 Monitor,Apple Magic Keyboard,Microsoft Basic Optical Mouse,ViewSonic Monitor,,,,,,,,,,,,,,,,,,,,,,,,,
Apple Earpods,,,,,,,,,,,,,,,,,,,,,,,,,,,,,,,
Apple MacBook Air,,,,,,,,,,,,,,,,,,,,,,,,,,,,,,,
Ailihen Stereo Headphones,,,,,,,,,,,,,,,,,,,,,,,,,,,,,,,
Slim 2TB Portable External Hard Drive,,,,,,,,,,,,,,,,,,,,,,,,,,,,,,,
Acer Desktop,,,,,,,,,,,,,,,,,,,,,,,,,,,,,,,
Logitech Keyboard,,,,,,,,,,,,,,,,,,,,,,,,,,,,,,,
LG Monitor,iMac,,,,,,,,,,,,,,,,,,,,,,,,,,,,,,
HP Monitor,,,,,,,,,,,,,,,,,,,,,,,,,,,,,,,
HP Monitor,,,,,,,,,,,,,,,,,,,,,,,,,,,,,,,
HP Monitor,Slim Wireless Mouse,,,,,,,,,,,,,,,,,,,,,,,,,,,,,,
Dell Desktop,,,,,,,,,,,,,,,,,,,,,,,,,,,,,,,
Lenovo Desktop Computer,Acer Desktop,,,,,,,,,,,,,,,,,,,,,,,,,,,,,,
Apple MacBook Air,,,,,,,,,,,,,,,,,,,,,,,,,,,,,,,
Apple MacBook Air,,,,,,,,,,,,,,,,,,,,,,,,,,,,,,,
 Intel Desktop ,CYBERPOWER Gamer Desktop,iPad,Microsoft Wireless Desktop Keyboard and Mouse,,,,,,,,,,,,,,,,,,,,,,,,,,,,
Apple MacBook Pro,,,,,,,,,,,,,,,,,,,,,,,,,,,,,,,
Samsung Monitor,Eluktronics Pro Gaming Laptop,Acer Aspire,HP Laptop,HP Wireless Printer,Lenovo Desktop Computer,Cambridge Bluetooth Speaker,Dell Monitor,AOC Monitor,HP Monitor,ASUS Desktop,Dell Laptop,iPad,Epson Black Ink,,,,,,,,,,,,,,,,,,
Apple Earpods,Apple MacBook Air,iPhone Charger Cable,Dell KM117 Wireless Keyboard & Mouse,,,,,,,,,,,,,,,,,,,,,,,,,,,,
Backlit LED Gaming Keyboard,,,,,,,,,,,,,,,,,,,,,,,,,,,,,,,
iMac,Slim 2TB Portable External Hard Drive,,,,,,,,,,,,,,,,,,,,,,,,,,,,,,
Logitech Keyboard,,,,,,,,,,,,,,,,,,,,,,,,,,,,,,,
Lenovo Desktop Computer,Logitech MK550 Wireless Wave Keyboard and Mouse Combo,Dell Desktop,Apple MacBook Air,,,,,,,,,,,,,,,,,,,,,,,,,,,,
Monster Beats By Dr Dre ,Acer Desktop,,,,,,,,,,,,,,,,,,,,,,,,,,,,,,
Koss Home Headphones,,,,,,,,,,,,,,,,,,,,,,,,,,,,,,,
Cambridge Bluetooth Speaker,,,,,,,,,,,,,,,,,,,,,,,,,,,,,,,
Sonos,,,,,,,,,,,,,,,,,,,,,,,,,,,,,,,
Acer Monitor,LG Monitor,Dell Desktop,iMac,Apple Magic Keyboard,Epson Printer,Ailihen Stereo Headphones,Belkin Mouse Pad,Backlit LED Gaming Keyboard,,,,,,,,,,,,,,,,,,,,,,,
Otium Wireless Sports Bluetooth Headphone,Logitech Desktop MK120 Mouse and keyboard Combo,Dell Desktop,ViewSonic Monitor,Computer Game,HP Laptop,iMac,ASUS Monitor,Lenovo Desktop Computer,Apple Magic Keyboard,Panasonic In-Ear Headphone ,Logitech MK550 Wireless Wave Keyboard and Mouse Combo,Cambridge Bluetooth Speaker,Logitech Keyboard,Microsoft Office Home and Student 2016,AOC Monitor,Lenovo Desktop Computer,Mackie CR Speakers,Etekcity Power Extension Cord Cable,Belkin Mouse Pad,Fire HD Tablet,Smart Light Bulb,HP USB Keyboard ,Apple MacBook Pro,HP Monitor,Philips Flexible Earhook Headphone,ASUS Desktop,Dell Laptop,Dell Laptop,,,
Apple Earpods,,,,,,,,,,,,,,,,,,,,,,,,,,,,,,,
Alienware Laptop,3-Button Mouse,,,,,,,,,,,,,,,,,,,,,,,,,,,,,,
Dell Monitor,CYBERPOWER Gamer Desktop,Etekcity Power Extension Cord Cable,Apple MacBook Pro,Apple MacBook Air,Brother Printer,iPad Pro ,,,,,,,,,,,,,,,,,,,,,,,,,
HP Laptop,Belkin Mouse Pad,Apple Wireless Keyboard,Apple MacBook Air,Halter Mesh Metal Monitor Stand,,,,,,,,,,,,,,,,,,,,,,,,,,,
Acer Monitor,LG Monitor,iMac,3-Button Mouse,Apple Earpods,,,,,,,,,,,,,,,,,,,,,,,,,,,
Acer Desktop,Slim Wireless Mouse,,,,,,,,,,,,,,,,,,,,,,,,,,,,,,
Samsung Monitor,Bose Companion Speakers,,,,,,,,,,,,,,,,,,,,,,,,,,,,,,
ASUS Monitor,Lenovo Desktop Computer,CYBERPOWER Gamer Desktop,Zombie Gaming Headset,Microsoft Wireless Desktop Keyboard and Mouse,,,,,,,,,,,,,,,,,,,,,,,,,,,
Acer Monitor,LG Monitor,ASUS Chromebook,Eluktronics Pro Gaming Laptop,HP Laptop,iMac,ASUS Monitor,ASUS 2 Monitor,Lenovo Desktop Computer,Apple Magic Keyboard, Intel Desktop ,Epson Printer,Microsoft Office Home and Student 2016,CYBERPOWER Gamer Desktop,Dell Desktop,Fire HD Tablet,iPhone Charger Cable,XIBERIA Gaming Headset,Halter Acrylic Monitor Stand,Apple MacBook Air,Microsoft Headset,iPhone Charger Cable,Brother Printer,,,,,,,,,
Apple MacBook Pro,,,,,,,,,,,,,,,,,,,,,,,,,,,,,,,
Multi Media Stand,,,,,,,,,,,,,,,,,,,,,,,,,,,,,,,
HP Laptop,iMac,Apple MacBook Pro,Apple Earpods,HP Monitor,Slim Wireless Mouse,DYMO Label Manker  ,Backlit LED Gaming Keyboard,,,,,,,,,,,,,,,,,,,,,,,,
ASUS Monitor,Sonos,Belkin Mouse Pad,Apple Earpods,,,,,,,,,,,,,,,,,,,,,,,,,,,,
Samsung Monitor,iMac,Microsoft Office Home and Student 2016,CYBERPOWER Gamer Desktop,HP Monitor,Roku Express,,,,,,,,,,,,,,,,,,,,,,,,,,
Acer Monitor,LG Monitor,Acer Desktop,ViewSonic Monitor,HP Laptop,iMac,Alienware Laptop,Lenovo Desktop Computer, Intel Desktop ,CYBERPOWER Gamer Desktop,Logitech 3-button Mouse,Apple Earpods,,,,,,,,,,,,,,,,,,,,
Monster Beats By Dr Dre,ViewSonic Monitor,HP Laptop,iMac,Epson Printer,LG Touchscreen Laptop,,,,,,,,,,,,,,,,,,,,,,,,,,
LG Touchscreen Laptop,,,,,,,,,,,,,,,,,,,,,,,,,,,,,,,
Acer Monitor,Dell Desktop,ViewSonic Monitor,iMac,ASUS 2 Monitor,HP Wireless Printer,Epson Printer,3-Button Mouse,Apple Wireless Keyboard,Logitech Multimedia Speakers,Backlit LED Gaming Keyboard,,,,,,,,,,,,,,,,,,,,,
Otium Wireless Sports Bluetooth Headphone,,,,,,,,,,,,,,,,,,,,,,,,,,,,,,,
Apple MacBook Air,,,,,,,,,,,,,,,,,,,,,,,,,,,,,,,
HP Wireless Mouse,Apple Earpods,iPhone Charger Cable,LG Touchscreen Laptop,Microsoft Wireless Desktop Keyboard and Mouse,,,,,,,,,,,,,,,,,,,,,,,,,,,
HP Laptop,Logitech MK550 Wireless Wave Keyboard and Mouse Combo,Dell Wired Keyboard,Generic Black 3-Button,Microsoft Basic Optical Mouse,ASUS Desktop,Dell Laptop,,,,,,,,,,,,,,,,,,,,,,,,,
Acer Desktop,iMac,HP Wireless Printer,Alienware Laptop,CYBERPOWER Gamer Desktop,Generic Black 3-Button,,,,,,,,,,,,,,,,,,,,,,,,,,
HP Laptop,iMac,Dell Wired Keyboard,AOC Monitor,Apple Earpods,Backlit LED Gaming Keyboard,,,,,,,,,,,,,,,,,,,,,,,,,,
Lenovo Desktop Computer,Epson Printer,,,,,,,,,,,,,,,,,,,,,,,,,,,,,,
ViewSonic Monitor,iMac,CYBERPOWER Gamer Desktop,,,,,,,,,,,,,,,,,,,,,,,,,,,,,
Microsoft Wireless Desktop Keyboard and Mouse,,,,,,,,,,,,,,,,,,,,,,,,,,,,,,,
Bose Companion Speakers,Apple MacBook Pro,Apple Earpods,,,,,,,,,,,,,,,,,,,,,,,,,,,,,
iMac,HP Wireless Printer,Alienware Laptop,,,,,,,,,,,,,,,,,,,,,,,,,,,,,
Eluktronics Pro Gaming Laptop,Acer Desktop,HP Laptop,iMac,Lenovo Desktop Computer, Intel Desktop ,Belkin Mouse Pad,Dell Desktop,Smart Light Bulb,XIBERIA Gaming Headset,Apple MacBook Pro,Microsoft Headset,,,,,,,,,,,,,,,,,,,,
Epson Printer,Apple MacBook Air,,,,,,,,,,,,,,,,,,,,,,,,,,,,,,
ViewSonic Monitor,HP Laptop,iMac,ASUS Monitor,HP Wireless Printer,Cambridge Bluetooth Speaker,Ailihen Stereo Headphones,Mackie CR Speakers,Apple MacBook Pro,HP Monitor,ASUS Desktop,Dell Laptop,,,,,,,,,,,,,,,,,,,,
Samsung Monitor,HP Laptop,iMac,ASUS Monitor,Redragon Gaming Mouse,Slim Wireless Mouse,ASUS Desktop,Wireless Portable Mouse,Dell Laptop,,,,,,,,,,,,,,,,,,,,,,,
iMac,CYBERPOWER Gamer Desktop,Slim Wireless Mouse,Dell Laptop,Backlit LED Gaming Keyboard,,,,,,,,,,,,,,,,,,,,,,,,,,,
ASUS Chromebook,Eluktronics Pro Gaming Laptop,Dell Desktop,ViewSonic Monitor,Computer Game,HP Laptop,iMac,ASUS Monitor,Lenovo Desktop Computer,Apple Magic Keyboard,Panasonic In-Ear Headphone ,Height-Adjustable Standing Desk,Epson Printer,Dell Monitor,CYBERPOWER Gamer Desktop,AOC Monitor,Mackie CR Speakers,Etekcity Power Extension Cord Cable,Audio Cable,ViewSonic Monitor,Halter Acrylic Monitor Stand,Apple Wireless Keyboard,Apple Wireless Keyboard,Apple MacBook Air,Large Mouse Pad,ASUS Desktop,Dell Laptop,iPad Pro ,Epson Black Ink,,,
Samsung Monitor,Otium Wireless Sports Bluetooth Headphone,iMac,CYBERPOWER Gamer Desktop,Apple MacBook Air,,,,,,,,,,,,,,,,,,,,,,,,,,,
LG Monitor,ASUS Chromebook,Logitech Wireless Mouse,3-Button Mouse,,,,,,,,,,,,,,,,,,,,,,,,,,,,
Apple MacBook Air,,,,,,,,,,,,,,,,,,,,,,,,,,,,,,,
Slim Wireless Mouse,2TB Portable External Hard Drive,,,,,,,,,,,,,,,,,,,,,,,,,,,,,,
Apple MacBook Air,,,,,,,,,,,,,,,,,,,,,,,,,,,,,,,
Apple Earpods,Canon Office Printer,,,,,,,,,,,,,,,,,,,,,,,,,,,,,,
Apple MacBook Pro,,,,,,,,,,,,,,,,,,,,,,,,,,,,,,,
Acer Monitor,HP Laptop,Fire HD Tablet,Apple Earpods,iPad Pro ,Roku Express,,,,,,,,,,,,,,,,,,,,,,,,,,
Dell Desktop,HP Laptop,iMac,Lenovo Desktop Computer,CYBERPOWER Gamer Desktop,Smart Light Bulb,ASUS Desktop,Dell Laptop,Backlit LED Gaming Keyboard,,,,,,,,,,,,,,,,,,,,,,,
Apple MacBook Air,,,,,,,,,,,,,,,,,,,,,,,,,,,,,,,
HP Wireless Mouse,Acer Aspire,ASUS 2 Monitor,Lenovo Desktop Computer,Microsoft Office Home and Student 2016,CYBERPOWER Gamer Desktop,HP Notebook Touchscreen Laptop PC,Apple MacBook Pro,Wireless Portable Mouse,Dell Laptop,Microsoft Wireless Desktop Keyboard and Mouse,,,,,,,,,,,,,,,,,,,,,
Acer Aspire,Dell Desktop,Sonos,,,,,,,,,,,,,,,,,,,,,,,,,,,,,
ASUS 2 Monitor,,,,,,,,,,,,,,,,,,,,,,,,,,,,,,,
Acer Aspire,Dell Desktop,HP Laptop,iMac,ASUS Monitor,Apple Magic Keyboard,Microsoft Office Home and Student 2016,Dell Desktop,Slim Wireless Mouse,ASUS Desktop,iPad Pro ,Microsoft Wireless Desktop Keyboard and Mouse,,,,,,,,,,,,,,,,,,,,
Acer Aspire,Dell Desktop,Logitech 3-button Mouse,iPad Pro ,,,,,,,,,,,,,,,,,,,,,,,,,,,,
HP Laptop,Apple Earpods,Apple MacBook Air,,,,,,,,,,,,,,,,,,,,,,,,,,,,,
Apple MacBook Pro,Apple Earpods,Wireless Portable Mouse,,,,,,,,,,,,,,,,,,,,,,,,,,,,,
HP Wireless Mouse,ViewSonic Monitor,Computer Game,HP Laptop,Epson Printer,Rii LED Keyboard,,,,,,,,,,,,,,,,,,,,,,,,,,
Wireless Portable Mouse,,,,,,,,,,,,,,,,,,,,,,,,,,,,,,,
ASUS 2 Monitor,Rii LED Keyboard,,,,,,,,,,,,,,,,,,,,,,,,,,,,,,
Etekcity Power Extension Cord Cable,,,,,,,,,,,,,,,,,,,,,,,,,,,,,,,
Dell 2 Desktop,ViewSonic Monitor,HP Black & Tri-color Ink ,HP Laptop,iMac,ASUS 2 Monitor, Intel Desktop ,Generic Black 3-Button,ASUS Desktop,Wireless Portable Mouse,Microsoft Wireless Desktop Keyboard and Mouse,,,,,,,,,,,,,,,,,,,,,
Acer Monitor,Eluktronics Pro Gaming Laptop,iMac, Intel Desktop ,Slim Wireless Mouse,,,,,,,,,,,,,,,,,,,,,,,,,,,
LG Monitor,ASUS Chromebook,Epson Printer,Cambridge Bluetooth Speaker,Computer Game,Belkin Mouse Pad,iPad Pro ,Canon Ink ,,,,,,,,,,,,,,,,,,,,,,,,
Dell Desktop,ViewSonic Monitor,iMac,CYBERPOWER Gamer Desktop,Apple MacBook Pro,iPad Pro ,JBL Splashproof Portable Bluetooth Speaker,,,,,,,,,,,,,,,,,,,,,,,,,
Acer Monitor,Otium Wireless Sports Bluetooth Headphone,iMac,Monster Beats By Dr Dre ,Rii LED Gaming Keyboard & Mouse Combo ,Microsoft Basic Optical Mouse,Apple MacBook Air,iPad Pro ,Microsoft Wireless Desktop Keyboard and Mouse,,,,,,,,,,,,,,,,,,,,,,,
Google Home,Microsoft Headset,,,,,,,,,,,,,,,,,,,,,,,,,,,,,,
LG Monitor,ViewSonic Monitor,Computer Game,Apple MacBook Pro,Apple Earpods,,,,,,,,,,,,,,,,,,,,,,,,,,,
Acer Aspire,Dell Desktop,ViewSonic Monitor,HP Laptop,iMac,Lenovo Desktop Computer,Panasonic In-Ear Headphone ,Logitech MK550 Wireless Wave Keyboard and Mouse Combo,Google Home,HP USB Keyboard ,Apple MacBook Pro,Backlit LED Gaming Keyboard,,,,,,,,,,,,,,,,,,,,
Apple MacBook Air,LG Touchscreen Laptop,,,,,,,,,,,,,,,,,,,,,,,,,,,,,,
HP Laptop,Alienware Laptop,CYBERPOWER Gamer Desktop,Etekcity Power Extension Cord Cable,Apple MacBook Pro,HP Monitor,USB Cable,JBL Splashproof Portable Bluetooth Speaker,,,,,,,,,,,,,,,,,,,,,,,,
Acer Monitor,ASUS Chromebook,Acer Desktop,iMac,Lenovo Desktop Computer,Apple Magic Keyboard, Intel Desktop ,Epson Printer,Rii LED Gaming Keyboard & Mouse Combo ,Belkin Mouse Pad,Full Motion Monitor Mount,Microsoft Basic Optical Mouse,Apple Wireless Keyboard,Apple MacBook Pro,Apple Earpods,Acer Desktop,HP Monitor,Slim Wireless Mouse,Wireless Portable Mouse,Logitech Keyboard,,,,,,,,,,,,
Apple MacBook Air,,,,,,,,,,,,,,,,,,,,,,,,,,,,,,,
Acer Aspire,Dell Desktop,HP Wireless Printer,Epson Black Ink,Belkin Mouse Pad,,,,,,,,,,,,,,,,,,,,,,,,,,,
HP Laptop,AOC Monitor,,,,,,,,,,,,,,,,,,,,,,,,,,,,,,
Acer Aspire,ViewSonic Monitor,HP Laptop,iMac,Apple Magic Keyboard,Koss Home Headphones,Epson Printer,AOC Monitor,Rii LED Gaming Keyboard & Mouse Combo ,Belkin Mouse Pad,Smart Light Bulb,Wireless Portable Mouse,Brother Printer,,,,,,,,,,,,,,,,,,,
iMac, Intel Desktop ,Slim Wireless Mouse,iPad,,,,,,,,,,,,,,,,,,,,,,,,,,,,
Apple Earpods,HP Monitor,Rii LED Keyboard,iPad,Sceptre Monitor,,,,,,,,,,,,,,,,,,,,,,,,,,,
HP Laptop,,,,,,,,,,,,,,,,,,,,,,,,,,,,,,,
Acer Desktop,,,,,,,,,,,,,,,,,,,,,,,,,,,,,,,
Apple MacBook Air,,,,,,,,,,,,,,,,,,,,,,,,,,,,,,,
Dell Desktop,HP Laptop,iMac,ASUS 2 Monitor,Alienware Laptop,Lenovo Desktop Computer,Apple Magic Keyboard, Intel Desktop ,CYBERPOWER Gamer Desktop,3-Button Mouse,,,,,,,,,,,,,,,,,,,,,,
ViewSonic Monitor,Computer Game,HP Laptop,,Apple MacBook Air,,,,,,,,,,,,,,,,,,,,,,,,,,,
HP Laptop,iMac,Lenovo Desktop Computer,CYBERPOWER Gamer Desktop,Backlit LED Gaming Keyboard,,,,,,,,,,,,,,,,,,,,,,,,,,,
ViewSonic Monitor,HP Laptop,Lenovo Desktop Computer,CYBERPOWER Gamer Desktop,Rii LED Gaming Keyboard & Mouse Combo ,,,,,,,,,,,,,,,,,,,,,,,,,,,
Apple MacBook Pro,,,,,,,,,,,,,,,,,,,,,,,,,,,,,,,
iMac,,,,,,,,,,,,,,,,,,,,,,,,,,,,,,,
ViewSonic Monitor,iMac,Monster Beats By Dr Dre ,,,,,,,,,,,,,,,,,,,,,,,,,,,,,
Dell Desktop,Acer Desktop,HP Laptop,Epson Printer,Sonos,Logitech 3-button Mouse,3-Button Mouse,Rii LED Gaming Keyboard & Mouse Combo ,Microsoft Basic Optical Mouse,Apple Wireless Keyboard,Apple Earpods,Acer Desktop,HP Monitor,,,,,,,,,,,,,,,,,,,
ASUS Monitor,ASUS 2 Monitor,HP Wireless Printer, Intel Desktop ,Apple MacBook Air,iPad,Microsoft Wireless Desktop Keyboard and Mouse,,,,,,,,,,,,,,,,,,,,,,,,,
Etekcity Power Extension Cord Cable,,,,,,,,,,,,,,,,,,,,,,,,,,,,,,,
Cyber Acoustics,Apple Earpods,Logitech Stereo Headset ,Rii LED Keyboard,,,,,,,,,,,,,,,,,,,,,,,,,,,,
HP Laptop,HP Wireless Printer,iPad,Gaming Mouse Professional,JBL Splashproof Portable Bluetooth Speaker,DYMO Labeling Tape ,Sceptre Monitor,,,,,,,,,,,,,,,,,,,,,,,,,
HP Laptop,ASUS 2 Monitor,Lenovo Desktop Computer,Bose Companion Speakers,Logitech 3-button Mouse,Apple MacBook Pro,Backlit LED Gaming Keyboard,Microsoft Wireless Desktop Keyboard and Mouse,,,,,,,,,,,,,,,,,,,,,,,,
ASUS Chromebook,,,,,,,,,,,,,,,,,,,,,,,,,,,,,,,
ViewSonic Monitor,,,,,,,,,,,,,,,,,,,,,,,,,,,,,,,
iMac,Epson Printer,Apple Wireless Keyboard,,,,,,,,,,,,,,,,,,,,,,,,,,,,,
LG Monitor,ViewSonic Monitor,HP Laptop,iMac,ASUS Monitor,Apple Magic Keyboard,Dell Wired Keyboard,Microsoft Office Home and Student 2016,CYBERPOWER Gamer Desktop,AOC Monitor,3-Button Mouse,HDMI Adapter,Apple Earpods,Wireless Portable Mouse,iPad,iPad Pro ,,,,,,,,,,,,,,,,
ASUS Chromebook,HP Laptop,,,,,,,,,,,,,,,,,,,,,,,,,,,,,,
HP Desktop,,,,,,,,,,,,,,,,,,,,,,,,,,,,,,,
Slim Wireless Mouse,,,,,,,,,,,,,,,,,,,,,,,,,,,,,,,
Samsung Monitor,HDMI Cable 6ft,Logitech MK270 Wireless Keyboard and Mouse Combo,HP Laptop,Apple MacBook Pro,Acer Desktop,Kindle ,Microsoft Wireless Desktop Keyboard and Mouse,,,,,,,,,,,,,,,,,,,,,,,,
Dell Desktop,Cambridge Bluetooth Speaker,CYBERPOWER Gamer Desktop,Apple MacBook Air,Backlit LED Gaming Keyboard,,,,,,,,,,,,,,,,,,,,,,,,,,,
Apple MacBook Air,,,,,,,,,,,,,,,,,,,,,,,,,,,,,,,
Acer Desktop,Logitech MK270 Wireless Keyboard and Mouse Combo,iMac,Lenovo Desktop Computer,Apple Wired Keyboard,Logitech 3-button Mouse,Brother Printer Toner,Mackie CR Speakers,Microsoft Basic Optical Mouse,Apple MacBook Air,Backlit LED Gaming Keyboard,Logitech Keyboard,,,,,,,,,,,,,,,,,,,,
Logitech Desktop MK120 Mouse and keyboard Combo,,,,,,,,,,,,,,,,,,,,,,,,,,,,,,,
HP Laptop,,,,,,,,,,,,,,,,,,,,,,,,,,,,,,,
Samsung Monitor,ASUS Chromebook,Acer Aspire,Dell Desktop,5TB Desktop Hard Drive,ViewSonic Monitor,HP Laptop,iMac,Height-Adjustable Standing Desk,Etekcity Power Extension Cord Cable,Smart Light Bulb,Microsoft Basic Optical Mouse,Dell Laptop,Backlit LED Gaming Keyboard,,,,,,,,,,,,,,,,,,
Acer Monitor,Acer Desktop,5TB Desktop Hard Drive,Computer Game,Google Home,Logitech 3-button Mouse,Apple Earpods,HP Monitor,Slim Wireless Mouse,Dell Laptop,Samsung Galaxy Tablet,Microsoft Wireless Desktop Keyboard and Mouse,,,,,,,,,,,,,,,,,,,,
Acer Aspire,iMac,Koss Home Headphones,Mackie CR Speakers,Belkin Mouse Pad,Dell Desktop,Computer Game,Apple MacBook Pro,,,,,,,,,,,,,,,,,,,,,,,,
HP Wireless Mouse,LG Monitor,Epson Printer,Apple Earpods,,,,,,,,,,,,,,,,,,,,,,,,,,,,
Acer Aspire,Dell Desktop,HP Laptop,iMac,ASUS Monitor,Lenovo Desktop Computer,Apple Magic Keyboard,Koss Home Headphones,Panasonic In-Ear Headphone ,Logitech MK550 Wireless Wave Keyboard and Mouse Combo,Monster Beats By Dr Dre ,Belkin Mouse Pad,Apple Earpods,Acer Desktop,HP Monitor,Dell Laptop,Backlit LED Gaming Keyboard,,,,,,,,,,,,,,,
Rii LED Gaming Keyboard & Mouse Combo ,Dell Desktop,Redragon Gaming Mouse,Acer Desktop,Wireless Portable Mouse,,,,,,,,,,,,,,,,,,,,,,,,,,,
Smart Light Bulb,,,,,,,,,,,,,,,,,,,,,,,,,,,,,,,
Kensington Headphones ,Dell Desktop,Acer Desktop,HP Laptop,iMac,Ailihen Stereo Headphones,3-Button Mouse,Halter Acrylic Monitor Stand,PC Gaming Headset,DYMO Label Manker  ,Brother Printer,Logitech Keyboard,,,,,,,,,,,,,,,,,,,,
Acer Monitor,CYBERPOWER Gamer Desktop,Belkin Mouse Pad,Apple Earpods,,,,,,,,,,,,,,,,,,,,,,,,,,,,
HP Wireless Mouse,ASUS 2 Monitor,Bose Companion Speakers, Intel Desktop ,Belkin Mouse Pad,Apple Wireless Keyboard,Slim Wireless Mouse,Wireless Portable Mouse,JBL Splashproof Portable Bluetooth Speaker,,,,,,,,,,,,,,,,,,,,,,,
HP Wireless Mouse,HP Laptop,iMac,Microsoft Office Home and Student 2016,Etekcity Power Extension Cord Cable,Belkin Mouse Pad,Dell Desktop,Apple Wireless Keyboard,Apple MacBook Air,HP Desktop,iPad,,,,,,,,,,,,,,,,,,,,,
Samsung Monitor,ASUS Chromebook,iMac,3-Button Mouse,,,,,,,,,,,,,,,,,,,,,,,,,,,,
ASUS Chromebook,HP Laptop,Belkin Mouse Pad,Apple Earpods,,,,,,,,,,,,,,,,,,,,,,,,,,,,
iMac,Cambridge Bluetooth Speaker,Dell Laptop,,,,,,,,,,,,,,,,,,,,,,,,,,,,,
Samsung Monitor,HP Laptop,,,,,,,,,,,,,,,,,,,,,,,,,,,,,,
HP Laptop,Logitech Keyboard,,,,,,,,,,,,,,,,,,,,,,,,,,,,,,
Computer Game,Monster Beats By Dr Dre ,,,,,,,,,,,,,,,,,,,,,,,,,,,,,,
Samsung Monitor,ViewSonic Monitor,Computer Game,HP Black & Tri-color Ink ,HP Laptop,Bose Companion Speakers,Logitech MK550 Wireless Wave Keyboard and Mouse Combo, Intel Desktop ,Epson Printer,CYBERPOWER Gamer Desktop,Apple MacBook Pro,Apple Earpods,Apple MacBook Air,Dell KM117 Wireless Keyboard & Mouse,,,,,,,,,,,,,,,,,,
Acer Monitor,Samsung Monitor,Dell Desktop,Etekcity Power Extension Cord Cable,HP Notebook Touchscreen Laptop PC,Microsoft Basic Optical Mouse,Apple MacBook Pro,Acer Desktop,,,,,,,,,,,,,,,,,,,,,,,,
3TB Portable External Hard Drive,ASUS Desktop,DYMO Label Manker  ,,,,,,,,,,,,,,,,,,,,,,,,,,,,,
HP Wireless Mouse,Dell Desktop,Acer Desktop,Apple Magic Keyboard,Dell Desktop,Smart Light Bulb,Apple Wireless Keyboard,Apple Earpods,,,,,,,,,,,,,,,,,,,,,,,,
Acer Monitor,ASUS 2 Monitor,,,,,,,,,,,,,,,,,,,,,,,,,,,,,,
iMac,Apple Magic Keyboard,Brother Printer Toner,Smart Light Bulb,Microsoft Basic Optical Mouse,Apple MacBook Pro,Apple Earpods,iPad Pro ,,,,,,,,,,,,,,,,,,,,,,,,
Ailihen Stereo Headphones,Kindle ,,,,,,,,,,,,,,,,,,,,,,,,,,,,,,
Dell 2 Desktop,iMac,Cambridge Bluetooth Speaker,Logitech Keyboard,CYBERPOWER Gamer Desktop,Apple Earpods,Microsoft Wireless Desktop Keyboard and Mouse,,,,,,,,,,,,,,,,,,,,,,,,,
HP Wireless Mouse,LG Monitor,HP Laptop,iMac,ASUS Monitor,ASUS 2 Monitor,Belkin Mouse Pad,Microsoft Basic Optical Mouse,Wireless Portable Mouse,Dell Laptop,Brother Printer,,,,,,,,,,,,,,,,,,,,,
Computer Game,Lenovo Desktop Computer,Sonos,,,,,,,,,,,,,,,,,,,,,,,,,,,,,
ASUS Chromebook,ViewSonic Monitor,HP Black & Tri-color Ink ,Logitech Wireless Mouse,Apple Magic Keyboard, Intel Desktop ,DOSS Touch Wireless Bluetooth,Etekcity Power Extension Cord Cable,Belkin Mouse Pad,Computer Game,Microsoft Basic Optical Mouse,XIBERIA Gaming Headset,Halter Acrylic Monitor Stand,HP Monitor,Sceptre Monitor,,,,,,,,,,,,,,,,,
ViewSonic Monitor,iMac,Brother Printer Toner,Redragon Gaming Mouse,HP Monitor,Apple MacBook Air,Large Mouse Pad,Wireless Portable Mouse,Brother Printer,Backlit LED Gaming Keyboard,Microsoft Wireless Desktop Keyboard and Mouse,,,,,,,,,,,,,,,,,,,,,
Apple Earpods,,,,,,,,,,,,,,,,,,,,,,,,,,,,,,,
iMac,Koss Home Headphones,Philips Flexible Earhook Headphone,,,,,,,,,,,,,,,,,,,,,,,,,,,,,
Acer Aspire,ASUS Monitor,HP Wireless Printer,Dell Wired Keyboard,AOC Monitor,Microsoft Basic Optical Mouse,PC Gaming Headset,DYMO Label Manker  ,,,,,,,,,,,,,,,,,,,,,,,,
Samsung Monitor,Acer Aspire,iMac,Bose Companion Speakers,Google Home,Epson Printer,Logitech Multimedia Speakers,Apple MacBook Pro,HP Monitor,,,,,,,,,,,,,,,,,,,,,,,
EagleTec Wireless Combo Keyboard and Mouse,,,,,,,,,,,,,,,,,,,,,,,,,,,,,,,
Bose Companion Speakers,Redragon Gaming Mouse,Apple Wireless Keyboard,Apple MacBook Air,LG Touchscreen Laptop,EagleTec Wireless Combo Keyboard and Mouse,Microsoft Wireless Desktop Keyboard and Mouse,,,,,,,,,,,,,,,,,,,,,,,,,
Apple Earpods,,,,,,,,,,,,,,,,,,,,,,,,,,,,,,,
ASUS 2 Monitor,Redragon Gaming Mouse,Apple Earpods,,,,,,,,,,,,,,,,,,,,,,,,,,,,,
iMac,Dell Wired Keyboard,Height-Adjustable Standing Desk,Belkin Mouse Pad,Fire HD Tablet,Redragon Gaming Mouse,Apple Wireless Keyboard,Apple MacBook Pro,,,,,,,,,,,,,,,,,,,,,,,,
Acer Monitor,LG Monitor,Dell Desktop,ViewSonic Monitor,HP Laptop,iMac,ASUS 2 Monitor,Alienware Laptop,Lenovo Desktop Computer,Logitech Keyboard,Microsoft Headset,,,,,,,,,,,,,,,,,,,,,
Dell Laptop,,,,,,,,,,,,,,,,,,,,,,,,,,,,,,,
HP Laptop,Dell Wired Keyboard,Logitech Multimedia Speakers,,,,,,,,,,,,,,,,,,,,,,,,,,,,,
Apple Wireless Keyboard,,,,,,,,,,,,,,,,,,,,,,,,,,,,,,,
Dell Desktop,HP Laptop,Alienware Laptop,ASUS 2 Monitor,Dell Desktop,HP Monitor,Apple MacBook Air,Dell Laptop,Sceptre Monitor,,,,,,,,,,,,,,,,,,,,,,,
ASUS Chromebook,Ailihen Stereo Headphones,Lenovo Desktop Computer,3-Button Mouse,Apple Earpods,Dell Laptop,,,,,,,,,,,,,,,,,,,,,,,,,,
Apple Magic Keyboard,Microsoft Office Home and Student 2016,Apple MacBook Pro,Apple Earpods,,,,,,,,,,,,,,,,,,,,,,,,,,,,
Dell Desktop,Acer Desktop,HP Laptop,Alienware Laptop,Lenovo Desktop Computer,Apple Magic Keyboard,Bose Companion Speakers,Belkin Mouse Pad,Dell Desktop,Wireless Portable Mouse,,,,,,,,,,,,,,,,,,,,,,
Bose Companion Speakers,Apple MacBook Air,,,,,,,,,,,,,,,,,,,,,,,,,,,,,,
ViewSonic Monitor,Brother Printer Toner,HP Desktop,,,,,,,,,,,,,,,,,,,,,,,,,,,,,
Acer Monitor,Samsung Monitor,ASUS Monitor,HP Wireless Printer,Apple Wired Keyboard,AOC Monitor,3-Button Mouse,Apple Wireless Keyboard,Wireless Portable Mouse,,,,,,,,,,,,,,,,,,,,,,,
Acer Desktop,HP Laptop,iMac,Alienware Laptop,Lenovo Desktop Computer, Intel Desktop ,Cyber Acoustics,HP Monitor,DYMO Label Manker  ,Brother Printer,Multi Media Stand,Rokono Mini Speaker,,,,,,,,,,,,,,,,,,,,
Acer Desktop,Koss Home Headphones,Samsung Charging Cable,,,,,,,,,,,,,,,,,,,,,,,,,,,,,
Apple Magic Keyboard,,,,,,,,,,,,,,,,,,,,,,,,,,,,,,,
Apple MacBook Air,,,,,,,,,,,,,,,,,,,,,,,,,,,,,,,
Etekcity Power Extension Cord Cable,,,,,,,,,,,,,,,,,,,,,,,,,,,,,,,
AOC Monitor,Apple MacBook Air,,,,,,,,,,,,,,,,,,,,,,,,,,,,,,
Apple Earpods,HP Desktop,,,,,,,,,,,,,,,,,,,,,,,,,,,,,,
Brother Printer,,,,,,,,,,,,,,,,,,,,,,,,,,,,,,,
Apple MacBook Air,,,,,,,,,,,,,,,,,,,,,,,,,,,,,,,
HP Wireless Printer,Lenovo Desktop Computer,Logitech 3-button Mouse,3-Button Mouse,Apple Earpods,ASUS Desktop,Rii LED Keyboard,Roku Express,,,,,,,,,,,,,,,,,,,,,,,,
Generic Black 3-Button,Dell Laptop,Logitech Keyboard,,,,,,,,,,,,,,,,,,,,,,,,,,,,,
Apple MacBook Air,,,,,,,,,,,,,,,,,,,,,,,,,,,,,,,
Acer Monitor,Apple Earpods,Microsoft Wireless Desktop Keyboard and Mouse,,,,,,,,,,,,,,,,,,,,,,,,,,,,,
Samsung Monitor,HP Laptop, Intel Desktop ,Microsoft Office Home and Student 2016,Apple Earpods,,,,,,,,,,,,,,,,,,,,,,,,,,,
Bose Companion Speakers, Intel Desktop ,Apple Wired Keyboard,CYBERPOWER Gamer Desktop,,,,,,,,,,,,,,,,,,,,,,,,,,,,
Acer Desktop,Dell Laptop,,,,,,,,,,,,,,,,,,,,,,,,,,,,,,
Smart Light Bulb,,,,,,,,,,,,,,,,,,,,,,,,,,,,,,,
Apple MacBook Pro,Apple Earpods,,,,,,,,,,,,,,,,,,,,,,,,,,,,,,
Otium Wireless Sports Bluetooth Headphone,HP Wireless Mouse,Dell 2 Desktop,Lenovo Desktop Computer,Apple Magic Keyboard, Intel Desktop ,Height-Adjustable Standing Desk,Logitech 3-button Mouse,ASUS Desktop,,,,,,,,,,,,,,,,,,,,,,,
Apple MacBook Pro,Apple MacBook Air,,,,,,,,,,,,,,,,,,,,,,,,,,,,,,
LG Monitor,Acer Desktop,,,,,,,,,,,,,,,,,,,,,,,,,,,,,,
Dell Desktop,Acer Desktop,Apple Earpods,LG Touchscreen Laptop,,,,,,,,,,,,,,,,,,,,,,,,,,,,
Acer Aspire,Acer Desktop,ViewSonic Monitor,HP Laptop,ASUS Monitor,Bose Companion Speakers,Epson Printer,3-Button Mouse,Belkin Mouse Pad,Dell Desktop,Computer Game,Apple Earpods,Apple MacBook Air,ASUS Desktop,USB Cable,,,,,,,,,,,,,,,,,
CYBERPOWER Gamer Desktop,Apple Earpods,Apple MacBook Air,,,,,,,,,,,,,,,,,,,,,,,,,,,,,
XIBERIA Gaming Headset,HP Desktop,,,,,,,,,,,,,,,,,,,,,,,,,,,,,,
Logitech 3-button Mouse,Apple MacBook Pro,HP Desktop,,,,,,,,,,,,,,,,,,,,,,,,,,,,,
Apple MacBook Pro,,,,,,,,,,,,,,,,,,,,,,,,,,,,,,,
Acer Monitor,Bose Companion Speakers,Etekcity Power Extension Cord Cable,Apple MacBook Pro,Apple MacBook Air,,,,,,,,,,,,,,,,,,,,,,,,,,,
LG Monitor,Acer Aspire,Acer Desktop,ViewSonic Monitor,HP Laptop,HP Wireless Printer,Alienware Laptop,Panasonic In-Ear Headphone ,Dell Wired Keyboard,HP Monitor,Dell Laptop,Microsoft Wireless Desktop Keyboard and Mouse,,,,,,,,,,,,,,,,,,,,
Lenovo Desktop Computer,Logitech MK550 Wireless Wave Keyboard and Mouse Combo,CYBERPOWER Gamer Desktop,Fire TV Stick,Apple Earpods,Acer Desktop,Dell Laptop,Brother Printer,iPad Pro ,,,,,,,,,,,,,,,,,,,,,,,
Apple Earpods,,,,,,,,,,,,,,,,,,,,,,,,,,,,,,,
Apple MacBook Air,,,,,,,,,,,,,,,,,,,,,,,,,,,,,,,
3-Button Mouse,,,,,,,,,,,,,,,,,,,,,,,,,,,,,,,
Acer Aspire,HP Black & Tri-color Ink ,HP Laptop,ASUS 2 Monitor,,,,,,,,,,,,,,,,,,,,,,,,,,,,
Acer Aspire,,,,,,,,,,,,,,,,,,,,,,,,,,,,,,,
Samsung Monitor,Microsoft Office Home and Student 2016,3-Button Mouse,Apple MacBook Pro,Backlit LED Gaming Keyboard,,,,,,,,,,,,,,,,,,,,,,,,,,,
iPhone Charger Cable,,,,,,,,,,,,,,,,,,,,,,,,,,,,,,,
Samsung Monitor,HDMI Cable 6ft,Otium Wireless Sports Bluetooth Headphone,ASUS Monitor,Bose Companion Speakers,Height-Adjustable Standing Desk,Smart Light Bulb,Apple MacBook Pro,HP Monitor,,,,,,,,,,,,,,,,,,,,,,,
ASUS Chromebook,Dell Laptop,,,,,,,,,,,,,,,,,,,,,,,,,,,,,,
Eluktronics Pro Gaming Laptop,iPhone Charger Cable,,,,,,,,,,,,,,,,,,,,,,,,,,,,,,
Height-Adjustable Standing Desk,AOC Monitor,Apple Earpods,,,,,,,,,,,,,,,,,,,,,,,,,,,,,
HP Monitor,Microsoft Headset,,,,,,,,,,,,,,,,,,,,,,,,,,,,,,
Kensington Headphones ,Acer Desktop,HP Laptop,Microsoft Office Home and Student 2016,Belkin Mouse Pad,Apple MacBook Air,Backlit LED Gaming Keyboard,,,,,,,,,,,,,,,,,,,,,,,,,
HP Wireless Mouse,HP Laptop,Apple MacBook Air,Apple MacBook Air,EagleTec Wireless Combo Keyboard and Mouse,Dell Laptop,Backlit LED Gaming Keyboard,Logitech Keyboard,,,,,,,,,,,,,,,,,,,,,,,,
iMac,HP Wireless Printer,Apple Earpods,Apple MacBook Air,,,,,,,,,,,,,,,,,,,,,,,,,,,,
HDMI Cable 6ft,ViewSonic Monitor,HP Laptop,HP Wireless Printer,Logitech 3-button Mouse,Cyber Acoustics,Belkin Mouse Pad,Apple MacBook Pro,HP Monitor,Dell KM117 Wireless Keyboard & Mouse,,,,,,,,,,,,,,,,,,,,,,
iPhone Charger Cable,,,,,,,,,,,,,,,,,,,,,,,,,,,,,,,
Apple MacBook Air,,,,,,,,,,,,,,,,,,,,,,,,,,,,,,,
HP USB Keyboard ,DYMO Labeling Tape ,,,,,,,,,,,,,,,,,,,,,,,,,,,,,,
Acer Aspire,Dell Desktop,Lenovo Desktop Computer,Bose Companion Speakers,Microsoft Office Home and Student 2016,Fire HD Tablet,Halter Acrylic Monitor Stand,,,,,,,,,,,,,,,,,,,,,,,,,
Dell Desktop,HP Wireless Printer,Lenovo Desktop Computer,Microsoft Office Home and Student 2016,Etekcity Power Extension Cord Cable,HP Monitor,,,,,,,,,,,,,,,,,,,,,,,,,,
ASUS Chromebook,Acer Aspire,ViewSonic Monitor,Apple MacBook Pro,Apple Earpods,HP Monitor,Logitech Keyboard,,,,,,,,,,,,,,,,,,,,,,,,,
Rokono Mini Speaker,,,,,,,,,,,,,,,,,,,,,,,,,,,,,,,
HP Wireless Mouse,ASUS Monitor,Bose Companion Speakers,Apple Wired Keyboard,Apple MacBook Air,Slim Wireless Mouse,Wireless Portable Mouse,Microsoft Headset,,,,,,,,,,,,,,,,,,,,,,,,
Samsung Monitor,CYBERPOWER Gamer Desktop,Acer Desktop,HP Monitor,,,,,,,,,,,,,,,,,,,,,,,,,,,,
iMac,,,,,,,,,,,,,,,,,,,,,,,,,,,,,,,
Otium Wireless Sports Bluetooth Headphone,HP Laptop,AOC Monitor,Backlit LED Gaming Keyboard,,,,,,,,,,,,,,,,,,,,,,,,,,,,
iMac,CYBERPOWER Gamer Desktop,Dell Laptop,iPad,,,,,,,,,,,,,,,,,,,,,,,,,,,,
ASUS Chromebook,ViewSonic Monitor,iMac,ASUS Monitor,Lenovo Desktop Computer,Apple Earpods,Gaming Mouse Professional,Backlit LED Gaming Keyboard,,,,,,,,,,,,,,,,,,,,,,,,
HDMI Cable 6ft,Otium Wireless Sports Bluetooth Headphone,Dell 2 Desktop,HP Laptop,iMac,ASUS Monitor,Lenovo Desktop Computer,Dell Wired Keyboard,Google Home,AOC Monitor,Belkin Mouse Pad,HP Desktop,,,,,,,,,,,,,,,,,,,,
Samsung Monitor,Otium Wireless Sports Bluetooth Headphone,HP Laptop,Epson Printer,CYBERPOWER Gamer Desktop,,,,,,,,,,,,,,,,,,,,,,,,,,,
Samsung Monitor,Logitech 3-button Mouse,Monster Beats By Dr Dre ,Apple Wireless Keyboard,Apple TV,,,,,,,,,,,,,,,,,,,,,,,,,,,
HDMI Cable 6ft,HP Laptop,Lenovo Desktop Computer,Microsoft Office Home and Student 2016,Brother Printer Toner,Backlit LED Gaming Keyboard,,,,,,,,,,,,,,,,,,,,,,,,,,
LG Monitor,HP Laptop,CYBERPOWER Gamer Desktop,Halter Acrylic Monitor Stand,Dell Laptop,,,,,,,,,,,,,,,,,,,,,,,,,,,
Apple MacBook Air,HP Desktop,,,,,,,,,,,,,,,,,,,,,,,,,,,,,,
HP Wireless Mouse,Apple MacBook Pro,Large Mouse Pad,,,,,,,,,,,,,,,,,,,,,,,,,,,,,
ASUS Chromebook,Eluktronics Pro Gaming Laptop,Dell Desktop,Acer Desktop,HP Laptop,iMac,Alienware Laptop,Lenovo Desktop Computer,Sonos,CYBERPOWER Gamer Desktop,3-Button Mouse,HP Monitor,,,,,,,,,,,,,,,,,,,,
Lenovo Desktop Computer,Epson Black Ink,APIE Bluetooth Headphone,Epson Black Ink,Microsoft Wireless Desktop Keyboard and Mouse,,,,,,,,,,,,,,,,,,,,,,,,,,,
Dell Desktop,iMac,Belkin Mouse Pad,Dell Desktop,,,,,,,,,,,,,,,,,,,,,,,,,,,,
HP Wireless Mouse,ViewSonic Monitor,CYBERPOWER Gamer Desktop,Belkin Mouse Pad,Apple MacBook Pro,,,,,,,,,,,,,,,,,,,,,,,,,,,
Etekcity Power Extension Cord Cable,,,,,,,,,,,,,,,,,,,,,,,,,,,,,,,
HP Laptop,iMac,Wireless Portable Mouse,,,,,,,,,,,,,,,,,,,,,,,,,,,,,
Epson Printer,Microsoft Office Home and Student 2016,3-Button Mouse,,,,,,,,,,,,,,,,,,,,,,,,,,,,,
Belkin Mouse Pad,,,,,,,,,,,,,,,,,,,,,,,,,,,,,,,
Otium Wireless Sports Bluetooth Headphone,,,,,,,,,,,,,,,,,,,,,,,,,,,,,,,
Otium Wireless Sports Bluetooth Headphone,Backlit LED Gaming Keyboard,,,,,,,,,,,,,,,,,,,,,,,,,,,,,,
Acer Desktop,Apple MacBook Air,LG Touchscreen Laptop,,,,,,,,,,,,,,,,,,,,,,,,,,,,,
HDMI Cable 6ft,Acer Aspire,Dell Desktop,Acer Desktop,HP Black & Tri-color Ink ,HP Laptop,iMac,Lenovo Desktop Computer,Apple Wired Keyboard,Logitech 3-button Mouse,HP USB Keyboard ,HP Monitor,,,,,,,,,,,,,,,,,,,,
ASUS Chromebook,iMac,Belkin Mouse Pad,Slim Wireless Mouse,,,,,,,,,,,,,,,,,,,,,,,,,,,,
HP Laptop,Apple MacBook Pro,Apple MacBook Air,Wireless Portable Mouse,,,,,,,,,,,,,,,,,,,,,,,,,,,,
HDMI Cable 6ft,Dell Desktop,Slim 2TB Portable External Hard Drive,Logitech MK550 Wireless Wave Keyboard and Mouse Combo,Wireless Portable Mouse,Dell Laptop,Dell Laptop,HP Desktop,,,,,,,,,,,,,,,,,,,,,,,,
Lenovo Desktop Computer,Epson Printer,iPad Pro ,Backlit LED Gaming Keyboard,Logitech Keyboard,,,,,,,,,,,,,,,,,,,,,,,,,,,
HP Laptop,Ailihen Stereo Headphones,DOSS Touch Wireless Bluetooth,,,,,,,,,,,,,,,,,,,,,,,,,,,,,
iMac,Microsoft Office Home and Student 2016,DYMO Labeling Tape ,,,,,,,,,,,,,,,,,,,,,,,,,,,,,
ViewSonic Monitor,Bose Companion Speakers,CYBERPOWER Gamer Desktop,Logitech 3-button Mouse,3-Button Mouse,Apple MacBook Pro,,,,,,,,,,,,,,,,,,,,,,,,,,
Acer Monitor,Monster Beats By Dr Dre,Acer Desktop,iMac,Lenovo Desktop Computer,Slim 2TB Portable External Hard Drive, Intel Desktop ,Epson Printer,Cambridge Bluetooth Speaker,Logitech 3-button Mouse,3-Button Mouse,Generic Black 3-Button,Apple MacBook Pro,Apple Earpods,HP Monitor,Multi Media Stand,,,,,,,,,,,,,,,,
Apple MacBook Air,,,,,,,,,,,,,,,,,,,,,,,,,,,,,,,
Eluktronics Pro Gaming Laptop,Acer Desktop,ViewSonic Monitor,HP Laptop,iMac,ASUS 2 Monitor,Microsoft Office Home and Student 2016,Lenovo Desktop Computer,DOSS Touch Wireless Bluetooth,Etekcity Power Extension Cord Cable,Belkin Mouse Pad,HP Notebook Touchscreen Laptop PC,Apple Wireless Keyboard,Apple MacBook Air,Backlit LED Gaming Keyboard,,,,,,,,,,,,,,,,,
Samsung Monitor,Logitech Wireless Mouse,iMac,Logitech 3-button Mouse,Apple MacBook Pro,Backlit LED Gaming Keyboard,,,,,,,,,,,,,,,,,,,,,,,,,,
HP Wireless Mouse,ASUS Chromebook,ViewSonic Monitor,Logitech 3-button Mouse,Belkin Mouse Pad,Redragon Gaming Mouse,Apple MacBook Pro,Apple Earpods,,,,,,,,,,,,,,,,,,,,,,,,
JBL Splashproof Portable Bluetooth Speaker,,,,,,,,,,,,,,,,,,,,,,,,,,,,,,,
LG Monitor,ViewSonic Monitor,Panasonic In-Ear Headphone ,Dell Laptop,HP Desktop,iPad Pro ,Microsoft Wireless Desktop Keyboard and Mouse,,,,,,,,,,,,,,,,,,,,,,,,,
Acer Monitor,HP Wireless Mouse,LG Monitor,Acer Aspire,ViewSonic Monitor,iMac,Lenovo Desktop Computer,Logitech 3-button Mouse,Apple Wireless Keyboard,PC Gaming Headset,,,,,,,,,,,,,,,,,,,,,,
iPad Pro ,,,,,,,,,,,,,,,,,,,,,,,,,,,,,,,
ViewSonic Monitor,Bose Companion Speakers,Apple Earpods,,,,,,,,,,,,,,,,,,,,,,,,,,,,,
HP Wireless Mouse,ASUS Chromebook,ViewSonic Monitor,iMac, Intel Desktop ,APIE Bluetooth Headphone,Backlit LED Gaming Keyboard,,,,,,,,,,,,,,,,,,,,,,,,,
Acer Monitor,CYBERPOWER Gamer Desktop,,,,,,,,,,,,,,,,,,,,,,,,,,,,,,
Apple MacBook Air,,,,,,,,,,,,,,,,,,,,,,,,,,,,,,,
Apple MacBook Air,,,,,,,,,,,,,,,,,,,,,,,,,,,,,,,
Samsung Monitor,HDMI Cable 6ft,Logitech MK270 Wireless Keyboard and Mouse Combo,HP Laptop,Bose Companion Speakers,Cambridge Bluetooth Speaker,Dell Monitor,CYBERPOWER Gamer Desktop,Wireless Portable Mouse,Dell Laptop,iPad,,,,,,,,,,,,,,,,,,,,,
Acer Monitor,Samsung Monitor,LG Monitor,Panasonic In-Ear Headphone ,3-Button Mouse,Belkin Mouse Pad,Backlit LED Gaming Keyboard,,,,,,,,,,,,,,,,,,,,,,,,,
Apple MacBook Pro,,,,,,,,,,,,,,,,,,,,,,,,,,,,,,,
HP Laptop,iMac,Lenovo Desktop Computer,Sonos,Rii LED Gaming Keyboard & Mouse Combo ,Belkin Mouse Pad,Smart Light Bulb,Panasonic On-Ear Stereo Headphones,,,,,,,,,,,,,,,,,,,,,,,,
CYBERPOWER Gamer Desktop,,,,,,,,,,,,,,,,,,,,,,,,,,,,,,,
Acer Monitor,LG Monitor,Acer Aspire,HP Laptop,Microsoft Office Home and Student 2016,3-Button Mouse,iPhone Charger Cable,Microsoft Basic Optical Mouse,Apple Earpods,Zombie Gaming Headset,Canon Office Printer,Backlit LED Gaming Keyboard,,,,,,,,,,,,,,,,,,,,
Samsung Monitor,iMac,Bose Companion Speakers,CYBERPOWER Gamer Desktop,Dell Desktop,Apple MacBook Air,Microsoft Wireless Desktop Keyboard and Mouse,,,,,,,,,,,,,,,,,,,,,,,,,
Acer Monitor,HP Wireless Mouse,Eluktronics Pro Gaming Laptop,Acer Desktop,HP Laptop,iMac,ASUS Monitor,ASUS 2 Monitor,Apple Magic Keyboard,USB Cable,Logitech Keyboard,Dell Monitor,3-Button Mouse,Mackie CR Speakers,,,,,,,,,,,,,,,,,,
iMac,3-Button Mouse,,,,,,,,,,,,,,,,,,,,,,,,,,,,,,
ASUS Chromebook,Acer Aspire,Acer Desktop,ViewSonic Monitor,HP Laptop,3-Button Mouse,Rii LED Gaming Keyboard & Mouse Combo ,Apple MacBook Air,Dell KM117 Wireless Keyboard & Mouse,,,,,,,,,,,,,,,,,,,,,,,
Apple MacBook Air,,,,,,,,,,,,,,,,,,,,,,,,,,,,,,,
Acer Monitor,Belkin Mouse Pad,Apple MacBook Air,,,,,,,,,,,,,,,,,,,,,,,,,,,,,
HP Wireless Mouse,Slim Wireless Mouse,,,,,,,,,,,,,,,,,,,,,,,,,,,,,,
LG Monitor,Apple Magic Keyboard,Sonos,CYBERPOWER Gamer Desktop,Apple MacBook Pro,Dell Laptop,Apple TV,,,,,,,,,,,,,,,,,,,,,,,,,
Dell Desktop,Dell 2 Desktop,HP Laptop,ASUS Monitor,ASUS 2 Monitor,Bose Companion Speakers,Logitech MK550 Wireless Wave Keyboard and Mouse Combo,Microsoft Office Home and Student 2016,CYBERPOWER Gamer Desktop,,,,,,,,,,,,,,,,,,,,,,,
HP Laptop,,,,,,,,,,,,,,,,,,,,,,,,,,,,,,,
Apple Wireless Keyboard,Apple Earpods,,,,,,,,,,,,,,,,,,,,,,,,,,,,,,
Otium Wireless Sports Bluetooth Headphone,HP Laptop,iMac,Apple Magic Keyboard,CYBERPOWER Gamer Desktop,Belkin Mouse Pad,Apple Earpods,Microsoft Wireless Desktop Keyboard and Mouse,,,,,,,,,,,,,,,,,,,,,,,,
Acer Aspire,Koss Home Headphones,CYBERPOWER Gamer Desktop,3-Button Mouse,,,,,,,,,,,,,,,,,,,,,,,,,,,,
Acer Aspire,Dell Desktop,ViewSonic Monitor,HP Laptop,iMac,Apple Magic Keyboard,ASUS 2 Monitor,Epson Printer,Computer Game,Redragon Gaming Mouse,Microsoft Headset,,,,,,,,,,,,,,,,,,,,,
HP Laptop,Slim Wireless Mouse,JBL Splashproof Portable Bluetooth Speaker,Epson Black Ink,,,,,,,,,,,,,,,,,,,,,,,,,,,,
ASUS Chromebook,ViewSonic Monitor,,,,,,,,,,,,,,,,,,,,,,,,,,,,,,
JBL Splashproof Portable Bluetooth Speaker,,,,,,,,,,,,,,,,,,,,,,,,,,,,,,,
Microsoft Wireless Desktop Keyboard and Mouse,,,,,,,,,,,,,,,,,,,,,,,,,,,,,,,
Dell Desktop,HP Laptop,Apple Magic Keyboard,Slim 2TB Portable External Hard Drive,Logitech MK550 Wireless Wave Keyboard and Mouse Combo, Intel Desktop ,Rii LED Gaming Keyboard & Mouse Combo ,Fire TV Stick,Apple Earpods,ASUS Desktop,,,,,,,,,,,,,,,,,,,,,,
Eluktronics Pro Gaming Laptop,HP Laptop,Samsung Charging Cable,Apple Earpods,Slim Wireless Mouse,Backlit LED Gaming Keyboard,,,,,,,,,,,,,,,,,,,,,,,,,,
Samsung Monitor,HP Laptop,HP Wireless Printer,3-Button Mouse,Wireless Portable Mouse,Apple TV,,,,,,,,,,,,,,,,,,,,,,,,,,
iMac,ASUS 2 Monitor,Brother Printer Toner,Smart Light Bulb,Apple Earpods,,,,,,,,,,,,,,,,,,,,,,,,,,,
HP Laptop,,,,,,,,,,,,,,,,,,,,,,,,,,,,,,,
Sonos,,,,,,,,,,,,,,,,,,,,,,,,,,,,,,,
Logitech Desktop MK120 Mouse and keyboard Combo,HP Laptop,Apple Magic Keyboard,Full Motion Monitor Mount,Apple Wireless Keyboard,Apple MacBook Pro,Dell KM117 Wireless Keyboard & Mouse,,,,,,,,,,,,,,,,,,,,,,,,,
Acer Desktop,Dell 2 Desktop,HP Laptop,iMac,Lenovo Desktop Computer,Microsoft Office Home and Student 2016,CYBERPOWER Gamer Desktop,3-Button Mouse,Belkin Mouse Pad,,,,,,,,,,,,,,,,,,,,,,,
HP Wireless Mouse,Eluktronics Pro Gaming Laptop,ViewSonic Monitor,Computer Game,HP Laptop,iMac,ASUS Monitor,ASUS 2 Monitor,Alienware Laptop,Epson Printer,Microsoft Office Home and Student 2016,Etekcity Power Extension Cord Cable,Full Motion Monitor Mount,Microsoft Wireless Comfort Keyboard and Mouse,,,,,,,,,,,,,,,,,,
ViewSonic Monitor,iMac,Lenovo Desktop Computer,Apple Magic Keyboard,CYBERPOWER Gamer Desktop,Smart Light Bulb,iPhone Charger Cable,,,,,,,,,,,,,,,,,,,,,,,,,
Samsung Monitor,Otium Wireless Sports Bluetooth Headphone,CYBERPOWER Gamer Desktop,Apple MacBook Air,Microsoft Wireless Comfort Keyboard and Mouse,Monster Beats By Dr Dre,Wireless Portable Mouse,Microsoft Wireless Desktop Keyboard and Mouse,,,,,,,,,,,,,,,,,,,,,,,,
Microsoft Basic Optical Mouse,Halter Acrylic Monitor Stand,Apple Earpods,Apple MacBook Air,Microsoft Headset,Sceptre Monitor,,,,,,,,,,,,,,,,,,,,,,,,,,
Acer Monitor,Samsung Monitor,Logitech Wireless Mouse,Epson Black Ink,,,,,,,,,,,,,,,,,,,,,,,,,,,,
Otium Wireless Sports Bluetooth Headphone,Cambridge Bluetooth Speaker,Monster Beats By Dr Dre ,Apple MacBook Air,ASUS Desktop,,,,,,,,,,,,,,,,,,,,,,,,,,,
Dell 2 Desktop,Alienware Laptop,Lenovo Desktop Computer,APIE Bluetooth Headphone,Apple Earpods,iPad Pro ,,,,,,,,,,,,,,,,,,,,,,,,,,
Microsoft Headset,,,,,,,,,,,,,,,,,,,,,,,,,,,,,,,
Dell Laptop,,,,,,,,,,,,,,,,,,,,,,,,,,,,,,,
Samsung Monitor,,,,,,,,,,,,,,,,,,,,,,,,,,,,,,,
Alienware Laptop,CYBERPOWER Gamer Desktop,ASUS Desktop,,,,,,,,,,,,,,,,,,,,,,,,,,,,,
Apple MacBook Air,,,,,,,,,,,,,,,,,,,,,,,,,,,,,,,
Acer Monitor,Computer Game,HP Black & Tri-color Ink ,HP Laptop,Lenovo Desktop Computer,Apple Magic Keyboard,HP Monitor,,,,,,,,,,,,,,,,,,,,,,,,,
Apple MacBook Pro,Apple MacBook Air,,,,,,,,,,,,,,,,,,,,,,,,,,,,,,
LG Monitor,ViewSonic Monitor,Microsoft Wireless Desktop Keyboard and Mouse,,,,,,,,,,,,,,,,,,,,,,,,,,,,,
Apple MacBook Air,,,,,,,,,,,,,,,,,,,,,,,,,,,,,,,
Apple Earpods,,,,,,,,,,,,,,,,,,,,,,,,,,,,,,,
Lenovo Desktop Computer,Slim 2TB Portable External Hard Drive,HP Monitor,Zombie Gaming Headset,Apple TV,,,,,,,,,,,,,,,,,,,,,,,,,,,
APIE Bluetooth Headphone,,,,,,,,,,,,,,,,,,,,,,,,,,,,,,,
LG Monitor,iMac,Panasonic In-Ear Headphone ,,,,,,,,,,,,,,,,,,,,,,,,,,,,,
Dell Desktop,Dell 2 Desktop,HP Laptop,iMac,Lenovo Desktop Computer,Apple Magic Keyboard,Epson Printer,Apple Wireless Keyboard,Apple MacBook Pro,Apple Earpods,Slim Wireless Mouse,ASUS Desktop,HP Desktop,,,,,,,,,,,,,,,,,,,
Samsung Monitor,iMac,Lenovo Desktop Computer,Koss Home Headphones, Intel Desktop ,HP Monitor,iPad Pro ,Microsoft Wireless Desktop Keyboard and Mouse,,,,,,,,,,,,,,,,,,,,,,,,
HDMI Cable 6ft,HP Laptop,iMac,ASUS Monitor,Lenovo Desktop Computer,Rii LED Gaming Keyboard & Mouse Combo ,Etekcity Power Extension Cord Cable,HP Notebook Touchscreen Laptop PC,,,,,,,,,,,,,,,,,,,,,,,,
Samsung Monitor,Eluktronics Pro Gaming Laptop,Dell 2 Desktop,Bose Companion Speakers,Redragon Gaming Mouse,Apple Earpods,Slim Wireless Mouse,iPad Pro ,,,,,,,,,,,,,,,,,,,,,,,,
iMac,3-Button Mouse,,,,,,,,,,,,,,,,,,,,,,,,,,,,,,
Ailihen Stereo Headphones,Apple MacBook Air,Wireless Portable Mouse,,,,,,,,,,,,,,,,,,,,,,,,,,,,,
Apple Magic Keyboard,,,,,,,,,,,,,,,,,,,,,,,,,,,,,,,
LG Monitor,HP Laptop,Lenovo Desktop Computer,AOC Monitor,Apple MacBook Air,iPad Pro ,Microsoft Wireless Desktop Keyboard and Mouse,,,,,,,,,,,,,,,,,,,,,,,,,
Bose Companion Speakers,Apple MacBook Pro,Dell Laptop,,,,,,,,,,,,,,,,,,,,,,,,,,,,,
Acer Desktop,,,,,,,,,,,,,,,,,,,,,,,,,,,,,,,
Dell Laptop,,,,,,,,,,,,,,,,,,,,,,,,,,,,,,,
Samsung Monitor,,,,,,,,,,,,,,,,,,,,,,,,,,,,,,,
Cambridge Bluetooth Speaker,,,,,,,,,,,,,,,,,,,,,,,,,,,,,,,
Dell Laptop,HP Desktop,,,,,,,,,,,,,,,,,,,,,,,,,,,,,,
iMac,ASUS Monitor,ASUS 2 Monitor,Lenovo Desktop Computer,Apple Magic Keyboard,CYBERPOWER Gamer Desktop,,,,,,,,,,,,,,,,,,,,,,,,,,
iMac,Lenovo Desktop Computer,Apple Earpods,Apple MacBook Air,,,,,,,,,,,,,,,,,,,,,,,,,,,,
Acer Desktop,ViewSonic Monitor,ASUS Monitor,Bose Companion Speakers,CYBERPOWER Gamer Desktop,Apple Wireless Keyboard,Apple Earpods,Apple MacBook Air,Dell KM117 Wireless Keyboard & Mouse,,,,,,,,,,,,,,,,,,,,,,,
Cambridge Bluetooth Speaker,Apple Earpods,,,,,,,,,,,,,,,,,,,,,,,,,,,,,,
Acer Monitor,HP Laptop,iMac,Apple Wired Keyboard,Dell Desktop,Apple Earpods,Apple MacBook Air,Epson Black Ink,,,,,,,,,,,,,,,,,,,,,,,,
Acer Desktop,Computer Game,HP Laptop,iMac,ASUS Monitor,Koss Home Headphones,Microsoft Office Home and Student 2016,AOC Monitor,Belkin Mouse Pad,Logitech Wireless Keyboard,Apple MacBook Pro,HP Monitor,Dell Laptop,,,,,,,,,,,,,,,,,,,
CYBERPOWER Gamer Desktop,Mackie CR Speakers,Halter Acrylic Monitor Stand,Logitech Wireless Keyboard,Apple MacBook Air,Dell KM117 Wireless Keyboard & Mouse,Wireless Portable Mouse,Dell Laptop,,,,,,,,,,,,,,,,,,,,,,,,
Samsung Monitor,HDMI Cable 6ft,HP Laptop,iMac,ASUS 2 Monitor, Intel Desktop ,Dell Wired Keyboard,Dell Monitor,3-Button Mouse,,,,,,,,,,,,,,,,,,,,,,,
APIE Bluetooth Headphone,Apple Wireless Keyboard,Apple Earpods,Dell Laptop,,,,,,,,,,,,,,,,,,,,,,,,,,,,
Apple Wireless Keyboard,,,,,,,,,,,,,,,,,,,,,,,,,,,,,,,
HP Laptop,HP Desktop,,,,,,,,,,,,,,,,,,,,,,,,,,,,,,
HP Black & Tri-color Ink ,Apple MacBook Pro,iPad Pro ,,,,,,,,,,,,,,,,,,,,,,,,,,,,,
Otium Wireless Sports Bluetooth Headphone,HP Wireless Printer,Bose Companion Speakers,Mackie CR Speakers,HP Desktop,iPad Pro ,Sceptre Monitor,,,,,,,,,,,,,,,,,,,,,,,,,
Acer Desktop,ViewSonic Monitor,HP Laptop,HP Wireless Printer,Microsoft Office Home and Student 2016,Belkin Mouse Pad,Generic Black 3-Button,Apple Earpods,Sceptre Monitor,,,,,,,,,,,,,,,,,,,,,,,
Acer Aspire,Koss Home Headphones,Microsoft Office Home and Student 2016,3-Button Mouse,Etekcity Power Extension Cord Cable,Smart Light Bulb,Microsoft Basic Optical Mouse,HP USB Keyboard ,Apple Wireless Keyboard,,,,,,,,,,,,,,,,,,,,,,,
Samsung Monitor,Otium Wireless Sports Bluetooth Headphone,HP Wireless Mouse,Acer Desktop,iMac,HP Wireless Printer,Apple Magic Keyboard,Dell Wired Keyboard,Microsoft Office Home and Student 2016,CYBERPOWER Gamer Desktop,AOC Monitor,Microsoft Basic Optical Mouse,Apple Earpods,HP Monitor,Slim Wireless Mouse,ASUS Desktop,Wireless Portable Mouse,Logitech Keyboard,,,,,,,,,,,,,,
Acer Monitor,Apple Magic Keyboard,Epson Black Ink,CYBERPOWER Gamer Desktop,Apple MacBook Pro,Apple Earpods,Apple MacBook Air,HP Desktop,,,,,,,,,,,,,,,,,,,,,,,,
Apple MacBook Air,,,,,,,,,,,,,,,,,,,,,,,,,,,,,,,
Apple MacBook Air,,,,,,,,,,,,,,,,,,,,,,,,,,,,,,,
HP Laptop,Dell Monitor,Apple Wireless Keyboard,Slim Wireless Mouse,Dell Laptop,Microsoft Wireless Desktop Keyboard and Mouse,,,,,,,,,,,,,,,,,,,,,,,,,,
Apple Earpods,,,,,,,,,,,,,,,,,,,,,,,,,,,,,,,
Apple Earpods,,,,,,,,,,,,,,,,,,,,,,,,,,,,,,,
3-Button Mouse,,,,,,,,,,,,,,,,,,,,,,,,,,,,,,,
HDMI Cable 6ft,Dell Monitor,AOC Monitor,3-Button Mouse,Redragon Gaming Mouse,Apple MacBook Pro,Apple Earpods,iPad,,Microsoft Wireless Desktop Keyboard and Mouse,,,,,,,,,,,,,,,,,,,,,,
Acer Monitor,Acer Aspire,Full Motion Monitor Mount,Apple Wireless Keyboard,,,,,,,,,,,,,,,,,,,,,,,,,,,,
Apple Earpods,Dell Laptop,Backlit LED Gaming Keyboard,,,,,,,,,,,,,,,,,,,,,,,,,,,,,
iMac,Bose Companion Speakers,Microsoft Office Home and Student 2016,Backlit LED Gaming Keyboard,,,,,,,,,,,,,,,,,,,,,,,,,,,,
iMac,,,,,,,,,,,,,,,,,,,,,,,,,,,,,,,
Acer Desktop,Apple MacBook Air,Microsoft Wireless Desktop Keyboard and Mouse,,,,,,,,,,,,,,,,,,,,,,,,,,,,,
ViewSonic Monitor,HP Laptop,iMac,HP Desktop,JBL Splashproof Portable Bluetooth Speaker,,,,,,,,,,,,,,,,,,,,,,,,,,,
HP Laptop,Belkin Mouse Pad,,,,,,,,,,,,,,,,,,,,,,,,,,,,,,
ASUS Monitor,,,,,,,,,,,,,,,,,,,,,,,,,,,,,,,
Apple MacBook Air,Dell Laptop,HP Desktop,,,,,,,,,,,,,,,,,,,,,,,,,,,,,
iMac,3-Button Mouse,Rii LED Gaming Keyboard & Mouse Combo ,Lenovo Desktop Computer,DOSS Touch Wireless Bluetooth,,,,,,,,,,,,,,,,,,,,,,,,,,,
Acer Desktop,Dell 2 Desktop,,,,,,,,,,,,,,,,,,,,,,,,,,,,,,
Samsung Galaxy Tablet,,,,,,,,,,,,,,,,,,,,,,,,,,,,,,,
Otium Wireless Sports Bluetooth Headphone,Logitech Desktop MK120 Mouse and keyboard Combo,Acer Aspire,Dell Desktop,HP Black & Tri-color Ink ,HP Laptop,Cambridge Bluetooth Speaker,Microsoft Wireless Desktop Keyboard and Mouse,,,,,,,,,,,,,,,,,,,,,,,,
Apple MacBook Pro,Apple Earpods,JBL Splashproof Portable Bluetooth Speaker,,,,,,,,,,,,,,,,,,,,,,,,,,,,,
3-Button Mouse,Zombie Gaming Headset,,,,,,,,,,,,,,,,,,,,,,,,,,,,,,
Samsung Monitor,iMac,Lenovo Desktop Computer,Panasonic In-Ear Headphone ,CYBERPOWER Gamer Desktop,Apple Wireless Keyboard,Apple Earpods,Apple MacBook Air,HP Desktop,,,,,,,,,,,,,,,,,,,,,,,
LG Monitor,Acer Desktop,HP Laptop,ASUS Monitor,Mackie CR Speakers,Belkin Mouse Pad,Apple Earpods,Wireless Portable Mouse,Microsoft Wireless Desktop Keyboard and Mouse,,,,,,,,,,,,,,,,,,,,,,,
Logitech Wireless Mouse,,,,,,,,,,,,,,,,,,,,,,,,,,,,,,,
HP Laptop,APIE Bluetooth Headphone,,,,,,,,,,,,,,,,,,,,,,,,,,,,,,
Acer Desktop,,,,,,,,,,,,,,,,,,,,,,,,,,,,,,,
iMac,,,,,,,,,,,,,,,,,,,,,,,,,,,,,,,
Acer Desktop,iMac,Microsoft Office Home and Student 2016,Belkin Mouse Pad,Apple Earpods,Dell Laptop,iPad Pro ,,,,,,,,,,,,,,,,,,,,,,,,,
iPhone Charger Cable,,,,,,,,,,,,,,,,,,,,,,,,,,,,,,,
iMac,3-Button Mouse,DOSS Touch Wireless Bluetooth,,,,,,,,,,,,,,,,,,,,,,,,,,,,,
Apple MacBook Air,,,,,,,,,,,,,,,,,,,,,,,,,,,,,,,
Rokono Mini Speaker,,,,,,,,,,,,,,,,,,,,,,,,,,,,,,,
Dell Desktop,Logitech MK270 Wireless Keyboard and Mouse Combo,Computer Game,HP Laptop,Lenovo Desktop Computer,Microsoft Office Home and Student 2016,Etekcity Power Extension Cord Cable,Panasonic On-Ear Stereo Headphones,Microsoft Basic Optical Mouse,Slim Wireless Mouse,Wireless Portable Mouse,HP Desktop,,,,,,,,,,,,,,,,,,,,
Microsoft Office Home and Student 2016,Acer Desktop,,,,,,,,,,,,,,,,,,,,,,,,,,,,,,
Otium Wireless Sports Bluetooth Headphone,ViewSonic Monitor,iMac,Lenovo Desktop Computer,Apple Magic Keyboard,Microsoft Office Home and Student 2016,PC Gaming Headset,Microsoft Wireless Desktop Keyboard and Mouse,,,,,,,,,,,,,,,,,,,,,,,,
Otium Wireless Sports Bluetooth Headphone,Apple Magic Keyboard,Apple Wireless Keyboard,Microsoft Headset,JBL Splashproof Portable Bluetooth Speaker,,,,,,,,,,,,,,,,,,,,,,,,,,,
LG Monitor,ViewSonic Monitor, Intel Desktop ,Ailihen Stereo Headphones,Rii LED Gaming Keyboard & Mouse Combo ,Dell Desktop,iPhone Charger Cable,Microsoft Wireless Desktop Keyboard and Mouse,,,,,,,,,,,,,,,,,,,,,,,,
CYBERPOWER Gamer Desktop,Apple MacBook Air,,,,,,,,,,,,,,,,,,,,,,,,,,,,,,
Apple Wireless Keyboard,,,,,,,,,,,,,,,,,,,,,,,,,,,,,,,
Apple MacBook Air,,,,,,,,,,,,,,,,,,,,,,,,,,,,,,,
Alienware Laptop,,,,,,,,,,,,,,,,,,,,,,,,,,,,,,,
Apple MacBook Pro,,,,,,,,,,,,,,,,,,,,,,,,,,,,,,,
Samsung Monitor,Acer Aspire,iMac,Apple Magic Keyboard,Logitech MK550 Wireless Wave Keyboard and Mouse Combo,CYBERPOWER Gamer Desktop,3-Button Mouse,Apple MacBook Air,ASUS Desktop,Zombie Gaming Headset,iPad Pro ,Epson Black Ink,Sceptre Monitor,,,,,,,,,,,,,,,,,,,
iPad Pro ,,,,,,,,,,,,,,,,,,,,,,,,,,,,,,,
Samsung Monitor,Acer Desktop,ViewSonic Monitor,HP Laptop,3-Button Mouse,Slim Wireless Mouse,JBL Splashproof Portable Bluetooth Speaker,,,,,,,,,,,,,,,,,,,,,,,,,
Dell Desktop,Acer Desktop,HP Laptop,iMac,Sonos,3-Button Mouse,Dell KM117 Wireless Keyboard & Mouse,,,,,,,,,,,,,,,,,,,,,,,,,
Logitech ClearChat Headset,,,,,,,,,,,,,,,,,,,,,,,,,,,,,,,
Acer Monitor,ViewSonic Monitor,Logitech Wireless Mouse,Apple Earpods,Brother Printer,,,,,,,,,,,,,,,,,,,,,,,,,,,
DYMO Labeling Tape ,,,,,,,,,,,,,,,,,,,,,,,,,,,,,,,
Apple MacBook Air,,,,,,,,,,,,,,,,,,,,,,,,,,,,,,,
Acer Aspire,Dell Desktop,Acer Desktop,Lenovo Desktop Computer,3-Button Mouse,Belkin Mouse Pad,Redragon Gaming Mouse,APIE Bluetooth Headphone,Apple MacBook Pro,Dell Laptop,HP Desktop,DYMO Label Manker  ,iPad Pro ,,,,,,,,,,,,,,,,,,,
iPhone Charger Cable,HP Desktop,,,,,,,,,,,,,,,,,,,,,,,,,,,,,,
Logitech 3-button Mouse,Apple MacBook Pro,Apple Earpods,Apple MacBook Air,,,,,,,,,,,,,,,,,,,,,,,,,,,,
Sonos,,,,,,,,,,,,,,,,,,,,,,,,,,,,,,,
Backlit LED Gaming Keyboard,,,,,,,,,,,,,,,,,,,,,,,,,,,,,,,
Dell Wired Keyboard,CYBERPOWER Gamer Desktop,Zombie Gaming Headset,Apple TV,Etekcity Power Extension Cord Cable,,,,,,,,,,,,,,,,,,,,,,,,,,,
HP Wireless Mouse,Dell Desktop,Acer Desktop,HP Laptop,iMac,Apple Magic Keyboard,Epson Printer,Apple Wireless Keyboard,,,,,,,,,,,,,,,,,,,,,,,,
Dell Desktop,HP Laptop,CYBERPOWER Gamer Desktop,AOC Monitor,Apple MacBook Air,Logitech Keyboard,,,,,,,,,,,,,,,,,,,,,,,,,,
iMac,Microsoft Basic Optical Mouse,Apple MacBook Pro,HP Monitor,iPad,,,,,,,,,,,,,,,,,,,,,,,,,,,
Acer Aspire,HP Desktop,,,,,,,,,,,,,,,,,,,,,,,,,,,,,,
Apple MacBook Air,,,,,,,,,,,,,,,,,,,,,,,,,,,,,,,
Samsung Monitor,Kensington Headphones ,ASUS Chromebook,Acer Aspire,Computer Game,HP Laptop,iMac,HP Wireless Printer,Logitech Keyboard,Logitech 3-button Mouse,Full Motion Monitor Mount,Ethernet Cable,Apple Earpods,,,,,,,,,,,,,,,,,,,
Samsung Monitor,HP Laptop,Brother Printer Toner,Apple Earpods,,,,,,,,,,,,,,,,,,,,,,,,,,,,
Acer Desktop,CYBERPOWER Gamer Desktop,Apple MacBook Pro,Apple Earpods,Dell Laptop,,,,,,,,,,,,,,,,,,,,,,,,,,,
HP Laptop,Acer Desktop,HP Monitor,ASUS Desktop,Microsoft Wireless Desktop Keyboard and Mouse,,,,,,,,,,,,,,,,,,,,,,,,,,,
Samsung Monitor,HP Laptop,Apple Wired Keyboard,CYBERPOWER Gamer Desktop,Apple Earpods,Slim Wireless Mouse,ASUS Desktop,,,,,,,,,,,,,,,,,,,,,,,,,
Dell Desktop,iMac,Sonos,,,,,,,,,,,,,,,,,,,,,,,,,,,,,
3-Button Mouse,Dell Desktop,Apple Wireless Keyboard,Large Mouse Pad,,,,,,,,,,,,,,,,,,,,,,,,,,,,
Apple Wireless Keyboard,iPad Pro ,,,,,,,,,,,,,,,,,,,,,,,,,,,,,,
HDMI Cable 6ft,Otium Wireless Sports Bluetooth Headphone,iMac,HP Wireless Printer,Alienware Laptop,Apple Magic Keyboard,Panasonic In-Ear Headphone ,CYBERPOWER Gamer Desktop,Apple Earpods,HP Monitor,,,,,,,,,,,,,,,,,,,,,,
iPhone Charger Cable,,,,,,,,,,,,,,,,,,,,,,,,,,,,,,,
Samsung Monitor,LG Monitor,Dell Desktop,HP Laptop,Lenovo Desktop Computer,Apple MacBook Air,Dell KM117 Wireless Keyboard & Mouse,JBL Splashproof Portable Bluetooth Speaker,,,,,,,,,,,,,,,,,,,,,,,,
HP Wireless Mouse,HP Monitor,Apple MacBook Air,Microsoft Wireless Desktop Keyboard and Mouse,,,,,,,,,,,,,,,,,,,,,,,,,,,,
Acer Monitor,Samsung Monitor,HDMI Cable 6ft,Logitech MK550 Wireless Wave Keyboard and Mouse Combo,Dell Wired Keyboard,,,,,,,,,,,,,,,,,,,,,,,,,,,
Apple MacBook Pro,Apple MacBook Air,,,,,,,,,,,,,,,,,,,,,,,,,,,,,,
Apple MacBook Air,,,,,,,,,,,,,,,,,,,,,,,,,,,,,,,
HP Laptop,,,,,,,,,,,,,,,,,,,,,,,,,,,,,,,
Apple MacBook Pro,,,,,,,,,,,,,,,,,,,,,,,,,,,,,,,
Dell 2 Desktop,ViewSonic Monitor,Logitech Wireless Mouse,Apple Magic Keyboard,Bose Companion Speakers,Apple Wireless Keyboard,,,,,,,,,,,,,,,,,,,,,,,,,,
HP Wireless Printer,HP Monitor,Monster Beats By Dr Dre,HP Desktop,,,,,,,,,,,,,,,,,,,,,,,,,,,,
Acer Desktop,Fire TV Stick,,,,,,,,,,,,,,,,,,,,,,,,,,,,,,
LG Monitor,Logitech Wireless Mouse,iMac,AOC Monitor,iPhone Charger Cable,Logitech ClearChat Headset,,,,,,,,,,,,,,,,,,,,,,,,,,
Acer Monitor,ViewSonic Monitor,Alienware Laptop,CYBERPOWER Gamer Desktop,Brother Printer Toner,VGA Monitor Cable,Apple MacBook Pro,Acer Desktop,Microsoft Wireless Desktop Keyboard and Mouse,,,,,,,,,,,,,,,,,,,,,,,
Apple MacBook Pro,Acer Desktop,iPhone Charger Cable,Microsoft Headset,,,,,,,,,,,,,,,,,,,,,,,,,,,,
Dell Desktop,HP Laptop,Apple Magic Keyboard,AOC Monitor,,,,,,,,,,,,,,,,,,,,,,,,,,,,
Acer Desktop,AOC Monitor,Apple Wireless Keyboard,Apple Earpods,HP Monitor,Apple MacBook Air,EagleTec Wireless Combo Keyboard and Mouse,,,,,,,,,,,,,,,,,,,,,,,,,
Dell Desktop,Bose Companion Speakers,3-Button Mouse,Dell Laptop,iPad Pro ,Microsoft Wireless Desktop Keyboard and Mouse,,,,,,,,,,,,,,,,,,,,,,,,,,
Apple MacBook Air,iPhone Charger Cable,,,,,,,,,,,,,,,,,,,,,,,,,,,,,,
Sceptre Monitor,,,,,,,,,,,,,,,,,,,,,,,,,,,,,,,
Apple Wired Keyboard,Apple Earpods,,,,,,,,,,,,,,,,,,,,,,,,,,,,,,
LG Monitor,Dell Desktop,HP Black & Tri-color Ink ,iMac,Sonos,Logitech ClearChat Headset,iPad,Etekcity Power Extension Cord Cable,DYMO Label Manker  ,,,,,,,,,,,,,,,,,,,,,,,
Apple MacBook Air,LG Touchscreen Laptop,,,,,,,,,,,,,,,,,,,,,,,,,,,,,,
LG Monitor,Apple MacBook Pro,Philips Flexible Earhook Headphone,LG Touchscreen Laptop,Halter Mesh Metal Monitor Stand,,,,,,,,,,,,,,,,,,,,,,,,,,,
Slim 2TB Portable External Hard Drive,Epson Printer,Apple Wireless Keyboard,Apple Earpods,HP Monitor,DYMO Labeling Tape ,,,,,,,,,,,,,,,,,,,,,,,,,,
Samsung Monitor,ASUS Chromebook,Dell Desktop,Computer Game,Epson Printer,Microsoft Office Home and Student 2016,AOC Monitor,Brother Printer Toner,Dell Desktop,Smart Light Bulb,Halter Acrylic Monitor Stand,Apple Wireless Keyboard,PC Gaming Headset,,,,,,,,,,,,,,,,,,,
Dell Desktop,Lenovo Desktop Computer,Apple Magic Keyboard,,,,,,,,,,,,,,,,,,,,,,,,,,,,,
Bose Companion Speakers,,,,,,,,,,,,,,,,,,,,,,,,,,,,,,,
Apple Earpods,Slim Wireless Mouse,HP Desktop,iPad,,,,,,,,,,,,,,,,,,,,,,,,,,,,
HDMI Cable 6ft,Eluktronics Pro Gaming Laptop,iMac,Lenovo Desktop Computer,Microsoft Office Home and Student 2016,AOC Monitor,Logitech MK360 Wireless Keyboard and Mouse Combo,Dell Laptop,,,,,,,,,,,,,,,,,,,,,,,,
LG Touchscreen Laptop,HP Desktop,,,,,,,,,,,,,,,,,,,,,,,,,,,,,,
Bose Companion Speakers,3-Button Mouse,Wireless Portable Mouse,,,,,,,,,,,,,,,,,,,,,,,,,,,,,
Samsung Monitor,Acer Desktop,iMac,Panasonic In-Ear Headphone ,Epson Printer,Cambridge Bluetooth Speaker,iPad Pro ,Microsoft Wireless Desktop Keyboard and Mouse,,,,,,,,,,,,,,,,,,,,,,,,
5TB Desktop Hard Drive,Microsoft Headset,,,,,,,,,,,,,,,,,,,,,,,,,,,,,,
Acer Desktop,Apple MacBook Air,LG Touchscreen Laptop,,,,,,,,,,,,,,,,,,,,,,,,,,,,,
LG Touchscreen Laptop,,,,,,,,,,,,,,,,,,,,,,,,,,,,,,,
Apple Earpods,HP Monitor,,,,,,,,,,,,,,,,,,,,,,,,,,,,,,
Belkin Mouse Pad,Acer Desktop,,,,,,,,,,,,,,,,,,,,,,,,,,,,,,
HP Laptop,Lenovo Desktop Computer,Koss Home Headphones,Microsoft Office Home and Student 2016,Logitech 3-button Mouse,Monster Beats By Dr Dre ,Redragon Gaming Mouse,Apple Wireless Keyboard,Apple MacBook Pro,Apple MacBook Air,Dell Laptop,HP Desktop,Zombie Gaming Headset,USB Cable,iPad Pro ,Microsoft Wireless Desktop Keyboard and Mouse,,,,,,,,,,,,,,,,
HP Wireless Mouse,ViewSonic Monitor,iMac,Alienware Laptop,CYBERPOWER Gamer Desktop,Apple Earpods,Apple TV,Computer Game,Multi Media Stand,,,,,,,,,,,,,,,,,,,,,,,
HP Laptop,Apple Wireless Keyboard,Apple MacBook Pro,Slim Wireless Mouse,,,,,,,,,,,,,,,,,,,,,,,,,,,,
Samsung Monitor,LG Monitor,HP Laptop,CYBERPOWER Gamer Desktop,Microsoft Basic Optical Mouse,HP Desktop,Microsoft Wireless Desktop Keyboard and Mouse,,,,,,,,,,,,,,,,,,,,,,,,,
3-Button Mouse,Dell Laptop,Sceptre Monitor,,,,,,,,,,,,,,,,,,,,,,,,,,,,,
Dell Wired Keyboard,iPhone Charger Cable,PC Gaming Headset,,,,,,,,,,,,,,,,,,,,,,,,,,,,,
CYBERPOWER Gamer Desktop,Logitech Keyboard,,,,,,,,,,,,,,,,,,,,,,,,,,,,,,
HP Wireless Mouse,Apple Magic Keyboard,Sonos,Dell Monitor,Apple Earpods,iPad,Microsoft Wireless Desktop Keyboard and Mouse,,,,,,,,,,,,,,,,,,,,,,,,,
Dell 2 Desktop,Apple Earpods,ASUS Desktop,Dell Laptop,,,,,,,,,,,,,,,,,,,,,,,,,,,,
Acer Monitor,HP Wireless Mouse,Dell Desktop,Acer Desktop,ViewSonic Monitor,HP Laptop,iMac,Lenovo Desktop Computer,Microsoft Office Home and Student 2016,CYBERPOWER Gamer Desktop,3-Button Mouse,Etekcity Power Extension Cord Cable,Apple MacBook Pro,Apple Earpods,Apple MacBook Air,Microsoft Wireless Desktop Keyboard and Mouse,,,,,,,,,,,,,,,,
iMac,Lenovo Desktop Computer,,,,,,,,,,,,,,,,,,,,,,,,,,,,,,
Acer Desktop,Dell 2 Desktop,iMac,Lenovo Desktop Computer,Logitech MK550 Wireless Wave Keyboard and Mouse Combo,Epson Printer,Microsoft Wireless Comfort Keyboard and Mouse,,,,,,,,,,,,,,,,,,,,,,,,,
Apple Earpods,,,,,,,,,,,,,,,,,,,,,,,,,,,,,,,
Apple Earpods,HP Monitor,Wireless Portable Mouse,,,,,,,,,,,,,,,,,,,,,,,,,,,,,
Lenovo Desktop Computer,Sonos,Apple Earpods,ASUS Desktop,iPad,,,,,,,,,,,,,,,,,,,,,,,,,,,
LG Monitor,ViewSonic Monitor,HP Laptop,HP Wireless Printer,Epson Black Ink,Logitech MK550 Wireless Wave Keyboard and Mouse Combo,Google Home,Epson Printer,Sonos,Microsoft Basic Optical Mouse,Halter Acrylic Monitor Stand,Redragon Gaming Mouse,Slim Wireless Mouse,Monster Beats By Dr Dre,Wireless Portable Mouse,PC Gaming Headset,,,,,,,,,,,,,,,,
Computer Game,,,,,,,,,,,,,,,,,,,,,,,,,,,,,,,
iPhone Charger Cable,,,,,,,,,,,,,,,,,,,,,,,,,,,,,,,
Computer Game,,,,,,,,,,,,,,,,,,,,,,,,,,,,,,,
ASUS Chromebook,Apple MacBook Air,Rii LED Keyboard,,,,,,,,,,,,,,,,,,,,,,,,,,,,,
CYBERPOWER Gamer Desktop,Microsoft Basic Optical Mouse,Apple Wireless Keyboard,Apple MacBook Pro,Dell KM117 Wireless Keyboard & Mouse,,,,,,,,,,,,,,,,,,,,,,,,,,,
Acer Monitor,Dell Desktop,Microsoft Office Home and Student 2016,CYBERPOWER Gamer Desktop,Apple Earpods,HP Monitor,,,,,,,,,,,,,,,,,,,,,,,,,,
Samsung Monitor,Eluktronics Pro Gaming Laptop,CYBERPOWER Gamer Desktop,Apple Earpods,,,,,,,,,,,,,,,,,,,,,,,,,,,,
iMac,Apple MacBook Pro,,,,,,,,,,,,,,,,,,,,,,,,,,,,,,
LG Monitor,iMac,HP Wireless Printer,Epson Printer,Apple MacBook Pro,Apple TV,,,,,,,,,,,,,,,,,,,,,,,,,,
iMac,,,,,,,,,,,,,,,,,,,,,,,,,,,,,,,
Apple MacBook Pro,HP Monitor,,,,,,,,,,,,,,,,,,,,,,,,,,,,,,
Microsoft Wireless Desktop Keyboard and Mouse,,,,,,,,,,,,,,,,,,,,,,,,,,,,,,,
Acer Aspire,3-Button Mouse,,,,,,,,,,,,,,,,,,,,,,,,,,,,,,
Otium Wireless Sports Bluetooth Headphone,ViewSonic Monitor,iMac,,,,,,,,,,,,,,,,,,,,,,,,,,,,,
Samsung Monitor,Dell Desktop,Dell 2 Desktop,iMac,ASUS Monitor,CYBERPOWER Gamer Desktop,Monster Beats By Dr Dre ,DOSS Touch Wireless Bluetooth,Dell Desktop,HDMI Adapter,Sceptre Monitor,,,,,,,,,,,,,,,,,,,,,
Dell 2 Desktop,CYBERPOWER Gamer Desktop,3-Button Mouse,Apple Earpods,Microsoft Wireless Desktop Keyboard and Mouse,,,,,,,,,,,,,,,,,,,,,,,,,,,
Apple MacBook Air,Microsoft Wireless Desktop Keyboard and Mouse,,,,,,,,,,,,,,,,,,,,,,,,,,,,,,
HP Wireless Mouse,Acer Aspire,CYBERPOWER Gamer Desktop,Apple MacBook Pro,,,,,,,,,,,,,,,,,,,,,,,,,,,,
iMac,HP Wireless Printer,Lenovo Desktop Computer,Apple Magic Keyboard,Google Home,Multi Media Stand,,,,,,,,,,,,,,,,,,,,,,,,,,
CYBERPOWER Gamer Desktop,Etekcity Power Extension Cord Cable,,,,,,,,,,,,,,,,,,,,,,,,,,,,,,
Eluktronics Pro Gaming Laptop,Apple MacBook Air,,,,,,,,,,,,,,,,,,,,,,,,,,,,,,
Acer Aspire,HP Laptop,ASUS Monitor,CYBERPOWER Gamer Desktop,,,,,,,,,,,,,,,,,,,,,,,,,,,,
Apple MacBook Air,,,,,,,,,,,,,,,,,,,,,,,,,,,,,,,
ASUS Chromebook,HP Laptop,Halter Acrylic Monitor Stand,,,,,,,,,,,,,,,,,,,,,,,,,,,,,
Lenovo Desktop Computer,Logitech 3-button Mouse,Belkin Mouse Pad,iPad Pro ,,,,,,,,,,,,,,,,,,,,,,,,,,,,
Otium Wireless Sports Bluetooth Headphone,iMac,Google Home,Microsoft Office Home and Student 2016,,,,,,,,,,,,,,,,,,,,,,,,,,,,
3-Button Mouse,,,,,,,,,,,,,,,,,,,,,,,,,,,,,,,
HP Laptop,CYBERPOWER Gamer Desktop,Dell KM117 Wireless Keyboard & Mouse,,,,,,,,,,,,,,,,,,,,,,,,,,,,,
Samsung Charging Cable,Apple MacBook Air,Dell KM117 Wireless Keyboard & Mouse,,,,,,,,,,,,,,,,,,,,,,,,,,,,,
Computer Game,,,,,,,,,,,,,,,,,,,,,,,,,,,,,,,
Wireless Portable Mouse,Dell Laptop,,,,,,,,,,,,,,,,,,,,,,,,,,,,,,
Dell Desktop,HP Laptop,Canon Office Printer,,,,,,,,,,,,,,,,,,,,,,,,,,,,,
iMac,Apple Magic Keyboard,HP Monitor,Apple MacBook Air,Slim Wireless Mouse,Wireless Portable Mouse,,,,,,,,,,,,,,,,,,,,,,,,,,
Apple MacBook Air,Microsoft Wireless Desktop Keyboard and Mouse,,,,,,,,,,,,,,,,,,,,,,,,,,,,,,
Apple Earpods,Apple MacBook Air,,,,,,,,,,,,,,,,,,,,,,,,,,,,,,
Otium Wireless Sports Bluetooth Headphone,CYBERPOWER Gamer Desktop,Apple Earpods,,,,,,,,,,,,,,,,,,,,,,,,,,,,,
Acer Desktop,,,,,,,,,,,,,,,,,,,,,,,,,,,,,,,
CYBERPOWER Gamer Desktop,,,,,,,,,,,,,,,,,,,,,,,,,,,,,,,
Acer Monitor,iMac,Epson Printer,Ailihen Stereo Headphones,DYMO Labeling Tape ,Epson Black Ink,Halter Mesh Metal Monitor Stand,Microsoft Wireless Desktop Keyboard and Mouse,,,,,,,,,,,,,,,,,,,,,,,,
Apple Earpods,Dell Laptop,,,,,,,,,,,,,,,,,,,,,,,,,,,,,,
Acer Desktop,iMac,ASUS Monitor, Intel Desktop ,Microsoft Office Home and Student 2016,Microsoft Wireless Desktop Keyboard and Mouse,,,,,,,,,,,,,,,,,,,,,,,,,,
CYBERPOWER Gamer Desktop,Logitech 3-button Mouse,,,,,,,,,,,,,,,,,,,,,,,,,,,,,,
Computer Game,Height-Adjustable Standing Desk,CYBERPOWER Gamer Desktop,Fire HD Tablet,HP Monitor,,,,,,,,,,,,,,,,,,,,,,,,,,,
iMac,HP Monitor,,,,,,,,,,,,,,,,,,,,,,,,,,,,,,
3-Button Mouse,Dell Laptop,,,,,,,,,,,,,,,,,,,,,,,,,,,,,,
HDMI Cable 6ft,HP Wireless Mouse,Acer Aspire,Dell Desktop,Lenovo Desktop Computer,Apple Magic Keyboard,Microsoft Office Home and Student 2016,,,,,,,,,,,,,,,,,,,,,,,,,
ViewSonic Monitor,iMac,Apple Earpods,Zombie Gaming Headset,USB Cable,Apple TV,Rokono Mini Speaker,,,,,,,,,,,,,,,,,,,,,,,,,
Rokono Mini Speaker,,,,,,,,,,,,,,,,,,,,,,,,,,,,,,,
Apple MacBook Air,Dell Laptop,,,,,,,,,,,,,,,,,,,,,,,,,,,,,,
HP Wireless Printer,Cambridge Bluetooth Speaker,Logitech Keyboard,AOC Monitor,Logitech 3-button Mouse,Apple Earpods,Dell Laptop,,,,,,,,,,,,,,,,,,,,,,,,,
Slim 2TB Portable External Hard Drive,ASUS Desktop,,,,,,,,,,,,,,,,,,,,,,,,,,,,,,
HP Wireless Mouse,LG Monitor,Epson Printer,Cambridge Bluetooth Speaker,CYBERPOWER Gamer Desktop,Apple Earpods,ASUS Desktop,,,,,,,,,,,,,,,,,,,,,,,,,
iMac, Intel Desktop ,Logitech 3-button Mouse,Acer Desktop,Microsoft Wireless Desktop Keyboard and Mouse,,,,,,,,,,,,,,,,,,,,,,,,,,,
Logitech MK550 Wireless Wave Keyboard and Mouse Combo,,,,,,,,,,,,,,,,,,,,,,,,,,,,,,,
LG Monitor,HP Laptop,Alienware Laptop,Lenovo Desktop Computer,Cyber Acoustics,Apple Earpods,Wireless Portable Mouse,Rokono Mini Speaker,,,,,,,,,,,,,,,,,,,,,,,,
Apple Earpods,,,,,,,,,,,,,,,,,,,,,,,,,,,,,,,
Lenovo Desktop Computer,,,,,,,,,,,,,,,,,,,,,,,,,,,,,,,
Acer Aspire,iMac,Lenovo Desktop Computer,Panasonic In-Ear Headphone ,Logitech 3-button Mouse,Belkin Mouse Pad,HP USB Keyboard ,Microsoft Wireless Desktop Keyboard and Mouse,,,,,,,,,,,,,,,,,,,,,,,,
Apple Earpods,Apple MacBook Air,iPhone Charger Cable,Dell KM117 Wireless Keyboard & Mouse,,,,,,,,,,,,,,,,,,,,,,,,,,,,
Acer Monitor,Dell 2 Desktop,Apple Magic Keyboard,Microsoft Office Home and Student 2016,CYBERPOWER Gamer Desktop,Dell Laptop,,,,,,,,,,,,,,,,,,,,,,,,,,
Sonos,,,,,,,,,,,,,,,,,,,,,,,,,,,,,,,
Logitech 3-button Mouse,,,,,,,,,,,,,,,,,,,,,,,,,,,,,,,
Dell Desktop,Wireless Portable Mouse,Apple TV,Multi Media Stand,Microsoft Wireless Desktop Keyboard and Mouse,,,,,,,,,,,,,,,,,,,,,,,,,,,
HP Laptop,Backlit LED Gaming Keyboard,,,,,,,,,,,,,,,,,,,,,,,,,,,,,,
Backlit LED Gaming Keyboard,Rokono Mini Speaker,,,,,,,,,,,,,,,,,,,,,,,,,,,,,,
5TB Desktop Hard Drive,,,,,,,,,,,,,,,,,,,,,,,,,,,,,,,
Lenovo Desktop Computer,Apple Magic Keyboard,Epson Printer,Lenovo Desktop Computer,Cyber Acoustics,Smart Light Bulb,Apple Earpods,Acer Desktop,HP Monitor,,,,,,,,,,,,,,,,,,,,,,,
ViewSonic Monitor,,,,,,,,,,,,,,,,,,,,,,,,,,,,,,,
HP Wireless Mouse,Logitech 3-button Mouse,Apple MacBook Pro,Backlit LED Gaming Keyboard,,,,,,,,,,,,,,,,,,,,,,,,,,,,
HP Laptop,iMac,Alienware Laptop,Lenovo Desktop Computer, Intel Desktop ,Microsoft Office Home and Student 2016,CYBERPOWER Gamer Desktop,Logitech 3-button Mouse,Apple Earpods,HP Monitor,Apple MacBook Air,Dell KM117 Wireless Keyboard & Mouse,ASUS Desktop,Dell Laptop,Microsoft Wireless Desktop Keyboard and Mouse,,,,,,,,,,,,,,,,,
HP Monitor,Rii LED Keyboard,,,,,,,,,,,,,,,,,,,,,,,,,,,,,,
Eluktronics Pro Gaming Laptop,iMac,Lenovo Desktop Computer,Koss Home Headphones,Dell Monitor,Cyber Acoustics,Full Motion Monitor Mount,HP Monitor,Microsoft Wireless Comfort Keyboard and Mouse,,,,,,,,,,,,,,,,,,,,,,,
Eluktronics Pro Gaming Laptop,iMac,Height-Adjustable Standing Desk,3-Button Mouse,Logitech MK360 Wireless Keyboard and Mouse Combo,,,,,,,,,,,,,,,,,,,,,,,,,,,
Samsung Monitor,Dell Desktop,iMac,CYBERPOWER Gamer Desktop,Apple Earpods,,,,,,,,,,,,,,,,,,,,,,,,,,,
3-Button Mouse,,,,,,,,,,,,,,,,,,,,,,,,,,,,,,,
ViewSonic Monitor,,,,,,,,,,,,,,,,,,,,,,,,,,,,,,,
Apple Earpods,,,,,,,,,,,,,,,,,,,,,,,,,,,,,,,
Bose Companion Speakers,Kindle ,Large Mouse Pad,HP Desktop,Brother Printer,,,,,,,,,,,,,,,,,,,,,,,,,,,
Acer Aspire,Dell Desktop,HP Black & Tri-color Ink ,HP Laptop,iMac,Apple Magic Keyboard,Apple MacBook Pro,,,,,,,,,,,,,,,,,,,,,,,,,
Samsung Monitor,iMac,Epson Black Ink,Halter Acrylic Monitor Stand,Apple Earpods,JBL Splashproof Portable Bluetooth Speaker,,,,,,,,,,,,,,,,,,,,,,,,,,
Epson Black Ink,Apple Earpods,,,,,,,,,,,,,,,,,,,,,,,,,,,,,,
Cambridge Bluetooth Speaker,Apple Earpods,,,,,,,,,,,,,,,,,,,,,,,,,,,,,,
HP Wireless Printer,,,,,,,,,,,,,,,,,,,,,,,,,,,,,,,
ASUS Chromebook,Dell 2 Desktop,HP Wireless Printer,Apple MacBook Pro,Brother Printer,,,,,,,,,,,,,,,,,,,,,,,,,,,
Acer Desktop,Logitech 3-button Mouse,Acer Desktop,Microsoft Headset,,,,,,,,,,,,,,,,,,,,,,,,,,,,
Apple Earpods,,,,,,,,,,,,,,,,,,,,,,,,,,,,,,,
Apple MacBook Air,Microsoft Wireless Desktop Keyboard and Mouse,,,,,,,,,,,,,,,,,,,,,,,,,,,,,,
Height-Adjustable Standing Desk,Mackie CR Speakers,Apple MacBook Air,,,,,,,,,,,,,,,,,,,,,,,,,,,,,
Samsung Monitor,Alienware Laptop,APIE Bluetooth Headphone,Apple Wireless Keyboard,,,,,,,,,,,,,,,,,,,,,,,,,,,,
Acer Desktop,Lenovo Desktop Computer,Epson Printer,Microsoft Office Home and Student 2016,AOC Monitor,ASUS Desktop,,,,,,,,,,,,,,,,,,,,,,,,,,
iMac,Dell Desktop,,,,,,,,,,,,,,,,,,,,,,,,,,,,,,
Dell Desktop,Cambridge Bluetooth Speaker,Ailihen Stereo Headphones,Slim Wireless Mouse,ASUS Desktop,Dell Laptop,Dell Laptop,,,,,,,,,,,,,,,,,,,,,,,,,
Acer Desktop,HP Monitor,,,,,,,,,,,,,,,,,,,,,,,,,,,,,,
HDMI Cable 6ft,ViewSonic Monitor,iMac,ASUS 2 Monitor,Lenovo Desktop Computer,Cambridge Bluetooth Speaker,Microsoft Office Home and Student 2016,AOC Monitor,Monster Beats By Dr Dre ,Rii LED Gaming Keyboard & Mouse Combo ,Cyber Acoustics,Dell Desktop,XIBERIA Gaming Headset,Microsoft Headset,,,,,,,,,,,,,,,,,,
Acer Desktop,iMac,Apple Magic Keyboard,,,,,,,,,,,,,,,,,,,,,,,,,,,,,
Generic Black 3-Button,Zombie Gaming Headset,,,,,,,,,,,,,,,,,,,,,,,,,,,,,,
Samsung Monitor,Dell Desktop,5TB Desktop Hard Drive,HP Laptop,ASUS 2 Monitor,,,,,,,,,,,,,,,,,,,,,,,,,,,
HP Wireless Printer,Bose Companion Speakers, Intel Desktop ,Microsoft Office Home and Student 2016,Logitech 3-button Mouse,Apple Wireless Keyboard,Apple MacBook Pro,Apple Earpods,Microsoft Wireless Desktop Keyboard and Mouse,,,,,,,,,,,,,,,,,,,,,,,
Dell Desktop,5TB Desktop Hard Drive,ViewSonic Monitor,iMac,Lenovo Desktop Computer,CYBERPOWER Gamer Desktop,Wireless Portable Mouse,iPad Pro ,Backlit LED Gaming Keyboard,,,,,,,,,,,,,,,,,,,,,,,
iMac,,,,,,,,,,,,,,,,,,,,,,,,,,,,,,,
Apple MacBook Air,Backlit LED Gaming Keyboard,,,,,,,,,,,,,,,,,,,,,,,,,,,,,,
Samsung Monitor,Belkin Mouse Pad,Backlit LED Gaming Keyboard,,,,,,,,,,,,,,,,,,,,,,,,,,,,,
Slim 2TB Portable External Hard Drive,,,,,,,,,,,,,,,,,,,,,,,,,,,,,,,
Acer Desktop,Dell 2 Desktop,ViewSonic Monitor,Lenovo Desktop Computer,Koss Home Headphones,Logitech MK550 Wireless Wave Keyboard and Mouse Combo,Cambridge Bluetooth Speaker,Ailihen Stereo Headphones,Logitech Keyboard,AOC Monitor,3-Button Mouse,Cyber Acoustics,Generic Black 3-Button,Apple Earpods,ASUS Desktop,Rii LED Keyboard,Zombie Gaming Headset,,,,,,,,,,,,,,,
Samsung Monitor,Logitech Desktop MK120 Mouse and keyboard Combo,Eluktronics Pro Gaming Laptop,Logitech MK270 Wireless Keyboard and Mouse Combo,HP Laptop,iMac,ASUS 2 Monitor,HP Wireless Printer,Lenovo Desktop Computer,Koss Home Headphones,Epson Printer,Apple Wireless Keyboard,ASUS Desktop,Logitech ClearChat Headset,,,,,,,,,,,,,,,,,,
Apple Earpods,Dell Laptop,,,,,,,,,,,,,,,,,,,,,,,,,,,,,,
ASUS Chromebook,Acer Aspire,Dell Desktop,ViewSonic Monitor,HP Laptop,Microsoft Basic Optical Mouse,,,,,,,,,,,,,,,,,,,,,,,,,,
Apple Magic Keyboard,HP USB Keyboard ,Apple Earpods,HP Monitor,Microsoft Wireless Desktop Keyboard and Mouse,,,,,,,,,,,,,,,,,,,,,,,,,,,
ViewSonic Monitor,Microsoft Wireless Desktop Keyboard and Mouse,,,,,,,,,,,,,,,,,,,,,,,,,,,,,,
Eluktronics Pro Gaming Laptop,Logitech Wireless Mouse,iMac,ASUS 2 Monitor,Lenovo Desktop Computer,3-Button Mouse,,,,,,,,,,,,,,,,,,,,,,,,,,
Otium Wireless Sports Bluetooth Headphone,ASUS Chromebook,Acer Aspire,Acer Desktop,Apple MacBook Air,Microsoft Headset,Microsoft Wireless Desktop Keyboard and Mouse,,,,,,,,,,,,,,,,,,,,,,,,,
Dell Desktop,5TB Desktop Hard Drive,iMac, Intel Desktop ,Microsoft Office Home and Student 2016,CYBERPOWER Gamer Desktop,AOC Monitor,Rii LED Gaming Keyboard & Mouse Combo ,Belkin Mouse Pad,Redragon Gaming Mouse,Apple MacBook Pro,Apple MacBook Air,USB Cable,Brother Printer,iPad Pro ,,,,,,,,,,,,,,,,,
Samsung Monitor,Acer Desktop,iMac,ASUS Monitor,Lenovo Desktop Computer,Apple TV,,,,,,,,,,,,,,,,,,,,,,,,,,
Samsung Monitor,Eluktronics Pro Gaming Laptop,Dell Laptop,Zombie Gaming Headset,,,,,,,,,,,,,,,,,,,,,,,,,,,,
Lenovo Desktop Computer,Logitech 3-button Mouse,,,,,,,,,,,,,,,,,,,,,,,,,,,,,,
AOC Monitor,Dell Laptop,Microsoft Wireless Desktop Keyboard and Mouse,,,,,,,,,,,,,,,,,,,,,,,,,,,,,
Samsung Monitor,LG Touchscreen Laptop,,,,,,,,,,,,,,,,,,,,,,,,,,,,,,
LG Touchscreen Laptop,,,,,,,,,,,,,,,,,,,,,,,,,,,,,,,
Acer Desktop,HP Laptop,Epson Printer,Full Motion Monitor Mount,,,,,,,,,,,,,,,,,,,,,,,,,,,,
Apple Earpods,,,,,,,,,,,,,,,,,,,,,,,,,,,,,,,
Apple Earpods,,,,,,,,,,,,,,,,,,,,,,,,,,,,,,,
ASUS 2 Monitor,XIBERIA Gaming Headset,,,,,,,,,,,,,,,,,,,,,,,,,,,,,,
Dell Desktop,iMac,,,,,,,,,,,,,,,,,,,,,,,,,,,,,,
ASUS 2 Monitor,Bose Companion Speakers,Apple Wired Keyboard,Cyber Acoustics,Logitech MK360 Wireless Keyboard and Mouse Combo,Apple Earpods,Microsoft Wireless Desktop Keyboard and Mouse,,,,,,,,,,,,,,,,,,,,,,,,,
Logitech 3-button Mouse,Belkin Mouse Pad,,,,,,,,,,,,,,,,,,,,,,,,,,,,,,
Microsoft Office Home and Student 2016,,,,,,,,,,,,,,,,,,,,,,,,,,,,,,,
Dell Laptop,JBL Splashproof Portable Bluetooth Speaker,,,,,,,,,,,,,,,,,,,,,,,,,,,,,,
Apple Earpods,Dell Laptop,,,,,,,,,,,,,,,,,,,,,,,,,,,,,,
Dell Laptop,,,,,,,,,,,,,,,,,,,,,,,,,,,,,,,
ASUS Monitor,iPad,,,,,,,,,,,,,,,,,,,,,,,,,,,,,,
LG Monitor,HP Laptop,iMac,Microsoft Office Home and Student 2016,,,,,,,,,,,,,,,,,,,,,,,,,,,,
Samsung Monitor,Koss Home Headphones,Height-Adjustable Standing Desk,Sonos,,,,,,,,,,,,,,,,,,,,,,,,,,,,
Microsoft Wireless Desktop Keyboard and Mouse,,,,,,,,,,,,,,,,,,,,,,,,,,,,,,,
Dell Desktop,Dell 2 Desktop,CYBERPOWER Gamer Desktop,3-Button Mouse,Belkin Mouse Pad,Apple Wireless Keyboard,Microsoft Wireless Desktop Keyboard and Mouse,,,,,,,,,,,,,,,,,,,,,,,,,
Apple MacBook Pro,HP Monitor,Apple MacBook Air,,,,,,,,,,,,,,,,,,,,,,,,,,,,,
Acer Aspire,iMac,Wireless Portable Mouse,,,,,,,,,,,,,,,,,,,,,,,,,,,,,
ViewSonic Monitor,Apple Magic Keyboard,Epson Printer,Microsoft Office Home and Student 2016,CYBERPOWER Gamer Desktop,,,,,,,,,,,,,,,,,,,,,,,,,,,
ViewSonic Monitor,,,,,,,,,,,,,,,,,,,,,,,,,,,,,,,
CYBERPOWER Gamer Desktop,Apple MacBook Pro,Microsoft Wireless Desktop Keyboard and Mouse,,,,,,,,,,,,,,,,,,,,,,,,,,,,,
Lenovo Desktop Computer,,,,,,,,,,,,,,,,,,,,,,,,,,,,,,,
HP USB Keyboard ,Apple MacBook Air,,,,,,,,,,,,,,,,,,,,,,,,,,,,,,
HP Laptop,AOC Monitor,Backlit LED Gaming Keyboard,,,,,,,,,,,,,,,,,,,,,,,,,,,,,
Eluktronics Pro Gaming Laptop,HP Wireless Printer,Panasonic In-Ear Headphone ,Microsoft Basic Optical Mouse,Etekcity Power Extension Cord Cable,,,,,,,,,,,,,,,,,,,,,,,,,,,
Dell 2 Desktop,Alienware Laptop,Lenovo Desktop Computer,3-Button Mouse,1TB Portable External Hard Drive,,,,,,,,,,,,,,,,,,,,,,,,,,,
Samsung Monitor,iMac,3-Button Mouse,Slim Wireless Mouse,Multi Media Stand,,,,,,,,,,,,,,,,,,,,,,,,,,,
Apple MacBook Pro,,,,,,,,,,,,,,,,,,,,,,,,,,,,,,,
Dell Laptop,,,,,,,,,,,,,,,,,,,,,,,,,,,,,,,
ViewSonic Monitor,iMac,,,,,,,,,,,,,,,,,,,,,,,,,,,,,,
Samsung Charging Cable,CYBERPOWER Gamer Desktop,Apple Wireless Keyboard,Slim Wireless Mouse,,,,,,,,,,,,,,,,,,,,,,,,,,,,
iMac,Epson Printer,Apple Wireless Keyboard,,,,,,,,,,,,,,,,,,,,,,,,,,,,,
Acer Aspire,ViewSonic Monitor,iMac,Apple Wireless Keyboard,,,,,,,,,,,,,,,,,,,,,,,,,,,,
Dell Desktop,Logitech MK270 Wireless Keyboard and Mouse Combo,iMac,3-Button Mouse,HP USB Keyboard ,Apple Earpods,Wireless Portable Mouse,HP Desktop,Apple TV,Microsoft Wireless Desktop Keyboard and Mouse,,,,,,,,,,,,,,,,,,,,,,
HP Wireless Mouse,Dell Desktop,Logitech 3-button Mouse,Microsoft Basic Optical Mouse,Apple Earpods,Apple MacBook Air,,,,,,,,,,,,,,,,,,,,,,,,,,
Backlit LED Gaming Keyboard,,,,,,,,,,,,,,,,,,,,,,,,,,,,,,,
HP Laptop,iMac,Apple Magic Keyboard,HDMI Adapter,Apple Earpods,Microsoft Wireless Desktop Keyboard and Mouse,,,,,,,,,,,,,,,,,,,,,,,,,,
ASUS Monitor,Logitech 3-button Mouse,Apple MacBook Air,LG Touchscreen Laptop,Microsoft Wireless Desktop Keyboard and Mouse,,,,,,,,,,,,,,,,,,,,,,,,,,,
Brother Printer Toner,,,,,,,,,,,,,,,,,,,,,,,,,,,,,,,
Apple MacBook Air,iPhone Charger Cable,Dell KM117 Wireless Keyboard & Mouse,Microsoft Wireless Desktop Keyboard and Mouse,,,,,,,,,,,,,,,,,,,,,,,,,,,,
PC Gaming Headset,,,,,,,,,,,,,,,,,,,,,,,,,,,,,,,
LG Monitor,Acer Desktop,Computer Game,HP Laptop,iMac,HP Wireless Printer,Lenovo Desktop Computer,5TB Desktop Hard Drive,,,,,,,,,,,,,,,,,,,,,,,,
iMac,ASUS 2 Monitor,Lenovo Desktop Computer,Logitech ClearChat Headset,iPad,Backlit LED Gaming Keyboard,,,,,,,,,,,,,,,,,,,,,,,,,,
Samsung Monitor,HP Wireless Mouse,LG Monitor,ASUS Chromebook,Acer Aspire,Dell Desktop,iMac,Dell Wired Keyboard,Cambridge Bluetooth Speaker,Microsoft Office Home and Student 2016,Logitech 3-button Mouse,Brother Printer Toner,Apple Earpods,Dell Laptop,,,,,,,,,,,,,,,,,,
Slim Wireless Mouse,,,,,,,,,,,,,,,,,,,,,,,,,,,,,,,
ViewSonic Monitor,HP Black & Tri-color Ink ,HP Laptop,iMac,CYBERPOWER Gamer Desktop,Monster Beats By Dr Dre ,Apple Earpods,Microsoft Wireless Desktop Keyboard and Mouse,,,,,,,,,,,,,,,,,,,,,,,,
Acer Monitor,CYBERPOWER Gamer Desktop,,,,,,,,,,,,,,,,,,,,,,,,,,,,,,
HP Laptop,iMac,Dell Monitor,,,,,,,,,,,,,,,,,,,,,,,,,,,,,
Dell Laptop,iPad,,,,,,,,,,,,,,,,,,,,,,,,,,,,,,
Samsung Monitor,Lenovo Desktop Computer,,,,,,,,,,,,,,,,,,,,,,,,,,,,,,
Kensington Headphones ,PC Gaming Headset,,,,,,,,,,,,,,,,,,,,,,,,,,,,,,
iMac,3-Button Mouse,,,,,,,,,,,,,,,,,,,,,,,,,,,,,,
Microsoft Wireless Desktop Keyboard and Mouse,,,,,,,,,,,,,,,,,,,,,,,,,,,,,,,
iMac,3TB Portable External Hard Drive,Slim Wireless Mouse,,,,,,,,,,,,,,,,,,,,,,,,,,,,,
Apple Earpods,Apple MacBook Air,,,,,,,,,,,,,,,,,,,,,,,,,,,,,,
CYBERPOWER Gamer Desktop,,,,,,,,,,,,,,,,,,,,,,,,,,,,,,,
PC Gaming Headset,,,,,,,,,,,,,,,,,,,,,,,,,,,,,,,
Acer Desktop,Sonos,Apple MacBook Air,,,,,,,,,,,,,,,,,,,,,,,,,,,,,
Bose Companion Speakers,Microsoft Office Home and Student 2016,Apple MacBook Pro,,,,,,,,,,,,,,,,,,,,,,,,,,,,,
Apple MacBook Air,,,,,,,,,,,,,,,,,,,,,,,,,,,,,,,
Dell Desktop,Sonos,Logitech Keyboard,iPad,,,,,,,,,,,,,,,,,,,,,,,,,,,,
LG Monitor,Dell Desktop,Computer Game,HP Black & Tri-color Ink ,iMac,ASUS Monitor,Epson Printer,CYBERPOWER Gamer Desktop,HDMI Adapter,Apple MacBook Pro,Large Mouse Pad,,,,,,,,,,,,,,,,,,,,,
HP Laptop,Bose Companion Speakers,Samsung Charging Cable,HP Monitor,Microsoft Wireless Desktop Keyboard and Mouse,,,,,,,,,,,,,,,,,,,,,,,,,,,
Dell 2 Desktop,,,,,,,,,,,,,,,,,,,,,,,,,,,,,,,
Apple MacBook Pro,Apple MacBook Air,Brother Printer,,,,,,,,,,,,,,,,,,,,,,,,,,,,,
Wireless Portable Mouse,,,,,,,,,,,,,,,,,,,,,,,,,,,,,,,
Apple Earpods,,,,,,,,,,,,,,,,,,,,,,,,,,,,,,,
Apple Earpods,,,,,,,,,,,,,,,,,,,,,,,,,,,,,,,
Samsung Monitor,Logitech MK270 Wireless Keyboard and Mouse Combo,Panasonic In-Ear Headphone , Intel Desktop ,Sonos,Slim Wireless Mouse,Wireless Portable Mouse,Microsoft Headset,iPad Pro ,,,,,,,,,,,,,,,,,,,,,,,
3-Button Mouse,Apple MacBook Air,,,,,,,,,,,,,,,,,,,,,,,,,,,,,,
Cambridge Bluetooth Speaker,Sonos,,,,,,,,,,,,,,,,,,,,,,,,,,,,,,
Dell Desktop,ViewSonic Monitor,iMac,Epson Printer,Microsoft Office Home and Student 2016,Logitech 3-button Mouse,Brother Printer Toner,Apple MacBook Air,,,,,,,,,,,,,,,,,,,,,,,,
Slim Wireless Mouse,,,,,,,,,,,,,,,,,,,,,,,,,,,,,,,
Dell Desktop,Acer Desktop,Bose Companion Speakers,Dell Desktop,Redragon Gaming Mouse,Apple Wireless Keyboard,ASUS Desktop,Dell Laptop,Brother Printer,,,,,,,,,,,,,,,,,,,,,,,
LG Monitor,,,,,,,,,,,,,,,,,,,,,,,,,,,,,,,
HDMI Cable 6ft,Logitech Desktop MK120 Mouse and keyboard Combo,Dell Desktop,iMac,ASUS Monitor,Cambridge Bluetooth Speaker,3-Button Mouse,Monster Beats By Dr Dre ,Brother Printer Toner,Redragon Gaming Mouse,Apple Earpods,Wireless Portable Mouse,Rii LED Keyboard,Dell Laptop,Multi Media Stand,Microsoft Wireless Desktop Keyboard and Mouse,,,,,,,,,,,,,,,,
Samsung Monitor,Dell Desktop,Acer Desktop,ViewSonic Monitor,Apple Magic Keyboard,3-Button Mouse,Redragon Gaming Mouse,APIE Bluetooth Headphone,Apple MacBook Air,,,,,,,,,,,,,,,,,,,,,,,
Microsoft Office Home and Student 2016,,,,,,,,,,,,,,,,,,,,,,,,,,,,,,,
iMac,ASUS Monitor,Apple Magic Keyboard,Panasonic In-Ear Headphone , Intel Desktop ,HP Notebook Touchscreen Laptop PC,HP Desktop,,,,,,,,,,,,,,,,,,,,,,,,,
HP Laptop,ASUS Monitor,ASUS 2 Monitor,Epson Printer,Logitech 3-button Mouse,Brother Printer,,,,,,,,,,,,,,,,,,,,,,,,,,
Apple MacBook Air,,,,,,,,,,,,,,,,,,,,,,,,,,,,,,,
HDMI Cable 6ft,iMac,HP Wireless Printer,Dell Wired Keyboard,Microsoft Office Home and Student 2016,AOC Monitor,Microsoft Basic Optical Mouse,ViewSonic Monitor,Apple Wireless Keyboard,Dell Laptop,DYMO Label Manker  ,Brother Printer,,,,,,,,,,,,,,,,,,,,
Acer Monitor,Samsung Monitor,Dell Wired Keyboard,CYBERPOWER Gamer Desktop,iPhone Charger Cable,,,,,,,,,,,,,,,,,,,,,,,,,,,
Samsung Monitor,LG Touchscreen Laptop,Microsoft Wireless Desktop Keyboard and Mouse,,,,,,,,,,,,,,,,,,,,,,,,,,,,,
Apple MacBook Pro,,,,,,,,,,,,,,,,,,,,,,,,,,,,,,,
Samsung Monitor,Slim 2TB Portable External Hard Drive,Apple Earpods,,,,,,,,,,,,,,,,,,,,,,,,,,,,,
LG Monitor,iMac,3-Button Mouse,Microsoft Wireless Desktop Keyboard and Mouse,,,,,,,,,,,,,,,,,,,,,,,,,,,,
Acer Monitor,HP Wireless Printer,,,,,,,,,,,,,,,,,,,,,,,,,,,,,,
Logitech MK360 Wireless Keyboard and Mouse Combo,Full Motion Monitor Mount,Slim Wireless Mouse,,,,,,,,,,,,,,,,,,,,,,,,,,,,,
HDMI Cable 6ft,Dell Desktop,Acer Desktop,ViewSonic Monitor,Microsoft Office Home and Student 2016,iPad Pro ,Backlit LED Gaming Keyboard,,,,,,,,,,,,,,,,,,,,,,,,,
Apple MacBook Air,,,,,,,,,,,,,,,,,,,,,,,,,,,,,,,
Epson Printer,Belkin Mouse Pad,Apple TV,,,,,,,,,,,,,,,,,,,,,,,,,,,,,
ASUS Monitor,Etekcity Power Extension Cord Cable,Belkin Mouse Pad,Audio Cable,Dell Laptop,iPad,,,,,,,,,,,,,,,,,,,,,,,,,,
Dell 2 Desktop,HP Laptop,Lenovo Desktop Computer,3-Button Mouse,Microsoft Wireless Desktop Keyboard and Mouse,,,,,,,,,,,,,,,,,,,,,,,,,,,
Acer Monitor,HP Laptop,Epson Printer,Wireless Portable Mouse,Rii LED Keyboard,,,,,,,,,,,,,,,,,,,,,,,,,,,
Dell Desktop,Lenovo Desktop Computer,Epson Black Ink,Logitech 3-button Mouse,Apple Earpods,Apple MacBook Air,,,,,,,,,,,,,,,,,,,,,,,,,,
ASUS Chromebook,Acer Desktop,ViewSonic Monitor,iMac,Lenovo Desktop Computer,Rii LED Gaming Keyboard & Mouse Combo ,HP USB Keyboard ,Apple MacBook Air,,,,,,,,,,,,,,,,,,,,,,,,
Acer Monitor,CYBERPOWER Gamer Desktop,3-Button Mouse,DOSS Touch Wireless Bluetooth,Fire HD Tablet,Dell Laptop,,,,,,,,,,,,,,,,,,,,,,,,,,
AOC Monitor,,,,,,,,,,,,,,,,,,,,,,,,,,,,,,,
Acer Aspire,iMac,Brother Printer Toner,,,,,,,,,,,,,,,,,,,,,,,,,,,,,
iMac,CYBERPOWER Gamer Desktop,Brother Printer,iPad Pro ,Epson Black Ink,,,,,,,,,,,,,,,,,,,,,,,,,,,
Cambridge Bluetooth Speaker,,,,,,,,,,,,,,,,,,,,,,,,,,,,,,,
Acer Monitor,Samsung Monitor,ASUS Monitor,Rii LED Gaming Keyboard & Mouse Combo ,Dell Desktop,Apple Earpods,Dell Laptop,,,,,,,,,,,,,,,,,,,,,,,,,
ASUS Chromebook,,,,,,,,,,,,,,,,,,,,,,,,,,,,,,,
Samsung Monitor, Intel Desktop ,Height-Adjustable Standing Desk,CYBERPOWER Gamer Desktop,Belkin Mouse Pad,Apple Earpods,,,,,,,,,,,,,,,,,,,,,,,,,,
APIE Bluetooth Headphone,,,,,,,,,,,,,,,,,,,,,,,,,,,,,,,
iPad Pro ,,,,,,,,,,,,,,,,,,,,,,,,,,,,,,,
Acer Monitor,Samsung Monitor,Acer Aspire,ViewSonic Monitor,HP Laptop,Lenovo Desktop Computer,Koss Home Headphones,Apple Wired Keyboard,CYBERPOWER Gamer Desktop,Apple MacBook Pro,,,,,,,,,,,,,,,,,,,,,,
Apple Earpods,Apple MacBook Air,,,,,,,,,,,,,,,,,,,,,,,,,,,,,,
Acer Aspire,Lenovo Desktop Computer,HP Monitor,iPad Pro ,,,,,,,,,,,,,,,,,,,,,,,,,,,,
HP Laptop,Epson Printer,Microsoft Office Home and Student 2016,CYBERPOWER Gamer Desktop,Full Motion Monitor Mount,Apple Earpods,Brother Printer,Halter Mesh Metal Monitor Stand,Microsoft Wireless Desktop Keyboard and Mouse,,,,,,,,,,,,,,,,,,,,,,,
Samsung Monitor,Lenovo Desktop Computer,LG Touchscreen Laptop,Dell KM117 Wireless Keyboard & Mouse,Microsoft Wireless Desktop Keyboard and Mouse,,,,,,,,,,,,,,,,,,,,,,,,,,,
ASUS Chromebook,ASUS 2 Monitor, Intel Desktop ,Apple Earpods,Rokono Mini Speaker,,,,,,,,,,,,,,,,,,,,,,,,,,,
HP Laptop,,,,,,,,,,,,,,,,,,,,,,,,,,,,,,,
CYBERPOWER Gamer Desktop,Computer Game,Slim Wireless Mouse,,,,,,,,,,,,,,,,,,,,,,,,,,,,,
HP Laptop,Epson Printer,Ailihen Stereo Headphones,CYBERPOWER Gamer Desktop,Microsoft Basic Optical Mouse,,,,,,,,,,,,,,,,,,,,,,,,,,,
HP Laptop,iMac,Alienware Laptop,Google Home,,,,,,,,,,,,,,,,,,,,,,,,,,,,
ViewSonic Monitor,HP Laptop,iMac,CYBERPOWER Gamer Desktop,3-Button Mouse,Apple MacBook Pro,Apple Earpods,Wireless Portable Mouse,Rii LED Keyboard,,,,,,,,,,,,,,,,,,,,,,,
Redragon Gaming Mouse,Apple MacBook Pro,Apple Earpods,LG Touchscreen Laptop,Slim Wireless Mouse,iPad Pro ,Multi Media Stand,,,,,,,,,,,,,,,,,,,,,,,,,
iMac,,,,,,,,,,,,,,,,,,,,,,,,,,,,,,,
Etekcity Power Extension Cord Cable,HP Monitor,JBL Splashproof Portable Bluetooth Speaker,,,,,,,,,,,,,,,,,,,,,,,,,,,,,
Acer Monitor,CYBERPOWER Gamer Desktop,,,,,,,,,,,,,,,,,,,,,,,,,,,,,,
Dell Desktop,Lenovo Desktop Computer,Apple Wireless Keyboard,Backlit LED Gaming Keyboard,,,,,,,,,,,,,,,,,,,,,,,,,,,,
Apple Earpods,Logitech ClearChat Headset,,,,,,,,,,,,,,,,,,,,,,,,,,,,,,
Microsoft Wireless Desktop Keyboard and Mouse,,,,,,,,,,,,,,,,,,,,,,,,,,,,,,,
iMac,,,,,,,,,,,,,,,,,,,,,,,,,,,,,,,
Samsung Monitor,Acer Desktop,iMac,Lenovo Desktop Computer,Panasonic In-Ear Headphone , Intel Desktop ,3-Button Mouse,Apple Earpods,Microsoft Wireless Desktop Keyboard and Mouse,,,,,,,,,,,,,,,,,,,,,,,
Samsung Monitor,Dell Desktop,iMac,Apple MacBook Air,,,,,,,,,,,,,,,,,,,,,,,,,,,,
Samsung Monitor,ViewSonic Monitor,CYBERPOWER Gamer Desktop,Apple Earpods,,,,,,,,,,,,,,,,,,,,,,,,,,,,
iMac,,,,,,,,,,,,,,,,,,,,,,,,,,,,,,,
Samsung Monitor,Koss Home Headphones,CYBERPOWER Gamer Desktop,Logitech 3-button Mouse,,,,,,,,,,,,,,,,,,,,,,,,,,,,
Zombie Gaming Headset,,,,,,,,,,,,,,,,,,,,,,,,,,,,,,,
3-Button Mouse,Apple MacBook Air,ASUS Desktop,Sceptre Monitor,,,,,,,,,,,,,,,,,,,,,,,,,,,,
Ailihen Stereo Headphones,iPhone Charger Cable,,,,,,,,,,,,,,,,,,,,,,,,,,,,,,
Apple MacBook Air,,,,,,,,,,,,,,,,,,,,,,,,,,,,,,,
Apple MacBook Air,,,,,,,,,,,,,,,,,,,,,,,,,,,,,,,
Apple MacBook Air,,,,,,,,,,,,,,,,,,,,,,,,,,,,,,,
CYBERPOWER Gamer Desktop,,,,,,,,,,,,,,,,,,,,,,,,,,,,,,,
Apple MacBook Pro,Apple Earpods,Slim Wireless Mouse,,,,,,,,,,,,,,,,,,,,,,,,,,,,,
Apple MacBook Pro,,,,,,,,,,,,,,,,,,,,,,,,,,,,,,,
CYBERPOWER Gamer Desktop,,,,,,,,,,,,,,,,,,,,,,,,,,,,,,,
Otium Wireless Sports Bluetooth Headphone,LG Monitor,ViewSonic Monitor,HP Laptop,Lenovo Desktop Computer, Intel Desktop ,CYBERPOWER Gamer Desktop,AOC Monitor,DOSS Touch Wireless Bluetooth,Apple Earpods,Rii LED Keyboard,iPad Pro ,,,,,,,,,,,,,,,,,,,,
Lenovo Desktop Computer,Microsoft Office Home and Student 2016,,,,,,,,,,,,,,,,,,,,,,,,,,,,,,
CYBERPOWER Gamer Desktop,Apple Earpods,,,,,,,,,,,,,,,,,,,,,,,,,,,,,,
Apple Earpods,Apple MacBook Air,,,,,,,,,,,,,,,,,,,,,,,,,,,,,,
CYBERPOWER Gamer Desktop,,,,,,,,,,,,,,,,,,,,,,,,,,,,,,,
Cambridge Bluetooth Speaker,CYBERPOWER Gamer Desktop,Logitech 3-button Mouse,,,,,,,,,,,,,,,,,,,,,,,,,,,,,
HP Laptop,CYBERPOWER Gamer Desktop,Apple MacBook Pro,Canon Office Printer,,,,,,,,,,,,,,,,,,,,,,,,,,,,
JBL Splashproof Portable Bluetooth Speaker,,,,,,,,,,,,,,,,,,,,,,,,,,,,,,,
CYBERPOWER Gamer Desktop,Logitech 3-button Mouse,,,,,,,,,,,,,,,,,,,,,,,,,,,,,,
CYBERPOWER Gamer Desktop,,,,,,,,,,,,,,,,,,,,,,,,,,,,,,,
HP Laptop,iMac,Lenovo Desktop Computer,CYBERPOWER Gamer Desktop,Logitech 3-button Mouse,Apple Wireless Keyboard,Apple Earpods,HP Monitor,Apple MacBook Air,Dell Laptop,Dell Laptop,HP Desktop,iPad Pro ,JBL Splashproof Portable Bluetooth Speaker,,,,,,,,,,,,,,,,,,
Apple Wireless Keyboard,Apple Earpods,,,,,,,,,,,,,,,,,,,,,,,,,,,,,,
Logitech Keyboard,,,,,,,,,,,,,,,,,,,,,,,,,,,,,,,
HDMI Cable 6ft,HP Wireless Mouse,Acer Aspire,Dell Desktop,Dell 2 Desktop,ViewSonic Monitor,HP Laptop,iMac,Lenovo Desktop Computer,Apple Magic Keyboard,Slim 2TB Portable External Hard Drive,Koss Home Headphones,Panasonic In-Ear Headphone ,CYBERPOWER Gamer Desktop,3-Button Mouse,Brother Printer Toner,Etekcity Power Extension Cord Cable,HP Monitor,,,,,,,,,,,,,,
Acer Monitor,HP Wireless Mouse,Sonos,CYBERPOWER Gamer Desktop,,,,,,,,,,,,,,,,,,,,,,,,,,,,
Lenovo Desktop Computer,Bose Companion Speakers,CYBERPOWER Gamer Desktop,Logitech 3-button Mouse,,,,,,,,,,,,,,,,,,,,,,,,,,,,
Acer Aspire,Acer Desktop,iMac,Epson Black Ink, Intel Desktop ,Microsoft Office Home and Student 2016,HP Monitor,,,,,,,,,,,,,,,,,,,,,,,,,
Samsung Monitor,ViewSonic Monitor,HP Laptop,Logitech 3-button Mouse,ASUS Desktop,,,,,,,,,,,,,,,,,,,,,,,,,,,
Acer Monitor,Acer Aspire,Dell Desktop,Acer Desktop,Logitech MK270 Wireless Keyboard and Mouse Combo,ViewSonic Monitor,HP Laptop,iMac,Lenovo Desktop Computer,Cambridge Bluetooth Speaker,Ailihen Stereo Headphones,Logitech Keyboard,Logitech 3-button Mouse,,,,,,,,,,,,,,,,,,,
Monster Beats By Dr Dre,Logitech 3-button Mouse,Apple MacBook Pro,Apple MacBook Air,,,,,,,,,,,,,,,,,,,,,,,,,,,,
LG Monitor,Logitech MK270 Wireless Keyboard and Mouse Combo,Dell 2 Desktop,HP Laptop,Apple Magic Keyboard,Logitech Keyboard,Microsoft Office Home and Student 2016,CYBERPOWER Gamer Desktop,3-Button Mouse,Dell Desktop,Smart Light Bulb,Apple MacBook Pro,JBL Splashproof Portable Bluetooth Speaker,,,,,,,,,,,,,,,,,,,
Ailihen Stereo Headphones,CYBERPOWER Gamer Desktop,3-Button Mouse,,,,,,,,,,,,,,,,,,,,,,,,,,,,,
HP Black & Tri-color Ink ,HP Laptop,Apple Magic Keyboard,Dell KM117 Wireless Keyboard & Mouse,Microsoft Wireless Desktop Keyboard and Mouse,,,,,,,,,,,,,,,,,,,,,,,,,,,
Logitech MK270 Wireless Keyboard and Mouse Combo,ViewSonic Monitor,HP Laptop,Apple Magic Keyboard,Redragon Gaming Mouse,Microsoft Headset,iPhone Charger Cable,1TB Portable External Hard Drive,iPad Pro ,JBL Splashproof Portable Bluetooth Speaker,Multi Media Stand,,,,,,,,,,,,,,,,,,,,,
Samsung Monitor,Panasonic In-Ear Headphone ,Microsoft Basic Optical Mouse,,,,,,,,,,,,,,,,,,,,,,,,,,,,,
Acer Monitor,Koss Home Headphones,CYBERPOWER Gamer Desktop,,,,,,,,,,,,,,,,,,,,,,,,,,,,,
Acer Monitor,CYBERPOWER Gamer Desktop,Microsoft Headset,,,,,,,,,,,,,,,,,,,,,,,,,,,,,
Dell Laptop,,,,,,,,,,,,,,,,,,,,,,,,,,,,,,,
Acer Monitor,Eluktronics Pro Gaming Laptop,Logitech 3-button Mouse,Lenovo Desktop Computer,Cyber Acoustics,Full Motion Monitor Mount,,,,,,,,,,,,,,,,,,,,,,,,,,
iMac,Apple Magic Keyboard,3-Button Mouse,Apple MacBook Pro,,,,,,,,,,,,,,,,,,,,,,,,,,,,
Samsung Monitor,,,,,,,,,,,,,,,,,,,,,,,,,,,,,,,
Dell Desktop,Logitech MK270 Wireless Keyboard and Mouse Combo,HP Laptop,iMac,Logitech 3-button Mouse,3-Button Mouse,HP Monitor,ASUS Desktop,Logitech Keyboard,,,,,,,,,,,,,,,,,,,,,,,
HP Black & Tri-color Ink ,HP Laptop,,,,,,,,,,,,,,,,,,,,,,,,,,,,,,
HDMI Cable 6ft,Acer Aspire,Alienware Laptop,Lenovo Desktop Computer, Intel Desktop ,CYBERPOWER Gamer Desktop,HP USB Keyboard ,2TB Portable External Hard Drive,iPad Pro ,Logitech Keyboard,,,,,,,,,,,,,,,,,,,,,,
Acer Monitor,CYBERPOWER Gamer Desktop,,,,,,,,,,,,,,,,,,,,,,,,,,,,,,
HP Wireless Mouse,Dell Desktop,Acer Desktop,HP Laptop,Lenovo Desktop Computer,3-Button Mouse,Apple MacBook Air,Dell KM117 Wireless Keyboard & Mouse,,,,,,,,,,,,,,,,,,,,,,,,
Dell Desktop,Acer Desktop,iMac,CYBERPOWER Gamer Desktop,3-Button Mouse,HP Monitor,Slim Wireless Mouse,Zombie Gaming Headset,,,,,,,,,,,,,,,,,,,,,,,,
Acer Aspire,iMac,ASUS Monitor,ASUS 2 Monitor,Lenovo Desktop Computer,Koss Home Headphones,,,,,,,,,,,,,,,,,,,,,,,,,,
Dell Desktop,iMac,Lenovo Desktop Computer,Slim 2TB Portable External Hard Drive,Logitech 3-button Mouse,Backlit LED Gaming Keyboard,,,,,,,,,,,,,,,,,,,,,,,,,,
ASUS Chromebook,Acer Aspire,Dell Desktop,ViewSonic Monitor,Sonos,Monster Beats By Dr Dre ,Apple Earpods,Apple MacBook Air,Dell KM117 Wireless Keyboard & Mouse,,,,,,,,,,,,,,,,,,,,,,,
HP Laptop,Ailihen Stereo Headphones,Backlit LED Gaming Keyboard,,,,,,,,,,,,,,,,,,,,,,,,,,,,,
Apple MacBook Air,iPhone Charger Cable,Dell KM117 Wireless Keyboard & Mouse,,,,,,,,,,,,,,,,,,,,,,,,,,,,,
Apple MacBook Pro,Acer Desktop,,,,,,,,,,,,,,,,,,,,,,,,,,,,,,
Backlit LED Gaming Keyboard,,,,,,,,,,,,,,,,,,,,,,,,,,,,,,,
Apple MacBook Pro,Acer Desktop,Dell Laptop,,,,,,,,,,,,,,,,,,,,,,,,,,,,,
ASUS 2 Monitor,HP Wireless Printer,Lenovo Desktop Computer,AOC Monitor,ASUS Desktop,Microsoft Wireless Desktop Keyboard and Mouse,,,,,,,,,,,,,,,,,,,,,,,,,,
Acer Aspire,Dell Desktop,HP Laptop,Lenovo Desktop Computer,Acer Desktop,HP Monitor,iPad Pro ,,,,,,,,,,,,,,,,,,,,,,,,,
Acer Aspire,Epson Printer,Microsoft Office Home and Student 2016,Logitech 3-button Mouse,Apple Earpods,Dell Laptop,Epson Black Ink,,,,,,,,,,,,,,,,,,,,,,,,,
LG Monitor,Bose Companion Speakers,Apple MacBook Pro,Apple Earpods,,,,,,,,,,,,,,,,,,,,,,,,,,,,
Epson Black Ink,,,,,,,,,,,,,,,,,,,,,,,,,,,,,,,
Dell Desktop,iMac,Sonos,Dell KM117 Wireless Keyboard & Mouse,Dell Laptop,Microsoft Wireless Desktop Keyboard and Mouse,,,,,,,,,,,,,,,,,,,,,,,,,,
Backlit LED Gaming Keyboard,,,,,,,,,,,,,,,,,,,,,,,,,,,,,,,
Acer Desktop,Computer Game,HP Laptop,CYBERPOWER Gamer Desktop,Logitech MK360 Wireless Keyboard and Mouse Combo,Logitech Multimedia Speakers,Apple MacBook Pro,Slim Wireless Mouse,,,,,,,,,,,,,,,,,,,,,,,,
ViewSonic Monitor,CYBERPOWER Gamer Desktop,3-Button Mouse,,,,,,,,,,,,,,,,,,,,,,,,,,,,,
iMac,,,,,,,,,,,,,,,,,,,,,,,,,,,,,,,
Acer Desktop,CYBERPOWER Gamer Desktop,APIE Bluetooth Headphone,Apple Earpods,Wireless Portable Mouse,Logitech ClearChat Headset,iPad Pro ,,,,,,,,,,,,,,,,,,,,,,,,,
Apple Earpods,,,,,,,,,,,,,,,,,,,,,,,,,,,,,,,
Acer Desktop,HP Monitor,,,,,,,,,,,,,,,,,,,,,,,,,,,,,,
Slim 2TB Portable External Hard Drive,ASUS Desktop,,,,,,,,,,,,,,,,,,,,,,,,,,,,,,
Sonos,Etekcity Power Extension Cord Cable,Apple MacBook Air,,,,,,,,,,,,,,,,,,,,,,,,,,,,,
HP Laptop,iMac,ASUS 2 Monitor,HP Wireless Printer,Lenovo Desktop Computer, Intel Desktop ,Redragon Gaming Mouse,,,,,,,,,,,,,,,,,,,,,,,,,
HP Wireless Mouse,ViewSonic Monitor,Lenovo Desktop Computer,,,,,,,,,,,,,,,,,,,,,,,,,,,,,
Logitech MK270 Wireless Keyboard and Mouse Combo,Dell 2 Desktop,HP Laptop,ASUS 2 Monitor,Panasonic In-Ear Headphone ,3-Button Mouse,Acer Desktop,Slim Wireless Mouse,Zombie Gaming Headset,Brother Printer,iPad Pro ,,,,,,,,,,,,,,,,,,,,,
Rokono Mini Speaker,,,,,,,,,,,,,,,,,,,,,,,,,,,,,,,
Dell Desktop,ViewSonic Monitor,HP Laptop,Logitech Keyboard,Belkin Mouse Pad,,,,,,,,,,,,,,,,,,,,,,,,,,,
Apple Wireless Keyboard,Apple MacBook Air,,,,,,,,,,,,,,,,,,,,,,,,,,,,,,
Dell Laptop,,,,,,,,,,,,,,,,,,,,,,,,,,,,,,,
HP Desktop,,,,,,,,,,,,,,,,,,,,,,,,,,,,,,,
Lenovo Desktop Computer,Slim Wireless Mouse,iPad Pro ,,,,,,,,,,,,,,,,,,,,,,,,,,,,,
ViewSonic Monitor,HP Laptop,HP Wireless Printer,Apple Magic Keyboard,Microsoft Office Home and Student 2016,3-Button Mouse,Dell Laptop,USB Cable,,,,,,,,,,,,,,,,,,,,,,,,
HP Wireless Mouse,ASUS Chromebook,Lenovo Desktop Computer,CYBERPOWER Gamer Desktop,Backlit LED Gaming Keyboard,,,,,,,,,,,,,,,,,,,,,,,,,,,
iMac,Ailihen Stereo Headphones,3-Button Mouse,,,,,,,,,,,,,,,,,,,,,,,,,,,,,
Samsung Monitor,Dell Desktop,Brother Printer Toner,Apple Earpods,Slim Wireless Mouse,Microsoft Wireless Desktop Keyboard and Mouse,,,,,,,,,,,,,,,,,,,,,,,,,,
Alienware Laptop,,,,,,,,,,,,,,,,,,,,,,,,,,,,,,,
Samsung Monitor,Dell Desktop,iMac,Alienware Laptop,Lenovo Desktop Computer,AOC Monitor,XIBERIA Gaming Headset,Apple Earpods,HP Monitor,Microsoft Wireless Desktop Keyboard and Mouse,,,,,,,,,,,,,,,,,,,,,,
Bose Companion Speakers,CYBERPOWER Gamer Desktop,Microsoft Wireless Comfort Keyboard and Mouse,Logitech Stereo Headset ,Dell Laptop,,,,,,,,,,,,,,,,,,,,,,,,,,,
Microsoft Wireless Desktop Keyboard and Mouse,,,,,,,,,,,,,,,,,,,,,,,,,,,,,,,
Cyber Acoustics,,,,,,,,,,,,,,,,,,,,,,,,,,,,,,,
Apple Earpods,,,,,,,,,,,,,,,,,,,,,,,,,,,,,,,
Acer Desktop,iMac,Apple Earpods,,,,,,,,,,,,,,,,,,,,,,,,,,,,,
Ailihen Stereo Headphones,Acer Aspire,,,,,,,,,,,,,,,,,,,,,,,,,,,,,,
Apple MacBook Air,Backlit LED Gaming Keyboard,,,,,,,,,,,,,,,,,,,,,,,,,,,,,,
Eluktronics Pro Gaming Laptop,Dell Desktop,ViewSonic Monitor,iMac,Cambridge Bluetooth Speaker,CYBERPOWER Gamer Desktop,Cyber Acoustics,Wireless Portable Mouse,,,,,,,,,,,,,,,,,,,,,,,,
iMac,,,,,,,,,,,,,,,,,,,,,,,,,,,,,,,
LG Monitor,ViewSonic Monitor,Apple Magic Keyboard,Microsoft Office Home and Student 2016,Dell KM117 Wireless Keyboard & Mouse,Slim Wireless Mouse,,,,,,,,,,,,,,,,,,,,,,,,,,
Otium Wireless Sports Bluetooth Headphone,Eluktronics Pro Gaming Laptop,iMac,Bose Companion Speakers,Logitech MK550 Wireless Wave Keyboard and Mouse Combo,3-Button Mouse,Dell Desktop,Microsoft Basic Optical Mouse,ASUS Desktop,,,,,,,,,,,,,,,,,,,,,,,
Eluktronics Pro Gaming Laptop,Dell Desktop,Acer Desktop,ViewSonic Monitor,Logitech MK360 Wireless Keyboard and Mouse Combo,Apple Earpods,Wireless Portable Mouse,Backlit LED Gaming Keyboard,Microsoft Wireless Desktop Keyboard and Mouse,,,,,,,,,,,,,,,,,,,,,,,
Dell Desktop,,,,,,,,,,,,,,,,,,,,,,,,,,,,,,,
iMac,ASUS Monitor,Lenovo Desktop Computer,CYBERPOWER Gamer Desktop,,,,,,,,,,,,,,,,,,,,,,,,,,,,
Roku Express,,,,,,,,,,,,,,,,,,,,,,,,,,,,,,,
Lenovo Desktop Computer,,,,,,,,,,,,,,,,,,,,,,,,,,,,,,,
Sonos,Backlit LED Gaming Keyboard,,,,,,,,,,,,,,,,,,,,,,,,,,,,,,
Acer Aspire,Logitech Keyboard,Microsoft Office Home and Student 2016,CYBERPOWER Gamer Desktop,3-Button Mouse,,,,,,,,,,,,,,,,,,,,,,,,,,,
APIE Bluetooth Headphone,Apple MacBook Pro,,,,,,,,,,,,,,,,,,,,,,,,,,,,,,
Apple Magic Keyboard,CYBERPOWER Gamer Desktop,3-Button Mouse,Apple Earpods,Slim Wireless Mouse,Microsoft Headset,Apple TV,2TB Portable External Hard Drive,Microsoft Wireless Desktop Keyboard and Mouse,,,,,,,,,,,,,,,,,,,,,,,
HP Wireless Mouse,Eluktronics Pro Gaming Laptop,Acer Aspire,iMac,ASUS Monitor,Lenovo Desktop Computer,Apple Magic Keyboard,ASUS 2 Monitor,Microsoft Basic Optical Mouse,,,,,,,,,,,,,,,,,,,,,,,
Samsung Monitor,HP Laptop,Lenovo Desktop Computer,Apple Magic Keyboard, Intel Desktop ,Apple Earpods,Brother Printer,DYMO Labeling Tape ,,,,,,,,,,,,,,,,,,,,,,,,
CYBERPOWER Gamer Desktop,AOC Monitor,,,,,,,,,,,,,,,,,,,,,,,,,,,,,,
Apple Earpods,,,,,,,,,,,,,,,,,,,,,,,,,,,,,,,
HP Laptop,iMac,Ailihen Stereo Headphones,AOC Monitor,Microsoft Basic Optical Mouse,ASUS Desktop,,,,,,,,,,,,,,,,,,,,,,,,,,
ViewSonic Monitor,Logitech 3-button Mouse,Smart Light Bulb,iPad Pro ,Rokono Mini Speaker,,,,,,,,,,,,,,,,,,,,,,,,,,,
ViewSonic Monitor,ASUS 2 Monitor,Height-Adjustable Standing Desk,Microsoft Office Home and Student 2016,Belkin Mouse Pad,Fire HD Tablet,Microsoft Wireless Desktop Keyboard and Mouse,,,,,,,,,,,,,,,,,,,,,,,,,
Lenovo Desktop Computer,,,,,,,,,,,,,,,,,,,,,,,,,,,,,,,
HP Laptop,Slim 2TB Portable External Hard Drive,Apple Wired Keyboard,Microsoft Office Home and Student 2016,CYBERPOWER Gamer Desktop,3-Button Mouse,,,,,,,,,,,,,,,,,,,,,,,,,,
Lenovo Desktop Computer,Slim 2TB Portable External Hard Drive,,,,,,,,,,,,,,,,,,,,,,,,,,,,,,
Monster Beats By Dr Dre,iMac,Fire HD Tablet,Microsoft Wireless Desktop Keyboard and Mouse,,,,,,,,,,,,,,,,,,,,,,,,,,,,
Dell Desktop,ViewSonic Monitor,HP Laptop,Apple MacBook Pro,Apple Earpods,Apple MacBook Air,Computer Game,Dell Laptop,Brother Printer,,,,,,,,,,,,,,,,,,,,,,,
Dell Desktop,CYBERPOWER Gamer Desktop,Fire HD Tablet,,,,,,,,,,,,,,,,,,,,,,,,,,,,,
Eluktronics Pro Gaming Laptop,,,,,,,,,,,,,,,,,,,,,,,,,,,,,,,
Belkin Mouse Pad,HP Monitor,,,,,,,,,,,,,,,,,,,,,,,,,,,,,,
Apple MacBook Air,iPhone Charger Cable,Dell KM117 Wireless Keyboard & Mouse,,,,,,,,,,,,,,,,,,,,,,,,,,,,,
Apple MacBook Air,,,,,,,,,,,,,,,,,,,,,,,,,,,,,,,
iMac,CYBERPOWER Gamer Desktop,Apple Wireless Keyboard,HP Monitor,,,,,,,,,,,,,,,,,,,,,,,,,,,,
CYBERPOWER Gamer Desktop,,,,,,,,,,,,,,,,,,,,,,,,,,,,,,,
ASUS Monitor,Height-Adjustable Standing Desk,Apple Wireless Keyboard,,,,,,,,,,,,,,,,,,,,,,,,,,,,,
Eluktronics Pro Gaming Laptop,Dell Desktop,Logitech MK550 Wireless Wave Keyboard and Mouse Combo,LG Touchscreen Laptop,Microsoft Wireless Desktop Keyboard and Mouse,,,,,,,,,,,,,,,,,,,,,,,,,,,
Microsoft Headset,,,,,,,,,,,,,,,,,,,,,,,,,,,,,,,
Samsung Monitor,Otium Wireless Sports Bluetooth Headphone,Acer Aspire,Lenovo Desktop Computer,Sonos,CYBERPOWER Gamer Desktop,Logitech 3-button Mouse,Microsoft Basic Optical Mouse,HDMI Adapter,iPhone Charger Cable,Backlit LED Gaming Keyboard,,,,,,,,,,,,,,,,,,,,,
iPhone Charger Cable,,,,,,,,,,,,,,,,,,,,,,,,,,,,,,,
Logitech MK270 Wireless Keyboard and Mouse Combo,Slim Wireless Mouse,HP Desktop,iPad,,,,,,,,,,,,,,,,,,,,,,,,,,,,
Apple MacBook Air,,,,,,,,,,,,,,,,,,,,,,,,,,,,,,,
Apple MacBook Air,,,,,,,,,,,,,,,,,,,,,,,,,,,,,,,
HP Laptop,Fire TV Stick,,,,,,,,,,,,,,,,,,,,,,,,,,,,,,
HDMI Cable 6ft,ASUS 2 Monitor,HP Wireless Printer,Slim 2TB Portable External Hard Drive,Bose Companion Speakers, Intel Desktop ,Logitech 3-button Mouse,Fire HD Tablet,Fire TV Stick,,,,,,,,,,,,,,,,,,,,,,,
Samsung Monitor,Slim Wireless Mouse,PC Gaming Headset,,,,,,,,,,,,,,,,,,,,,,,,,,,,,
ASUS Chromebook,HP Laptop,Alienware Laptop,Computer Game,EagleTec Wireless Combo Keyboard and Mouse,,,,,,,,,,,,,,,,,,,,,,,,,,,
Dell Laptop,,,,,,,,,,,,,,,,,,,,,,,,,,,,,,,
ASUS Monitor,,,,,,,,,,,,,,,,,,,,,,,,,,,,,,,
Brother Printer Toner,Apple MacBook Pro,,,,,,,,,,,,,,,,,,,,,,,,,,,,,,
Apple Wireless Keyboard,Halter Mesh Metal Monitor Stand,,,,,,,,,,,,,,,,,,,,,,,,,,,,,,
Acer Desktop,ViewSonic Monitor,Bose Companion Speakers,Logitech Keyboard,Microsoft Office Home and Student 2016,Belkin Mouse Pad,Microsoft Basic Optical Mouse,,,,,,,,,,,,,,,,,,,,,,,,,
Eluktronics Pro Gaming Laptop,Computer Game, Intel Desktop ,Logitech 3-button Mouse,3-Button Mouse,Dell Desktop,Generic Black 3-Button,APIE Bluetooth Headphone,,,,,,,,,,,,,,,,,,,,,,,,
CYBERPOWER Gamer Desktop,3-Button Mouse,iPad Pro ,Backlit LED Gaming Keyboard,,,,,,,,,,,,,,,,,,,,,,,,,,,,
ViewSonic Monitor,,,,,,,,,,,,,,,,,,,,,,,,,,,,,,,
LG Monitor,iMac,HP Wireless Printer,,,,,,,,,,,,,,,,,,,,,,,,,,,,,
HP Laptop,AOC Monitor,3-Button Mouse,Microsoft Wireless Desktop Keyboard and Mouse,,,,,,,,,,,,,,,,,,,,,,,,,,,,
HP Wireless Mouse,ASUS Monitor,AOC Monitor,,,,,,,,,,,,,,,,,,,,,,,,,,,,,
Acer Desktop,,,,,,,,,,,,,,,,,,,,,,,,,,,,,,,
Apple MacBook Air,,,,,,,,,,,,,,,,,,,,,,,,,,,,,,,
Acer Aspire,Computer Game,Logitech MK550 Wireless Wave Keyboard and Mouse Combo,Google Home,Epson Printer,Logitech Keyboard,Microsoft Office Home and Student 2016,CYBERPOWER Gamer Desktop,,,,,,,,,,,,,,,,,,,,,,,,
Wireless Portable Mouse,,,,,,,,,,,,,,,,,,,,,,,,,,,,,,,
ViewSonic Monitor,iMac,,,,,,,,,,,,,,,,,,,,,,,,,,,,,,
Lenovo Desktop Computer,,,,,,,,,,,,,,,,,,,,,,,,,,,,,,,
Dell 2 Desktop,,,,,,,,,,,,,,,,,,,,,,,,,,,,,,,
Samsung Monitor,ViewSonic Monitor,iMac,HP Monitor,Microsoft Wireless Comfort Keyboard and Mouse,iPad,,,,,,,,,,,,,,,,,,,,,,,,,,
Acer Aspire,HP Laptop,Epson Printer,Dell Desktop,,,,,,,,,,,,,,,,,,,,,,,,,,,,
Bose Companion Speakers,Logitech 3-button Mouse,,,,,,,,,,,,,,,,,,,,,,,,,,,,,,
Kensington Headphones ,,,,,,,,,,,,,,,,,,,,,,,,,,,,,,,
Redragon Gaming Mouse,Apple MacBook Air,,,,,,,,,,,,,,,,,,,,,,,,,,,,,,
Apple MacBook Air,,,,,,,,,,,,,,,,,,,,,,,,,,,,,,,
Apple MacBook Air,,,,,,,,,,,,,,,,,,,,,,,,,,,,,,,
HP Monitor,,,,,,,,,,,,,,,,,,,,,,,,,,,,,,,
LG Monitor,Dell Desktop,ViewSonic Monitor,Belkin Mouse Pad,Apple Earpods,Apple MacBook Air,Wireless Portable Mouse,,,,,,,,,,,,,,,,,,,,,,,,,
Acer Monitor,AOC Monitor,Belkin Mouse Pad,,,,,,,,,,,,,,,,,,,,,,,,,,,,,
Samsung Monitor,HP Wireless Mouse,Acer Aspire,,,,,,,,,,,,,,,,,,,,,,,,,,,,,
LG Monitor,Acer Aspire,Dell Desktop,iMac,Epson Printer,Microsoft Office Home and Student 2016,,Full Motion Monitor Mount,Dell KM117 Wireless Keyboard & Mouse,Logitech ClearChat Headset,iPad Pro ,,,,,,,,,,,,,,,,,,,,,
iPhone Charger Cable,,,,,,,,,,,,,,,,,,,,,,,,,,,,,,,
Cambridge Bluetooth Speaker,Apple TV,,,,,,,,,,,,,,,,,,,,,,,,,,,,,,
ASUS Chromebook,HP Laptop,,,,,,,,,,,,,,,,,,,,,,,,,,,,,,
Acer Monitor,HP Laptop,Dell KM117 Wireless Keyboard & Mouse,Microsoft Wireless Desktop Keyboard and Mouse,,,,,,,,,,,,,,,,,,,,,,,,,,,,
Acer Monitor,Dell Desktop,Computer Game,HP Wireless Printer,Sonos,JBL Splashproof Portable Bluetooth Speaker,Sceptre Monitor,,,,,,,,,,,,,,,,,,,,,,,,,
HP Wireless Printer,Monster Beats By Dr Dre,Dell Laptop,,,,,,,,,,,,,,,,,,,,,,,,,,,,,
ViewSonic Monitor,HP Laptop,,,,,,,,,,,,,,,,,,,,,,,,,,,,,,
Samsung Monitor,Acer Aspire,Dell Desktop,Acer Desktop,Lenovo Desktop Computer,3-Button Mouse,Apple MacBook Pro,ASUS Desktop,,,,,,,,,,,,,,,,,,,,,,,,
ASUS Monitor,,,,,,,,,,,,,,,,,,,,,,,,,,,,,,,
HP Laptop,,,,,,,,,,,,,,,,,,,,,,,,,,,,,,,
iMac,Koss Home Headphones,CYBERPOWER Gamer Desktop,Logitech 3-button Mouse,,,,,,,,,,,,,,,,,,,,,,,,,,,,
Acer Monitor,CYBERPOWER Gamer Desktop,Apple Earpods,HP Monitor,Microsoft Wireless Desktop Keyboard and Mouse,,,,,,,,,,,,,,,,,,,,,,,,,,,
Apple MacBook Pro,LG Touchscreen Laptop,,,,,,,,,,,,,,,,,,,,,,,,,,,,,,
Acer Desktop,CYBERPOWER Gamer Desktop,Computer Game,PC Gaming Headset,Logitech Keyboard,Microsoft Wireless Desktop Keyboard and Mouse,,,,,,,,,,,,,,,,,,,,,,,,,,
CYBERPOWER Gamer Desktop,,,,,,,,,,,,,,,,,,,,,,,,,,,,,,,
Dell Desktop,Acer Desktop,,,,,,,,,,,,,,,,,,,,,,,,,,,,,,
HP Laptop,Lenovo Desktop Computer,Dell Laptop,,,,,,,,,,,,,,,,,,,,,,,,,,,,,
Otium Wireless Sports Bluetooth Headphone,CYBERPOWER Gamer Desktop,3-Button Mouse,,,,,,,,,,,,,,,,,,,,,,,,,,,,,
Apple MacBook Air,iPhone Charger Cable,,,,,,,,,,,,,,,,,,,,,,,,,,,,,,
APIE Bluetooth Headphone,Apple Earpods,Apple MacBook Air,Logitech Stereo Headset ,iPad,,,,,,,,,,,,,,,,,,,,,,,,,,,
CYBERPOWER Gamer Desktop,HP Monitor,Apple MacBook Air,Apple MacBook Air,Dell Laptop,,,,,,,,,,,,,,,,,,,,,,,,,,,
ViewSonic Monitor,HP Laptop,Full Motion Monitor Mount,Microsoft Wireless Desktop Keyboard and Mouse,,,,,,,,,,,,,,,,,,,,,,,,,,,,
HDMI Cable 6ft,iMac,Lenovo Desktop Computer,Apple Earpods,Dell KM117 Wireless Keyboard & Mouse,,,,,,,,,,,,,,,,,,,,,,,,,,,
CYBERPOWER Gamer Desktop,Apple Wireless Keyboard,,,,,,,,,,,,,,,,,,,,,,,,,,,,,,
CYBERPOWER Gamer Desktop,Apple Wireless Keyboard,Apple MacBook Pro,,,,,,,,,,,,,,,,,,,,,,,,,,,,,
Bose Companion Speakers,Smart Light Bulb,,,,,,,,,,,,,,,,,,,,,,,,,,,,,,
Acer Monitor,iMac,CYBERPOWER Gamer Desktop,Apple Wireless Keyboard,Slim Wireless Mouse,Multi Media Stand,,,,,,,,,,,,,,,,,,,,,,,,,,
iMac,Microsoft Office Home and Student 2016,Apple Earpods,Apple MacBook Air,Large Mouse Pad,Microsoft Wireless Desktop Keyboard and Mouse,,,,,,,,,,,,,,,,,,,,,,,,,,
iMac,Alienware Laptop,HP Desktop,,,,,,,,,,,,,,,,,,,,,,,,,,,,,
Acer Aspire,ViewSonic Monitor,Computer Game,HP Laptop,,,,,,,,,,,,,,,,,,,,,,,,,,,,
HP Laptop,,,,,,,,,,,,,,,,,,,,,,,,,,,,,,,
Microsoft Wireless Comfort Keyboard and Mouse,HP Desktop,iPad,,,,,,,,,,,,,,,,,,,,,,,,,,,,,
Apple MacBook Air,,,,,,,,,,,,,,,,,,,,,,,,,,,,,,,
LG Monitor,Dell Desktop,iMac,ASUS Monitor,HP Wireless Printer,Lenovo Desktop Computer,Epson Printer,Cambridge Bluetooth Speaker,HP Wireless Mouse,Apple Wireless Keyboard,HP Monitor,Dell Laptop,DYMO Label Manker  ,Multi Media Stand,Backlit LED Gaming Keyboard,,,,,,,,,,,,,,,,,
HP Wireless Mouse,Dell Desktop,Acer Desktop,HP Laptop,Lenovo Desktop Computer,Koss Home Headphones,Microsoft Office Home and Student 2016,Monster Beats By Dr Dre ,HP Monitor,Apple TV,,,,,,,,,,,,,,,,,,,,,,
Bose Companion Speakers,,,,,,,,,,,,,,,,,,,,,,,,,,,,,,,
Kindle ,HP Desktop,,,,,,,,,,,,,,,,,,,,,,,,,,,,,,
HP Laptop,iMac,ASUS Monitor,Google Home,Epson Printer,Brother Printer Toner,Logitech Keyboard,,,,,,,,,,,,,,,,,,,,,,,,,
Acer Desktop,HP Laptop,iMac,Epson Printer,Microsoft Office Home and Student 2016,Microsoft Wireless Desktop Keyboard and Mouse,,,,,,,,,,,,,,,,,,,,,,,,,,
Apple MacBook Air,,,,,,,,,,,,,,,,,,,,,,,,,,,,,,,
Samsung Monitor,HP Wireless Mouse,ASUS Chromebook,HP Laptop,ASUS Monitor,HP Wireless Printer,Apple Magic Keyboard,Bose Companion Speakers,Koss Home Headphones,Cambridge Bluetooth Speaker,Logitech 3-button Mouse,Cyber Acoustics,Etekcity Power Extension Cord Cable,Audio Cable,Panasonic On-Ear Stereo Headphones,Microsoft Basic Optical Mouse,HP Desktop,,,,,,,,,,,,,,,
Apple MacBook Air,iPad Pro ,,,,,,,,,,,,,,,,,,,,,,,,,,,,,,
HP Laptop,,,,,,,,,,,,,,,,,,,,,,,,,,,,,,,
HP Laptop,Apple Magic Keyboard, Intel Desktop ,CYBERPOWER Gamer Desktop,Apple Wireless Keyboard,,,,,,,,,,,,,,,,,,,,,,,,,,,
iMac,HP Wireless Printer,Etekcity Power Extension Cord Cable,,,,,,,,,,,,,,,,,,,,,,,,,,,,,
Lenovo Desktop Computer,,,,,,,,,,,,,,,,,,,,,,,,,,,,,,,
ASUS Monitor,Lenovo Desktop Computer,CYBERPOWER Gamer Desktop,Apple Earpods,,,,,,,,,,,,,,,,,,,,,,,,,,,,
Apple MacBook Air,,,,,,,,,,,,,,,,,,,,,,,,,,,,,,,
Acer Desktop,Apple MacBook Air,,,,,,,,,,,,,,,,,,,,,,,,,,,,,,
CYBERPOWER Gamer Desktop,ASUS Desktop,iPad,Microsoft Wireless Desktop Keyboard and Mouse,,,,,,,,,,,,,,,,,,,,,,,,,,,,
Apple MacBook Air,,,,,,,,,,,,,,,,,,,,,,,,,,,,,,,
CYBERPOWER Gamer Desktop,Apple MacBook Air,,,,,,,,,,,,,,,,,,,,,,,,,,,,,,
CYBERPOWER Gamer Desktop,Apple Earpods,HP Monitor,,,,,,,,,,,,,,,,,,,,,,,,,,,,,
Acer Desktop,Computer Game,iMac,Lenovo Desktop Computer,Epson Printer,Ailihen Stereo Headphones,CYBERPOWER Gamer Desktop,Brother Printer Toner,Belkin Mouse Pad,Apple MacBook Air,,,,,,,,,,,,,,,,,,,,,,
LG Monitor,Acer Aspire,Dell Desktop,Apple Wired Keyboard,Apple MacBook Pro,,,,,,,,,,,,,,,,,,,,,,,,,,,
Acer Monitor,LG Monitor,Lenovo Desktop Computer,Koss Home Headphones,Dell Desktop,Apple MacBook Pro,Apple Earpods,HP Monitor,Microsoft Wireless Desktop Keyboard and Mouse,,,,,,,,,,,,,,,,,,,,,,,
Samsung Monitor,Apple Earpods,Apple MacBook Air,,,,,,,,,,,,,,,,,,,,,,,,,,,,,
Acer Aspire,HP Wireless Printer,Backlit LED Gaming Keyboard,,,,,,,,,,,,,,,,,,,,,,,,,,,,,
Logitech 3-button Mouse,HP USB Keyboard ,Apple MacBook Air,,,,,,,,,,,,,,,,,,,,,,,,,,,,,
Apple Earpods,,,,,,,,,,,,,,,,,,,,,,,,,,,,,,,
Apple MacBook Air,,,,,,,,,,,,,,,,,,,,,,,,,,,,,,,
Apple MacBook Pro,,,,,,,,,,,,,,,,,,,,,,,,,,,,,,,
LG Monitor,ASUS Chromebook,,,,,,,,,,,,,,,,,,,,,,,,,,,,,,
Cambridge Bluetooth Speaker,Apple Earpods,,,,,,,,,,,,,,,,,,,,,,,,,,,,,,
HP Wireless Mouse,ViewSonic Monitor,iMac,CYBERPOWER Gamer Desktop,Logitech 3-button Mouse,,,,,,,,,,,,,,,,,,,,,,,,,,,
CYBERPOWER Gamer Desktop,Dell KM117 Wireless Keyboard & Mouse,Rokono Mini Speaker,,,,,,,,,,,,,,,,,,,,,,,,,,,,,
LG Monitor,Acer Aspire,ViewSonic Monitor,iMac,Apple MacBook Pro,Apple TV,,,,,,,,,,,,,,,,,,,,,,,,,,
Samsung Monitor,Logitech 3-button Mouse,Belkin Mouse Pad,Apple MacBook Air,,,,,,,,,,,,,,,,,,,,,,,,,,,,
CYBERPOWER Gamer Desktop,,,,,,,,,,,,,,,,,,,,,,,,,,,,,,,
Apple Earpods,,,,,,,,,,,,,,,,,,,,,,,,,,,,,,,
ViewSonic Monitor,HP Laptop,iMac,,,,,,,,,,,,,,,,,,,,,,,,,,,,,
Slim 2TB Portable External Hard Drive,,,,,,,,,,,,,,,,,,,,,,,,,,,,,,,
Samsung Monitor,Eluktronics Pro Gaming Laptop,Dell Desktop,Acer Desktop,iMac,Slim 2TB Portable External Hard Drive,Epson Printer,Cambridge Bluetooth Speaker,AOC Monitor,Cyber Acoustics,Microsoft Basic Optical Mouse,Fire TV Stick,Apple MacBook Pro,HP Monitor,ASUS Desktop,HP Desktop,Zombie Gaming Headset,Backlit LED Gaming Keyboard,,,,,,,,,,,,,,
Acer Monitor,Dell Desktop,HP Laptop,iMac,CYBERPOWER Gamer Desktop,APIE Bluetooth Headphone,Apple Earpods,HP Monitor,,,,,,,,,,,,,,,,,,,,,,,,
Bose Companion Speakers,Apple MacBook Air,Large Mouse Pad,JBL Splashproof Portable Bluetooth Speaker,,,,,,,,,,,,,,,,,,,,,,,,,,,,
iMac,ASUS 2 Monitor,Lenovo Desktop Computer,Belkin Mouse Pad,,,,,,,,,,,,,,,,,,,,,,,,,,,,
iMac,Microsoft Office Home and Student 2016,Backlit LED Gaming Keyboard,,,,,,,,,,,,,,,,,,,,,,,,,,,,,
Samsung Monitor,Lenovo Desktop Computer,CYBERPOWER Gamer Desktop,Apple MacBook Pro,Apple Earpods,,,,,,,,,,,,,,,,,,,,,,,,,,,
Apple MacBook Air,,,,,,,,,,,,,,,,,,,,,,,,,,,,,,,
Samsung Monitor,ASUS Chromebook,Dell Desktop,Acer Desktop,Dell 2 Desktop,ViewSonic Monitor,HP Laptop,iMac,Fire HD Tablet,Sceptre Monitor,,,,,,,,,,,,,,,,,,,,,,
ASUS Chromebook,HP Laptop,CYBERPOWER Gamer Desktop,Apple MacBook Air,,,,,,,,,,,,,,,,,,,,,,,,,,,,
Smart Light Bulb,Apple Wireless Keyboard,Rokono Mini Speaker,,,,,,,,,,,,,,,,,,,,,,,,,,,,,
Apple MacBook Air,,,,,,,,,,,,,,,,,,,,,,,,,,,,,,,
Acer Monitor,ASUS Chromebook,HP Laptop,iMac,ASUS Monitor,Lenovo Desktop Computer,Koss Home Headphones,3-Button Mouse,Etekcity Power Extension Cord Cable,Apple Wireless Keyboard,Apple MacBook Pro,Apple Earpods,Rii LED Keyboard,HP Desktop,Zombie Gaming Headset,Brother Printer,JBL Splashproof Portable Bluetooth Speaker,,,,,,,,,,,,,,,
Otium Wireless Sports Bluetooth Headphone,HP Wireless Mouse,Eluktronics Pro Gaming Laptop,Acer Aspire,iMac,ASUS Monitor,Alienware Laptop,Lenovo Desktop Computer,Koss Home Headphones,Epson Printer,Microsoft Office Home and Student 2016,CYBERPOWER Gamer Desktop,HP Monitor,PC Gaming Headset,,,,,,,,,,,,,,,,,,
Lenovo Desktop Computer,HP Monitor,JBL Splashproof Portable Bluetooth Speaker,,,,,,,,,,,,,,,,,,,,,,,,,,,,,
Samsung Monitor,Apple Earpods,Apple MacBook Air,Microsoft Headset,,,,,,,,,,,,,,,,,,,,,,,,,,,,
ViewSonic Monitor,Computer Game,iMac,Apple MacBook Pro,,,,,,,,,,,,,,,,,,,,,,,,,,,,
Apple MacBook Air,,,,,,,,,,,,,,,,,,,,,,,,,,,,,,,
Apple MacBook Air,,,,,,,,,,,,,,,,,,,,,,,,,,,,,,,
Dell Desktop, Intel Desktop ,Height-Adjustable Standing Desk,CYBERPOWER Gamer Desktop,AOC Monitor,VGA Monitor Cable,Smart Light Bulb,Halter Acrylic Monitor Stand,ASUS Desktop,,,,,,,,,,,,,,,,,,,,,,,
Dell Desktop,HP Laptop,iMac,ASUS 2 Monitor,Lenovo Desktop Computer,Epson Printer,Logitech Keyboard,CYBERPOWER Gamer Desktop,Apple Earpods,Large Mouse Pad,Wireless Portable Mouse,iPad,PC Gaming Headset,Sceptre Monitor,,,,,,,,,,,,,,,,,,
Acer Aspire,Dell Desktop,Acer Desktop,iMac,Alienware Laptop,,,,,,,,,,,,,,,,,,,,,,,,,,,
HP Wireless Mouse,Eluktronics Pro Gaming Laptop,Acer Aspire,HP Laptop,Apple Wireless Keyboard,,,,,,,,,,,,,,,,,,,,,,,,,,,
HP Wireless Printer,Lenovo Desktop Computer,Bose Companion Speakers, Intel Desktop ,Epson Printer,CYBERPOWER Gamer Desktop,Apple MacBook Pro,iPad Pro ,,,,,,,,,,,,,,,,,,,,,,,,
HP Laptop,Lenovo Desktop Computer,,,,,,,,,,,,,,,,,,,,,,,,,,,,,,
HP Laptop,Apple Magic Keyboard,,,,,,,,,,,,,,,,,,,,,,,,,,,,,,
Computer Game,Redragon Gaming Mouse,APIE Bluetooth Headphone,Microsoft Wireless Comfort Keyboard and Mouse,DYMO Label Manker  ,,,,,,,,,,,,,,,,,,,,,,,,,,,
Epson Printer,Belkin Mouse Pad,Microsoft Basic Optical Mouse,,,,,,,,,,,,,,,,,,,,,,,,,,,,,
HP Wireless Mouse,Eluktronics Pro Gaming Laptop,Acer Desktop,HP Laptop,Bose Companion Speakers,Panasonic In-Ear Headphone ,Google Home,HP USB Keyboard ,Apple Wireless Keyboard,Kindle ,USB Cable,Logitech Keyboard,,,,,,,,,,,,,,,,,,,,
HP Wireless Mouse,Acer Desktop,iMac,Apple Magic Keyboard,Belkin Mouse Pad,Backlit LED Gaming Keyboard,Halter Mesh Metal Monitor Stand,,,,,,,,,,,,,,,,,,,,,,,,,
Computer Game,Apple MacBook Air,Microsoft Wireless Desktop Keyboard and Mouse,,,,,,,,,,,,,,,,,,,,,,,,,,,,,
Otium Wireless Sports Bluetooth Headphone,HP Wireless Mouse,LG Monitor,ViewSonic Monitor,iMac,CYBERPOWER Gamer Desktop,Zombie Gaming Headset,,,,,,,,,,,,,,,,,,,,,,,,,
HDMI Cable 6ft,HP Wireless Mouse,Logitech Desktop MK120 Mouse and keyboard Combo,ASUS Chromebook,Computer Game,iMac,ASUS Monitor,Dell Monitor,Microsoft Office Home and Student 2016,3-Button Mouse,Lenovo Desktop Computer,Dell Desktop,HDMI Adapter,Apple Wireless Keyboard,,,,,,,,,,,,,,,,,,
Acer Aspire,Acer Desktop,iMac,Panasonic In-Ear Headphone ,Slim Wireless Mouse,,,,,,,,,,,,,,,,,,,,,,,,,,,
Lenovo Desktop Computer,,,,,,,,,,,,,,,,,,,,,,,,,,,,,,,
Acer Monitor,HP Wireless Mouse,Logitech Desktop MK120 Mouse and keyboard Combo,ASUS Chromebook,iMac,Logitech 3-button Mouse,3-Button Mouse,Apple MacBook Pro,,,,,,,,,,,,,,,,,,,,,,,,
JBL Splashproof Portable Bluetooth Speaker,,,,,,,,,,,,,,,,,,,,,,,,,,,,,,,
LG Monitor,Acer Desktop,ASUS 2 Monitor,Monster Beats By Dr Dre ,Belkin Mouse Pad,Computer Game,Apple Wireless Keyboard,iPad Pro ,Backlit LED Gaming Keyboard,,,,,,,,,,,,,,,,,,,,,,,
Alienware Laptop,Bose Companion Speakers, Intel Desktop ,Apple Wired Keyboard,Logitech 3-button Mouse,Apple Wireless Keyboard,,,,,,,,,,,,,,,,,,,,,,,,,,
Apple Wireless Keyboard,Logitech Keyboard,,,,,,,,,,,,,,,,,,,,,,,,,,,,,,
HP Wireless Mouse,Dell Desktop,Ailihen Stereo Headphones,Microsoft Office Home and Student 2016,Monster Beats By Dr Dre ,PC Gaming Headset,Apple TV,,,,,,,,,,,,,,,,,,,,,,,,,
Acer Desktop,ViewSonic Monitor,HP Laptop,iMac,,,,,,,,,,,,,,,,,,,,,,,,,,,,
Apple Earpods,,,,,,,,,,,,,,,,,,,,,,,,,,,,,,,
Lenovo Desktop Computer,CYBERPOWER Gamer Desktop,,,,,,,,,,,,,,,,,,,,,,,,,,,,,,
Dell 2 Desktop,ViewSonic Monitor,Lenovo Desktop Computer,Apple Magic Keyboard,Audio Cable,LG Touchscreen Laptop,Multi Media Stand,,,,,,,,,,,,,,,,,,,,,,,,,
Eluktronics Pro Gaming Laptop,Dell Desktop,Lenovo Desktop Computer,Epson Printer,Microsoft Office Home and Student 2016,CYBERPOWER Gamer Desktop,XIBERIA Gaming Headset,Redragon Gaming Mouse,Apple Earpods,Acer Desktop,,,,,,,,,,,,,,,,,,,,,,
Apple MacBook Air,,,,,,,,,,,,,,,,,,,,,,,,,,,,,,,
Logitech Desktop MK120 Mouse and keyboard Combo,Dell Desktop,ViewSonic Monitor,HP Laptop,ASUS 2 Monitor,Apple Magic Keyboard,Large Mouse Pad,,,,,,,,,,,,,,,,,,,,,,,,,
Slim 2TB Portable External Hard Drive,Apple Earpods,,,,,,,,,,,,,,,,,,,,,,,,,,,,,,
Apple MacBook Air,,,,,,,,,,,,,,,,,,,,,,,,,,,,,,,
3-Button Mouse,Apple Earpods,,,,,,,,,,,,,,,,,,,,,,,,,,,,,,
Acer Desktop,HP Laptop,iMac,,,,,,,,,,,,,,,,,,,,,,,,,,,,,
iMac,Apple Magic Keyboard,CYBERPOWER Gamer Desktop,Logitech Keyboard,,,,,,,,,,,,,,,,,,,,,,,,,,,,
Eluktronics Pro Gaming Laptop,ViewSonic Monitor,iMac,CYBERPOWER Gamer Desktop,ASUS Desktop,Wireless Portable Mouse,,,,,,,,,,,,,,,,,,,,,,,,,,
Dell Laptop,,,,,,,,,,,,,,,,,,,,,,,,,,,,,,,
HP Laptop,iMac,Lenovo Desktop Computer,Apple MacBook Pro,,,,,,,,,,,,,,,,,,,,,,,,,,,,
Etekcity Power Extension Cord Cable,Apple MacBook Pro,ASUS Desktop,,,,,,,,,,,,,,,,,,,,,,,,,,,,,
ASUS Chromebook,Acer Aspire,Dell Desktop,iMac,Lenovo Desktop Computer,Belkin Mouse Pad,Audio Cable,Fire HD Tablet,Full Motion Monitor Mount,iPad Pro ,,,,,,,,,,,,,,,,,,,,,,
Apple MacBook Pro,,,,,,,,,,,,,,,,,,,,,,,,,,,,,,,
Samsung Monitor,ViewSonic Monitor,ASUS 2 Monitor,Lenovo Desktop Computer,Apple Magic Keyboard,Panasonic In-Ear Headphone ,Dell Wired Keyboard,Microsoft Office Home and Student 2016,Etekcity Power Extension Cord Cable,Logitech MK360 Wireless Keyboard and Mouse Combo,Apple Earpods,Dell KM117 Wireless Keyboard & Mouse,iPad,Backlit LED Gaming Keyboard,,,,,,,,,,,,,,,,,,
Samsung Monitor,Bose Companion Speakers,Rii LED Gaming Keyboard & Mouse Combo ,Halter Mesh Metal Monitor Stand,,,,,,,,,,,,,,,,,,,,,,,,,,,,
LG Monitor,ASUS Monitor,ASUS 2 Monitor,Epson Printer,Belkin Mouse Pad,Dell Desktop,Microsoft Headset,iPad Pro ,Backlit LED Gaming Keyboard,,,,,,,,,,,,,,,,,,,,,,,
Acer Monitor,Otium Wireless Sports Bluetooth Headphone,,,,,,,,,,,,,,,,,,,,,,,,,,,,,,
Apple Magic Keyboard,,,,,,,,,,,,,,,,,,,,,,,,,,,,,,,
Apple MacBook Air,Dell KM117 Wireless Keyboard & Mouse,,,,,,,,,,,,,,,,,,,,,,,,,,,,,,
LG Monitor,ViewSonic Monitor,HP Laptop,Height-Adjustable Standing Desk,Microsoft Office Home and Student 2016,CYBERPOWER Gamer Desktop,Fire HD Tablet,HP Monitor,Microsoft Headset,JBL Splashproof Portable Bluetooth Speaker,,,,,,,,,,,,,,,,,,,,,,
iMac,CYBERPOWER Gamer Desktop,Brother Printer Toner,,,,,,,,,,,,,,,,,,,,,,,,,,,,,
HP Laptop,iMac,ASUS Monitor,AOC Monitor,Full Motion Monitor Mount,Apple Earpods,Logitech Stereo Headset ,Rii LED Keyboard,Dell Laptop,,,,,,,,,,,,,,,,,,,,,,,
iMac,CYBERPOWER Gamer Desktop,Apple Wireless Keyboard,,,,,,,,,,,,,,,,,,,,,,,,,,,,,
Acer Aspire,ViewSonic Monitor,Computer Game,HP Laptop,Microsoft Office Home and Student 2016,AOC Monitor,Rii LED Keyboard,,,,,,,,,,,,,,,,,,,,,,,,,
HP Laptop,iMac,CYBERPOWER Gamer Desktop,Logitech 3-button Mouse,Apple Earpods,Brother Printer,Backlit LED Gaming Keyboard,,,,,,,,,,,,,,,,,,,,,,,,,
HP Laptop,iMac,ASUS 2 Monitor,Epson Printer,Logitech Keyboard,Acer Desktop,Philips Flexible Earhook Headphone,ASUS Desktop,Backlit LED Gaming Keyboard,,,,,,,,,,,,,,,,,,,,,,,
ASUS Chromebook,ViewSonic Monitor,HP Black & Tri-color Ink ,HP Laptop,iMac,ASUS Monitor,ASUS 2 Monitor,Apple Magic Keyboard,CYBERPOWER Gamer Desktop,3-Button Mouse,Belkin Mouse Pad,,,,,,,,,,,,,,,,,,,,,
Otium Wireless Sports Bluetooth Headphone,HP Wireless Mouse,HP Laptop,Alienware Laptop,Lenovo Desktop Computer,Monster Beats By Dr Dre ,Rii LED Gaming Keyboard & Mouse Combo ,Redragon Gaming Mouse,Apple Earpods,JBL Splashproof Portable Bluetooth Speaker,,,,,,,,,,,,,,,,,,,,,,
Samsung Monitor,Epson Printer,Cambridge Bluetooth Speaker,Microsoft Basic Optical Mouse,Apple Wireless Keyboard,,,,,,,,,,,,,,,,,,,,,,,,,,,
Acer Desktop,Cyber Acoustics,Etekcity Power Extension Cord Cable,Microsoft Wireless Desktop Keyboard and Mouse,,,,,,,,,,,,,,,,,,,,,,,,,,,,
ASUS Chromebook,ViewSonic Monitor,Epson Printer,Dell Monitor,AOC Monitor,Zombie Gaming Headset,,,,,,,,,,,,,,,,,,,,,,,,,,
HP Wireless Mouse,Eluktronics Pro Gaming Laptop,HP Black & Tri-color Ink ,Bose Companion Speakers, Intel Desktop ,Epson Printer,Apple Earpods,Apple TV,Logitech Keyboard,,,,,,,,,,,,,,,,,,,,,,,
Apple MacBook Air,,,,,,,,,,,,,,,,,,,,,,,,,,,,,,,
Samsung Monitor,Acer Desktop,Lenovo Desktop Computer,AOC Monitor,Apple Earpods,,,,,,,,,,,,,,,,,,,,,,,,,,,
iMac,Alienware Laptop,CYBERPOWER Gamer Desktop,Belkin Mouse Pad,Apple MacBook Pro,HP Monitor,,,,,,,,,,,,,,,,,,,,,,,,,,
iMac,CYBERPOWER Gamer Desktop,Apple MacBook Air,,,,,,,,,,,,,,,,,,,,,,,,,,,,,
Samsung Monitor,Eluktronics Pro Gaming Laptop,iPhone Charger Cable,Apple Wired Keyboard,Halter Acrylic Monitor Stand,iPad Pro ,,,,,,,,,,,,,,,,,,,,,,,,,,
Apple Wireless Keyboard,Apple Earpods,,,,,,,,,,,,,,,,,,,,,,,,,,,,,,
5TB Desktop Hard Drive,CYBERPOWER Gamer Desktop,,,,,,,,,,,,,,,,,,,,,,,,,,,,,,
Samsung Monitor,ASUS 2 Monitor,Lenovo Desktop Computer, Intel Desktop ,Logitech 3-button Mouse,3-Button Mouse,Apple Wireless Keyboard,PC Gaming Headset,iPad Pro ,,,,,,,,,,,,,,,,,,,,,,,
Apple Wireless Keyboard,,,,,,,,,,,,,,,,,,,,,,,,,,,,,,,
HP Wireless Mouse,LG Monitor,Acer Aspire,ViewSonic Monitor,HP Black & Tri-color Ink ,HP Laptop,iMac,ASUS Monitor,Logitech Keyboard,Microsoft Office Home and Student 2016,CYBERPOWER Gamer Desktop,Apple MacBook Pro,Apple MacBook Air,,,,,,,,,,,,,,,,,,,
Dell Desktop,HP Laptop,Lenovo Desktop Computer,Microsoft Office Home and Student 2016,CYBERPOWER Gamer Desktop,3-Button Mouse,Brother Printer Toner,3TB Portable External Hard Drive,Etekcity Power Extension Cord Cable,Belkin Mouse Pad,Monster Beats By Dr Dre,Apple Wireless Keyboard,Apple MacBook Pro,Apple Earpods,Logitech Stereo Headset ,Wireless Portable Mouse,Logitech ClearChat Headset,iPad,PC Gaming Headset,,,,,,,,,,,,,
Kensington Headphones ,HP Laptop,iMac,Lenovo Desktop Computer,ASUS 2 Monitor,Logitech 3-button Mouse,3-Button Mouse,Computer Game,Smart Light Bulb,Apple Earpods,Dell Laptop,iPad,PC Gaming Headset,,,,,,,,,,,,,,,,,,,
iMac,Apple MacBook Pro,,,,,,,,,,,,,,,,,,,,,,,,,,,,,,
ASUS Chromebook,ViewSonic Monitor,HP Laptop,Logitech Keyboard,3-Button Mouse,DOSS Touch Wireless Bluetooth,Belkin Mouse Pad,Dell Desktop,Redragon Gaming Mouse,Apple Wireless Keyboard,Apple MacBook Air,DYMO Labeling Tape ,Sceptre Monitor,Logitech Keyboard,,,,,,,,,,,,,,,,,,
Gaming Mouse Professional,iPad Pro ,,,,,,,,,,,,,,,,,,,,,,,,,,,,,,
Apple MacBook Pro,,,,,,,,,,,,,,,,,,,,,,,,,,,,,,,
HP Laptop,HP Notebook Touchscreen Laptop PC,Apple Wireless Keyboard,,,,,,,,,,,,,,,,,,,,,,,,,,,,,
ASUS Chromebook,Acer Aspire,Dell Desktop,HP Laptop,Epson Black Ink,Dell Wired Keyboard,Apple MacBook Pro,Apple Earpods,DYMO Labeling Tape ,,,,,,,,,,,,,,,,,,,,,,,
iMac,,,,,,,,,,,,,,,,,,,,,,,,,,,,,,,
Dell Desktop,ViewSonic Monitor,Panasonic In-Ear Headphone ,Dell Wired Keyboard,Belkin Mouse Pad,Apple MacBook Pro,Apple Earpods,Acer Desktop,,,,,,,,,,,,,,,,,,,,,,,,
iPad,,,,,,,,,,,,,,,,,,,,,,,,,,,,,,,
Samsung Monitor,Koss Home Headphones,CYBERPOWER Gamer Desktop,Apple MacBook Pro,Dell Laptop,,,,,,,,,,,,,,,,,,,,,,,,,,,
Alienware Laptop,Microsoft Office Home and Student 2016,CYBERPOWER Gamer Desktop,Apple Earpods,Dell Laptop,,,,,,,,,,,,,,,,,,,,,,,,,,,
Samsung Monitor,iMac,Logitech Keyboard,Fire HD Tablet,HDMI Adapter,Apple MacBook Pro,Brother Printer,,,,,,,,,,,,,,,,,,,,,,,,,
Acer Monitor,HP Wireless Mouse,LG Monitor,HP Laptop,Lenovo Desktop Computer,Apple Magic Keyboard,Koss Home Headphones,CYBERPOWER Gamer Desktop,Apple Wireless Keyboard,Apple MacBook Pro,iPad Pro ,,,,,,,,,,,,,,,,,,,,,
CYBERPOWER Gamer Desktop,Apple Earpods,HP Monitor,Apple MacBook Air,ASUS Desktop,,,,,,,,,,,,,,,,,,,,,,,,,,,
Apple MacBook Air,,,,,,,,,,,,,,,,,,,,,,,,,,,,,,,
Apple MacBook Air,,,,,,,,,,,,,,,,,,,,,,,,,,,,,,,
iMac,CYBERPOWER Gamer Desktop,HP Notebook Touchscreen Laptop PC,Apple MacBook Pro,,,,,,,,,,,,,,,,,,,,,,,,,,,,
Acer Aspire,iPad,,,,,,,,,,,,,,,,,,,,,,,,,,,,,,
Belkin Mouse Pad,,,,,,,,,,,,,,,,,,,,,,,,,,,,,,,
Samsung Monitor,Acer Aspire,HP Laptop,iMac,Apple Magic Keyboard,Panasonic In-Ear Headphone , Intel Desktop ,Microsoft Office Home and Student 2016,CYBERPOWER Gamer Desktop,3-Button Mouse,Dell Desktop,Smart Light Bulb,,,,,,,,,,,,,,,,,,,,
Samsung Monitor,Backlit LED Gaming Keyboard,,,,,,,,,,,,,,,,,,,,,,,,,,,,,,
HP Wireless Mouse,HP Laptop,iMac,ASUS 2 Monitor,Microsoft Office Home and Student 2016,CYBERPOWER Gamer Desktop,USB Cable,,,,,,,,,,,,,,,,,,,,,,,,,
Microsoft Wireless Desktop Keyboard and Mouse,,,,,,,,,,,,,,,,,,,,,,,,,,,,,,,
Dell Desktop,CYBERPOWER Gamer Desktop,PC Gaming Headset,1TB Portable External Hard Drive,Backlit LED Gaming Keyboard,Microsoft Wireless Desktop Keyboard and Mouse,,,,,,,,,,,,,,,,,,,,,,,,,,
HP Laptop,iMac,Microsoft Office Home and Student 2016,Belkin Mouse Pad,Apple MacBook Pro,HP Monitor,Apple MacBook Air,,,,,,,,,,,,,,,,,,,,,,,,,
ASUS Monitor,Computer Game,,,,,,,,,,,,,,,,,,,,,,,,,,,,,,
ViewSonic Monitor,ASUS Monitor,Belkin Mouse Pad,,,,,,,,,,,,,,,,,,,,,,,,,,,,,
Rokono Mini Speaker,,,,,,,,,,,,,,,,,,,,,,,,,,,,,,,
Samsung Monitor,Logitech Desktop MK120 Mouse and keyboard Combo,Acer Aspire,HP Laptop,iMac,ASUS Monitor,ASUS 2 Monitor,Apple Magic Keyboard,Samsung Charging Cable,Sonos,CYBERPOWER Gamer Desktop,3-Button Mouse,Apple Earpods,Backlit LED Gaming Keyboard,,,,,,,,,,,,,,,,,,
Logitech Desktop MK120 Mouse and keyboard Combo,,,,,,,,,,,,,,,,,,,,,,,,,,,,,,,
Acer Aspire,Lenovo Desktop Computer,Bose Companion Speakers,Microsoft Office Home and Student 2016,CYBERPOWER Gamer Desktop,,,,,,,,,,,,,,,,,,,,,,,,,,,
3-Button Mouse,,,,,,,,,,,,,,,,,,,,,,,,,,,,,,,
LG Monitor,iMac,ASUS 2 Monitor,Apple Magic Keyboard,,,,,,,,,,,,,,,,,,,,,,,,,,,,
Rokono Mini Speaker,,,,,,,,,,,,,,,,,,,,,,,,,,,,,,,
Rokono Mini Speaker,,,,,,,,,,,,,,,,,,,,,,,,,,,,,,,
Acer Monitor,CYBERPOWER Gamer Desktop,,,,,,,,,,,,,,,,,,,,,,,,,,,,,,
Acer Desktop,,,,,,,,,,,,,,,,,,,,,,,,,,,,,,,
ASUS Chromebook,Acer Desktop,Computer Game,iMac,Belkin Mouse Pad,Audio Cable,Apple Earpods,HP Monitor,iPad Pro ,,,,,,,,,,,,,,,,,,,,,,,
iMac,Rii LED Gaming Keyboard & Mouse Combo ,Belkin Mouse Pad,Dell Desktop,,,,,,,,,,,,,,,,,,,,,,,,,,,,
ViewSonic Monitor,iMac,Apple Magic Keyboard,Cambridge Bluetooth Speaker,Rii LED Gaming Keyboard & Mouse Combo ,Etekcity Power Extension Cord Cable,Wireless Portable Mouse,PC Gaming Headset,iPad Pro ,Epson Black Ink,Rokono Mini Speaker,Microsoft Wireless Desktop Keyboard and Mouse,,,,,,,,,,,,,,,,,,,,
Apple MacBook Air,,,,,,,,,,,,,,,,,,,,,,,,,,,,,,,
iMac,Cambridge Bluetooth Speaker,Apple Earpods,iPad Pro ,Multi Media Stand,,,,,,,,,,,,,,,,,,,,,,,,,,,
HP Laptop,Microsoft Headset,,,,,,,,,,,,,,,,,,,,,,,,,,,,,,
iMac,ASUS 2 Monitor,,,,,,,,,,,,,,,,,,,,,,,,,,,,,,
Kensington Headphones ,ASUS Chromebook,Acer Aspire,Acer Desktop,ViewSonic Monitor,iMac,Brother Printer Toner,Computer Game,Mackie CR Speakers,Apple Earpods,HP Monitor,iPad,Logitech Keyboard,Microsoft Wireless Desktop Keyboard and Mouse,,,,,,,,,,,,,,,,,,
Apple MacBook Air,,,,,,,,,,,,,,,,,,,,,,,,,,,,,,,
Slim 2TB Portable External Hard Drive,Epson Printer,Apple Earpods,HP Monitor,Microsoft Wireless Comfort Keyboard and Mouse,Backlit LED Gaming Keyboard,,,,,,,,,,,,,,,,,,,,,,,,,,
HP Laptop,,,,,,,,,,,,,,,,,,,,,,,,,,,,,,,
Apple MacBook Air,,,,,,,,,,,,,,,,,,,,,,,,,,,,,,,
Apple MacBook Air,,,,,,,,,,,,,,,,,,,,,,,,,,,,,,,
CYBERPOWER Gamer Desktop,,,,,,,,,,,,,,,,,,,,,,,,,,,,,,,
ASUS Chromebook,,,,,,,,,,,,,,,,,,,,,,,,,,,,,,,
Acer Aspire,Acer Desktop,ASUS Monitor,CYBERPOWER Gamer Desktop,Etekcity Power Extension Cord Cable,Apple Earpods,Apple MacBook Air,Kindle ,Dell KM117 Wireless Keyboard & Mouse,EagleTec Wireless Combo Keyboard and Mouse,,,,,,,,,,,,,,,,,,,,,,
CYBERPOWER Gamer Desktop,Smart Light Bulb,Apple Earpods,,,,,,,,,,,,,,,,,,,,,,,,,,,,,
Dell Laptop,Roku Express,,,,,,,,,,,,,,,,,,,,,,,,,,,,,,
Acer Monitor,Apple Earpods,,,,,,,,,,,,,,,,,,,,,,,,,,,,,,
iMac,Wireless Portable Mouse,iPad Pro ,,,,,,,,,,,,,,,,,,,,,,,,,,,,,
Acer Desktop,Microsoft Headset,,,,,,,,,,,,,,,,,,,,,,,,,,,,,,
Dell Desktop,Microsoft Wireless Desktop Keyboard and Mouse,,,,,,,,,,,,,,,,,,,,,,,,,,,,,,
Monster Beats By Dr Dre,Acer Aspire,HP Laptop,ASUS 2 Monitor,USB Cable,Brother Printer Toner,Gaming Mouse Professional,,,,,,,,,,,,,,,,,,,,,,,,,
Acer Aspire,Dell Desktop,ViewSonic Monitor,HP Laptop,Lenovo Desktop Computer,Apple Magic Keyboard,Epson Printer,Sonos,CYBERPOWER Gamer Desktop,Lenovo Desktop Computer,Dell Desktop,Apple Earpods,iPad Pro ,Backlit LED Gaming Keyboard,,,,,,,,,,,,,,,,,,
Acer Monitor,Acer Desktop,Computer Game,iMac,ASUS 2 Monitor,Lenovo Desktop Computer,3-Button Mouse,Logitech MK360 Wireless Keyboard and Mouse Combo,,,,,,,,,,,,,,,,,,,,,,,,
Koss Home Headphones,Apple Earpods,LG Touchscreen Laptop,,,,,,,,,,,,,,,,,,,,,,,,,,,,,
HDMI Cable 6ft,ViewSonic Monitor,Computer Game,HP Laptop,iMac,Apple Magic Keyboard,Koss Home Headphones,Panasonic In-Ear Headphone ,Logitech MK550 Wireless Wave Keyboard and Mouse Combo, Intel Desktop ,Google Home,Microsoft Office Home and Student 2016,Lenovo Desktop Computer,Halter Acrylic Monitor Stand,iPad Pro ,,,,,,,,,,,,,,,,,
iMac,LG Touchscreen Laptop,,,,,,,,,,,,,,,,,,,,,,,,,,,,,,
HP Laptop,CYBERPOWER Gamer Desktop,Logitech 3-button Mouse,,,,,,,,,,,,,,,,,,,,,,,,,,,,,
Samsung Monitor,Slim 2TB Portable External Hard Drive,CYBERPOWER Gamer Desktop,Acer Desktop,Wireless Portable Mouse,Microsoft Wireless Desktop Keyboard and Mouse,,,,,,,,,,,,,,,,,,,,,,,,,,
Lenovo Desktop Computer,CYBERPOWER Gamer Desktop,Apple Wireless Keyboard,Apple Earpods,Apple MacBook Air,Wireless Portable Mouse,,,,,,,,,,,,,,,,,,,,,,,,,,
Cambridge Bluetooth Speaker,,,,,,,,,,,,,,,,,,,,,,,,,,,,,,,
LG Monitor,HP Laptop,Logitech Keyboard,,,,,,,,,,,,,,,,,,,,,,,,,,,,,
CYBERPOWER Gamer Desktop,Microsoft Headset,,,,,,,,,,,,,,,,,,,,,,,,,,,,,,
Belkin Mouse Pad,Apple Earpods,,,,,,,,,,,,,,,,,,,,,,,,,,,,,,
ViewSonic Monitor,HP Laptop,Lenovo Desktop Computer,Bose Companion Speakers,Dell Desktop,Apple Wireless Keyboard,Apple Earpods,Acer Desktop,Apple MacBook Air,JBL Splashproof Portable Bluetooth Speaker,Backlit LED Gaming Keyboard,,,,,,,,,,,,,,,,,,,,,
Acer Desktop,,,,,,,,,,,,,,,,,,,,,,,,,,,,,,,
ASUS Chromebook,Acer Desktop,iMac,ASUS Monitor,ASUS 2 Monitor,Belkin Mouse Pad,Redragon Gaming Mouse,Apple Wireless Keyboard,Wireless Portable Mouse,,,,,,,,,,,,,,,,,,,,,,,
Acer Desktop,iMac,ASUS Monitor,Apple Magic Keyboard,Slim 2TB Portable External Hard Drive,Backlit LED Gaming Keyboard,Halter Mesh Metal Monitor Stand,,,,,,,,,,,,,,,,,,,,,,,,,
HP Wireless Mouse,Acer Aspire,ViewSonic Monitor,HP Laptop,Logitech 3-button Mouse,3-Button Mouse,Slim Wireless Mouse,iPad Pro ,,,,,,,,,,,,,,,,,,,,,,,,
iMac,ASUS Monitor,Backlit LED Gaming Keyboard,,,,,,,,,,,,,,,,,,,,,,,,,,,,,
HP Wireless Mouse,Large Mouse Pad,,,,,,,,,,,,,,,,,,,,,,,,,,,,,,
Samsung Monitor,Acer Aspire,Dell Desktop,HP Laptop,iMac,ASUS Monitor,Apple Magic Keyboard,Logitech MK550 Wireless Wave Keyboard and Mouse Combo,Microsoft Office Home and Student 2016,JBL Splashproof Portable Bluetooth Speaker,,,,,,,,,,,,,,,,,,,,,,
HP Laptop,iMac,Apple MacBook Air,Backlit LED Gaming Keyboard,,,,,,,,,,,,,,,,,,,,,,,,,,,,
Dell Desktop,Lenovo Desktop Computer,Bose Companion Speakers, Intel Desktop ,Dell Wired Keyboard,CYBERPOWER Gamer Desktop,3-Button Mouse,Belkin Mouse Pad,Wireless Portable Mouse,Brother Printer,,,,,,,,,,,,,,,,,,,,,,
Samsung Monitor,Apple MacBook Air,Microsoft Wireless Desktop Keyboard and Mouse,,,,,,,,,,,,,,,,,,,,,,,,,,,,,
HP Wireless Mouse,Logitech Wireless Mouse,iMac,ASUS 2 Monitor,Apple Magic Keyboard,Epson Printer,Logitech Keyboard,CYBERPOWER Gamer Desktop,AOC Monitor,Logitech 3-button Mouse,Belkin Mouse Pad,Apple Earpods,ASUS Desktop,Dell Laptop,iPad,,,,,,,,,,,,,,,,,
Eluktronics Pro Gaming Laptop,Fire HD Tablet,Computer Game,Logitech MK360 Wireless Keyboard and Mouse Combo,Fire TV Stick,Apple Earpods,Backlit LED Gaming Keyboard,,,,,,,,,,,,,,,,,,,,,,,,,
iMac,Lenovo Desktop Computer,Apple MacBook Pro,Apple MacBook Air,,,,,,,,,,,,,,,,,,,,,,,,,,,,
Acer Aspire,Acer Desktop,ViewSonic Monitor,Lenovo Desktop Computer,Belkin Mouse Pad,JBL Splashproof Portable Bluetooth Speaker,,,,,,,,,,,,,,,,,,,,,,,,,,
HDMI Cable 6ft,Dell Desktop,Acer Desktop,HP Laptop,iMac,Lenovo Desktop Computer,Apple Magic Keyboard,Apple Wired Keyboard,ASUS 2 Monitor,Sonos,Dell Desktop,Smart Light Bulb,HP Monitor,Slim Wireless Mouse,Wireless Portable Mouse,iPhone Charger Cable,Brother Printer,iPad Pro ,Roku Express,,,,,,,,,,,,,
iMac,Lenovo Desktop Computer,Apple Magic Keyboard,Slim 2TB Portable External Hard Drive,Logitech 3-button Mouse,,,,,,,,,,,,,,,,,,,,,,,,,,,
Acer Monitor,,,,,,,,,,,,,,,,,,,,,,,,,,,,,,,
AOC Monitor,ASUS Desktop,Microsoft Wireless Desktop Keyboard and Mouse,,,,,,,,,,,,,,,,,,,,,,,,,,,,,
Samsung Monitor,Acer Aspire,HP Laptop,Lenovo Desktop Computer,Apple Magic Keyboard,Cambridge Bluetooth Speaker,Cyber Acoustics,Apple Wireless Keyboard,Apple MacBook Pro,Microsoft Wireless Desktop Keyboard and Mouse,,,,,,,,,,,,,,,,,,,,,,
Panasonic In-Ear Headphone ,Logitech MK550 Wireless Wave Keyboard and Mouse Combo,,,,,,,,,,,,,,,,,,,,,,,,,,,,,,
Acer Monitor,Acer Aspire,Computer Game,HP Laptop,ASUS 2 Monitor,Apple Magic Keyboard,Logitech Keyboard,Microsoft Office Home and Student 2016,AOC Monitor,DOSS Touch Wireless Bluetooth,Smart Light Bulb,,,,,,,,,,,,,,,,,,,,,
Lenovo Desktop Computer,Microsoft Wireless Comfort Keyboard and Mouse,Apple TV,Backlit LED Gaming Keyboard,,,,,,,,,,,,,,,,,,,,,,,,,,,,
ViewSonic Monitor,HP Laptop,iMac,Logitech MK550 Wireless Wave Keyboard and Mouse Combo,CYBERPOWER Gamer Desktop,Smart Light Bulb,,,,,,,,,,,,,,,,,,,,,,,,,,
CYBERPOWER Gamer Desktop,Dell Desktop,Apple Wireless Keyboard,Apple MacBook Air,Microsoft Wireless Desktop Keyboard and Mouse,,,,,,,,,,,,,,,,,,,,,,,,,,,
Dell 2 Desktop,Belkin Mouse Pad,Apple Wireless Keyboard,HP Desktop,Microsoft Wireless Desktop Keyboard and Mouse,,,,,,,,,,,,,,,,,,,,,,,,,,,
CYBERPOWER Gamer Desktop,,,,,,,,,,,,,,,,,,,,,,,,,,,,,,,
ASUS Chromebook,Eluktronics Pro Gaming Laptop,iMac,ASUS 2 Monitor,Lenovo Desktop Computer, Intel Desktop ,HP Notebook Touchscreen Laptop PC,Microsoft Basic Optical Mouse,Fire TV Stick,Redragon Gaming Mouse,Apple Earpods,Dell Laptop,Apple TV,,,,,,,,,,,,,,,,,,,
HP Wireless Mouse,Logitech Desktop MK120 Mouse and keyboard Combo,iMac,ASUS Monitor,ASUS 2 Monitor, Intel Desktop ,,,,,,,,,,,,,,,,,,,,,,,,,,
Samsung Monitor,Otium Wireless Sports Bluetooth Headphone,HP Laptop,Lenovo Desktop Computer,Apple Magic Keyboard,Microsoft Office Home and Student 2016,Brother Printer Toner,Apple Wireless Keyboard,Apple MacBook Pro,Apple Earpods,Apple MacBook Air,Backlit LED Gaming Keyboard,Microsoft Wireless Desktop Keyboard and Mouse,,,,,,,,,,,,,,,,,,,
CYBERPOWER Gamer Desktop,,,,,,,,,,,,,,,,,,,,,,,,,,,,,,,
CYBERPOWER Gamer Desktop,Apple MacBook Air,,,,,,,,,,,,,,,,,,,,,,,,,,,,,,
Samsung Monitor,iMac,CYBERPOWER Gamer Desktop,,,,,,,,,,,,,,,,,,,,,,,,,,,,,
Alienware Laptop,3-Button Mouse,,,,,,,,,,,,,,,,,,,,,,,,,,,,,,
LG Monitor,ViewSonic Monitor,iMac,HP USB Keyboard ,Apple Earpods,Brother Printer,Microsoft Wireless Desktop Keyboard and Mouse,,,,,,,,,,,,,,,,,,,,,,,,,
LG Monitor,ViewSonic Monitor,HP Laptop,3-Button Mouse,Microsoft Wireless Desktop Keyboard and Mouse,,,,,,,,,,,,,,,,,,,,,,,,,,,
Samsung Monitor,Eluktronics Pro Gaming Laptop,Acer Desktop,HP Laptop,Alienware Laptop,Height-Adjustable Standing Desk,Epson Printer,DYMO Label Manker  ,,,,,,,,,,,,,,,,,,,,,,,,
Apple Earpods,,,,,,,,,,,,,,,,,,,,,,,,,,,,,,,
Dell Desktop,Acer Desktop,Apple Wireless Keyboard,Apple Earpods,HP Monitor,Slim Wireless Mouse,,,,,,,,,,,,,,,,,,,,,,,,,,
Acer Desktop,5TB Desktop Hard Drive,iMac,Lenovo Desktop Computer,Apple Magic Keyboard, Intel Desktop ,CYBERPOWER Gamer Desktop,Wireless Portable Mouse,Dell Laptop,Backlit LED Gaming Keyboard,,,,,,,,,,,,,,,,,,,,,,
Acer Aspire,Microsoft Office Home and Student 2016,,,,,,,,,,,,,,,,,,,,,,,,,,,,,,
Brother Printer Toner,,,,,,,,,,,,,,,,,,,,,,,,,,,,,,,
Samsung Monitor,Otium Wireless Sports Bluetooth Headphone,LG Monitor,Acer Aspire,ASUS 2 Monitor,Bose Companion Speakers,Logitech 3-button Mouse,Dell Desktop,Apple Earpods,HP Monitor,Canon Ink ,Epson Black Ink,,,,,,,,,,,,,,,,,,,,
Dell Desktop,HP Laptop,Apple MacBook Air,,,,,,,,,,,,,,,,,,,,,,,,,,,,,
iMac,Apple Magic Keyboard,Logitech MK550 Wireless Wave Keyboard and Mouse Combo,CYBERPOWER Gamer Desktop,Brother Printer Toner,APIE Bluetooth Headphone,Backlit LED Gaming Keyboard,,,,,,,,,,,,,,,,,,,,,,,,,
Dell 2 Desktop,HP Laptop,iMac,Panasonic In-Ear Headphone ,Belkin Mouse Pad,Apple MacBook Pro,Logitech Keyboard,,,,,,,,,,,,,,,,,,,,,,,,,
HDMI Cable 6ft,ASUS Chromebook,iMac,Lenovo Desktop Computer,Redragon Gaming Mouse,,,,,,,,,,,,,,,,,,,,,,,,,,,
ASUS 2 Monitor,AOC Monitor,3-Button Mouse,Apple Earpods,Slim Wireless Mouse,Microsoft Wireless Comfort Keyboard and Mouse,Wireless Portable Mouse,Microsoft Headset,Dell Laptop,Dell Laptop,,,,,,,,,,,,,,,,,,,,,,
Apple Earpods,,,,,,,,,,,,,,,,,,,,,,,,,,,,,,,
Logitech Keyboard,,,,,,,,,,,,,,,,,,,,,,,,,,,,,,,
Lenovo Desktop Computer,Apple Wireless Keyboard,,,,,,,,,,,,,,,,,,,,,,,,,,,,,,
Otium Wireless Sports Bluetooth Headphone,Acer Desktop,ViewSonic Monitor,iMac,Epson Printer,,,,,,,,,,,,,,,,,,,,,,,,,,,
Acer Aspire,Dell Desktop,iMac,ASUS Monitor,ASUS 2 Monitor,Lenovo Desktop Computer,Apple Magic Keyboard,CYBERPOWER Gamer Desktop,3-Button Mouse,,,,,,,,,,,,,,,,,,,,,,,
ViewSonic Monitor,,,,,,,,,,,,,,,,,,,,,,,,,,,,,,,
iMac,,,,,,,,,,,,,,,,,,,,,,,,,,,,,,,
Apple Wireless Keyboard,Apple Earpods,Wireless Portable Mouse,,,,,,,,,,,,,,,,,,,,,,,,,,,,,
iMac,Slim 2TB Portable External Hard Drive,Epson Printer,Belkin Mouse Pad,Large Mouse Pad,Backlit LED Gaming Keyboard,,,,,,,,,,,,,,,,,,,,,,,,,,
iMac,AOC Monitor,ASUS Desktop,,,,,,,,,,,,,,,,,,,,,,,,,,,,,
Samsung Monitor,Dell Desktop,iMac,,,,,,,,,,,,,,,,,,,,,,,,,,,,,
iMac,Brother Printer Toner,,,,,,,,,,,,,,,,,,,,,,,,,,,,,,
Acer Monitor,HP Wireless Mouse,ASUS Chromebook,Eluktronics Pro Gaming Laptop,Dell Desktop,HP Laptop,ASUS Monitor,ASUS 2 Monitor,Alienware Laptop,Lenovo Desktop Computer,Apple Magic Keyboard,Bose Companion Speakers,Epson Printer,3-Button Mouse,Rii LED Gaming Keyboard & Mouse Combo ,Belkin Mouse Pad,Halter Acrylic Monitor Stand,Apple Wireless Keyboard,HP Monitor,Slim Wireless Mouse,Dell Laptop,,,,,,,,,,,
HP Monitor,,,,,,,,,,,,,,,,,,,,,,,,,,,,,,,
Otium Wireless Sports Bluetooth Headphone,Dell Desktop,ViewSonic Monitor,HP Laptop,iMac,ASUS Monitor,Apple Magic Keyboard,Cambridge Bluetooth Speaker,CYBERPOWER Gamer Desktop,Brother Printer,,,,,,,,,,,,,,,,,,,,,,
HP Laptop,Lenovo Desktop Computer,3-Button Mouse,DOSS Touch Wireless Bluetooth,Apple MacBook Pro,JBL Splashproof Portable Bluetooth Speaker,,,,,,,,,,,,,,,,,,,,,,,,,,
Acer Monitor,ViewSonic Monitor,ASUS Monitor,Apple MacBook Air,Monster Beats By Dr Dre,,,,,,,,,,,,,,,,,,,,,,,,,,,
Google Home,Cambridge Bluetooth Speaker,Apple Earpods,Microsoft Wireless Desktop Keyboard and Mouse,,,,,,,,,,,,,,,,,,,,,,,,,,,,
Lenovo Desktop Computer,Apple Magic Keyboard,Bose Companion Speakers,Smart Light Bulb,Apple MacBook Pro,Apple Earpods,,,,,,,,,,,,,,,,,,,,,,,,,,
HP Wireless Mouse,Acer Aspire,iMac,Lenovo Desktop Computer,Fire HD Tablet,Redragon Gaming Mouse,Apple Earpods,Backlit LED Gaming Keyboard,,,,,,,,,,,,,,,,,,,,,,,,
iMac,ASUS Desktop,Dell Laptop,,,,,,,,,,,,,,,,,,,,,,,,,,,,,
ASUS 2 Monitor,Apple Magic Keyboard,Panasonic On-Ear Stereo Headphones,Apple Wireless Keyboard,ASUS Desktop,,,,,,,,,,,,,,,,,,,,,,,,,,,
3-Button Mouse,Logitech Keyboard,,,,,,,,,,,,,,,,,,,,,,,,,,,,,,
Acer Monitor,LG Monitor,Bose Companion Speakers,CYBERPOWER Gamer Desktop,Halter Acrylic Monitor Stand,Apple MacBook Pro,Apple Earpods,,,,,,,,,,,,,,,,,,,,,,,,,
HP Wireless Mouse,LG Touchscreen Laptop,Microsoft Wireless Desktop Keyboard and Mouse,,,,,,,,,,,,,,,,,,,,,,,,,,,,,
Logitech Keyboard,Apple MacBook Pro,,,,,,,,,,,,,,,,,,,,,,,,,,,,,,
Dell Desktop,Acer Desktop,ViewSonic Monitor,ASUS 2 Monitor,Lenovo Desktop Computer,Rii LED Gaming Keyboard & Mouse Combo ,Belkin Mouse Pad,Dell Desktop,Apple MacBook Pro,Backlit LED Gaming Keyboard,,,,,,,,,,,,,,,,,,,,,,
Dell Desktop,Acer Desktop,iMac,Lenovo Desktop Computer,Sonos,Logitech Keyboard,Microsoft Office Home and Student 2016,3-Button Mouse,Rii LED Gaming Keyboard & Mouse Combo ,Belkin Mouse Pad,Apple Wireless Keyboard,Rii LED Keyboard,iPad Pro ,Microsoft Wireless Desktop Keyboard and Mouse,,,,,,,,,,,,,,,,,,
Samsung Monitor,Acer Desktop,CYBERPOWER Gamer Desktop,3-Button Mouse,Apple Earpods,HP Monitor,Apple MacBook Air,Slim Wireless Mouse,iPad,Brother Printer,,,,,,,,,,,,,,,,,,,,,,
iMac,ASUS 2 Monitor,CYBERPOWER Gamer Desktop,,,,,,,,,,,,,,,,,,,,,,,,,,,,,
Kensington Headphones ,Apple MacBook Pro,HP Desktop,Backlit LED Gaming Keyboard,,,,,,,,,,,,,,,,,,,,,,,,,,,,
LG Monitor,iMac,ASUS Monitor,Lenovo Desktop Computer,Koss Home Headphones, Intel Desktop ,Apple Wireless Keyboard,Logitech Keyboard,,,,,,,,,,,,,,,,,,,,,,,,
ASUS Chromebook,HP Wireless Printer,Epson Printer,Mackie CR Speakers,ASUS Desktop,DYMO Labeling Tape ,Microsoft Wireless Desktop Keyboard and Mouse,,,,,,,,,,,,,,,,,,,,,,,,,
Samsung Monitor,HDMI Cable 6ft,HP Laptop,Slim 2TB Portable External Hard Drive,Height-Adjustable Standing Desk,CYBERPOWER Gamer Desktop,Apple Earpods,Apple MacBook Air,Dell Laptop,Logitech ClearChat Headset,iPad,,,,,,,,,,,,,,,,,,,,,
Acer Aspire,Dell Desktop,ViewSonic Monitor,HP Laptop,iMac,Lenovo Desktop Computer,Etekcity Power Extension Cord Cable,Redragon Gaming Mouse,Apple Earpods,Acer Desktop,HP Monitor,Backlit LED Gaming Keyboard,,,,,,,,,,,,,,,,,,,,
Acer Desktop,iMac,Belkin Mouse Pad,Logitech Wireless Keyboard,Apple MacBook Pro,,,,,,,,,,,,,,,,,,,,,,,,,,,
Apple Earpods,,,,,,,,,,,,,,,,,,,,,,,,,,,,,,,
HP Laptop,iMac,Dell Laptop,iPad,Backlit LED Gaming Keyboard,,,,,,,,,,,,,,,,,,,,,,,,,,,
Dell Desktop,,,,,,,,,,,,,,,,,,,,,,,,,,,,,,,
iMac,HP Monitor,Backlit LED Gaming Keyboard,,,,,,,,,,,,,,,,,,,,,,,,,,,,,
iMac, Intel Desktop ,Slim Wireless Mouse,,,,,,,,,,,,,,,,,,,,,,,,,,,,,
HDMI Cable 6ft,Microsoft Office Home and Student 2016,3-Button Mouse,ASUS Desktop,Wireless Portable Mouse,Dell Laptop,JBL Splashproof Portable Bluetooth Speaker,Microsoft Wireless Desktop Keyboard and Mouse,,,,,,,,,,,,,,,,,,,,,,,,
Dell Desktop,HP Laptop,,,,,,,,,,,,,,,,,,,,,,,,,,,,,,
Apple MacBook Air,,,,,,,,,,,,,,,,,,,,,,,,,,,,,,,
HDMI Cable 6ft,Computer Game,HP Laptop,iMac,Apple Magic Keyboard,Koss Home Headphones,Panasonic In-Ear Headphone ,Logitech 3-button Mouse,Full Motion Monitor Mount,Fire TV Stick,Slim Wireless Mouse,Dell Laptop,JBL Splashproof Portable Bluetooth Speaker,,,,,,,,,,,,,,,,,,,
HP Wireless Mouse,LG Monitor,Epson Printer,Apple Earpods,Apple MacBook Air,Large Mouse Pad,Brother Printer,Backlit LED Gaming Keyboard,,,,,,,,,,,,,,,,,,,,,,,,
Logitech MK270 Wireless Keyboard and Mouse Combo,ASUS Monitor,Koss Home Headphones,Apple MacBook Air,,,,,,,,,,,,,,,,,,,,,,,,,,,,
iMac,Microsoft Basic Optical Mouse,Apple MacBook Pro,Apple MacBook Air,Dell Laptop,,,,,,,,,,,,,,,,,,,,,,,,,,,
Acer Monitor,Samsung Monitor,HDMI Cable 6ft,Dell Desktop,CYBERPOWER Gamer Desktop,3-Button Mouse,Dell Laptop,iPad Pro ,,,,,,,,,,,,,,,,,,,,,,,,
ASUS 2 Monitor,,,,,,,,,,,,,,,,,,,,,,,,,,,,,,,
Apple MacBook Air,,,,,,,,,,,,,,,,,,,,,,,,,,,,,,,
ASUS Chromebook,ViewSonic Monitor,HDMI Adapter,Etekcity Power Extension Cord Cable,,,,,,,,,,,,,,,,,,,,,,,,,,,,
Acer Aspire,Dell Desktop,HP Laptop,iMac,Lenovo Desktop Computer,Slim 2TB Portable External Hard Drive, Intel Desktop ,Apple MacBook Pro,Logitech Keyboard,,,,,,,,,,,,,,,,,,,,,,,
Bose Companion Speakers,Backlit LED Gaming Keyboard,,,,,,,,,,,,,,,,,,,,,,,,,,,,,,
Slim Wireless Mouse,,,,,,,,,,,,,,,,,,,,,,,,,,,,,,,
Apple MacBook Air,,,,,,,,,,,,,,,,,,,,,,,,,,,,,,,
LG Monitor,APIE Bluetooth Headphone,Backlit LED Gaming Keyboard,,,,,,,,,,,,,,,,,,,,,,,,,,,,,
Microsoft Office Home and Student 2016,CYBERPOWER Gamer Desktop,,,,,,,,,,,,,,,,,,,,,,,,,,,,,,
HP Laptop,CYBERPOWER Gamer Desktop,3-Button Mouse,Apple MacBook Air,,,,,,,,,,,,,,,,,,,,,,,,,,,,
ASUS Chromebook,Acer Aspire,ASUS Monitor,HP Monitor,,,,,,,,,,,,,,,,,,,,,,,,,,,,
Samsung Monitor,Acer Desktop,Etekcity Power Extension Cord Cable,Redragon Gaming Mouse,Apple MacBook Pro,Apple Earpods,Apple MacBook Air,LG Touchscreen Laptop,,,,,,,,,,,,,,,,,,,,,,,,
Apple TV,,,,,,,,,,,,,,,,,,,,,,,,,,,,,,,
Acer Monitor,Dell Desktop,ViewSonic Monitor,CYBERPOWER Gamer Desktop,Fire HD Tablet,Halter Acrylic Monitor Stand,Acer Desktop,Apple MacBook Air,Microsoft Wireless Desktop Keyboard and Mouse,,,,,,,,,,,,,,,,,,,,,,,
Acer Monitor,ViewSonic Monitor,Apple Magic Keyboard,CYBERPOWER Gamer Desktop,Monster Beats By Dr Dre ,Lenovo Desktop Computer,Microsoft Wireless Desktop Keyboard and Mouse,,,,,,,,,,,,,,,,,,,,,,,,,
Acer Monitor,Samsung Monitor,LG Monitor,Computer Game,HP Laptop,CYBERPOWER Gamer Desktop,Brother Printer Toner,Backlit LED Gaming Keyboard,Microsoft Wireless Desktop Keyboard and Mouse,,,,,,,,,,,,,,,,,,,,,,,
Dell Desktop,Acer Desktop,Lenovo Desktop Computer,Epson Printer,3-Button Mouse,Apple MacBook Air,,,,,,,,,,,,,,,,,,,,,,,,,,
Acer Monitor,HP Wireless Mouse,LG Monitor,Acer Aspire,Dell Desktop,Acer Desktop,ViewSonic Monitor,HP Black & Tri-color Ink ,HP Laptop,iMac,Alienware Laptop,Slim 2TB Portable External Hard Drive,Panasonic In-Ear Headphone ,Epson Printer,Monster Beats By Dr Dre ,Cyber Acoustics,,,,,,,,,,,,,,,,
HP Laptop,,,,,,,,,,,,,,,,,,,,,,,,,,,,,,,
iMac,,,,,,,,,,,,,,,,,,,,,,,,,,,,,,,
Apple Earpods,,,,,,,,,,,,,,,,,,,,,,,,,,,,,,,
HP Wireless Mouse,HP Laptop,Apple Magic Keyboard,Panasonic In-Ear Headphone ,Epson Printer,Cambridge Bluetooth Speaker,HP Monitor,ASUS Desktop,Dell Laptop,,,,,,,,,,,,,,,,,,,,,,,
HP Laptop,Apple Magic Keyboard,Dell Wired Keyboard,,Microsoft Office Home and Student 2016,CYBERPOWER Gamer Desktop,Generic Black 3-Button,HP USB Keyboard ,Dell Laptop,Logitech ClearChat Headset,iPad Pro ,Microsoft Wireless Desktop Keyboard and Mouse,,,,,,,,,,,,,,,,,,,,
iMac,,,,,,,,,,,,,,,,,,,,,,,,,,,,,,,
Samsung Monitor,Eluktronics Pro Gaming Laptop,HP Laptop,Lenovo Desktop Computer, Intel Desktop ,XIBERIA Gaming Headset,Apple MacBook Pro,Apple Earpods,,,,,,,,,,,,,,,,,,,,,,,,
Samsung Monitor,Dell Desktop,iMac,Lenovo Desktop Computer,Apple Magic Keyboard,AOC Monitor,Apple MacBook Pro,,,,,,,,,,,,,,,,,,,,,,,,,
LG Monitor,ViewSonic Monitor,Computer Game,HP Laptop,iMac,ASUS Monitor,Epson Printer,Microsoft Office Home and Student 2016,CYBERPOWER Gamer Desktop,Apple MacBook Air,Apple MacBook Air,iPad Pro ,,,,,,,,,,,,,,,,,,,,
Apple MacBook Pro,Acer Desktop,,,,,,,,,,,,,,,,,,,,,,,,,,,,,,
Alienware Laptop,Sonos,ASUS Desktop,Microsoft Headset,Zombie Gaming Headset,,,,,,,,,,,,,,,,,,,,,,,,,,,
Apple Earpods,iPad,,,,,,,,,,,,,,,,,,,,,,,,,,,,,,
HP Wireless Mouse,Acer Aspire,Dell 2 Desktop,ViewSonic Monitor,Lenovo Desktop Computer,Apple Earpods,,,,,,,,,,,,,,,,,,,,,,,,,,
Acer Monitor,Dell Desktop,HP Wireless Printer,Bose Companion Speakers,Logitech Keyboard,3-Button Mouse,Microsoft Office Home and Student 2016,Fire HD Tablet,Ethernet Cable,Brother Printer,,,,,,,,,,,,,,,,,,,,,,
Acer Monitor,iMac,Cambridge Bluetooth Speaker,Microsoft Office Home and Student 2016,AOC Monitor,3-Button Mouse,Apple MacBook Air,Dell Laptop,,,,,,,,,,,,,,,,,,,,,,,,
Samsung Monitor,iMac,ASUS Monitor,Microsoft Office Home and Student 2016,AOC Monitor,Belkin Mouse Pad,iPad,USB Cable,Halter Mesh Metal Monitor Stand,Microsoft Wireless Desktop Keyboard and Mouse,,,,,,,,,,,,,,,,,,,,,,
HP Wireless Mouse,Acer Desktop,Epson Printer,,,,,,,,,,,,,,,,,,,,,,,,,,,,,
Slim 2TB Portable External Hard Drive, Intel Desktop ,CYBERPOWER Gamer Desktop,iPad,,,,,,,,,,,,,,,,,,,,,,,,,,,,
HP Monitor,,,,,,,,,,,,,,,,,,,,,,,,,,,,,,,
LG Monitor,Apple Magic Keyboard,Logitech MK550 Wireless Wave Keyboard and Mouse Combo, Intel Desktop ,Apple Wired Keyboard,Height-Adjustable Standing Desk,AOC Monitor,Apple MacBook Pro,Apple Earpods,HP Monitor,,,,,,,,,,,,,,,,,,,,,,
Acer Monitor,Otium Wireless Sports Bluetooth Headphone,LG Monitor,ASUS Chromebook,Eluktronics Pro Gaming Laptop,Acer Aspire,ViewSonic Monitor,HP Laptop,iMac,Microsoft Office Home and Student 2016,Logitech 3-button Mouse,Redragon Gaming Mouse,,,,,,,,,,,,,,,,,,,,
Apple Earpods,,,,,,,,,,,,,,,,,,,,,,,,,,,,,,,
Apple Magic Keyboard,APIE Bluetooth Headphone,Apple Earpods,Apple MacBook Air,USB Cable,Microsoft Wireless Desktop Keyboard and Mouse,,,,,,,,,,,,,,,,,,,,,,,,,,
Samsung Monitor,Acer Aspire,ViewSonic Monitor,HP Laptop,iMac,CYBERPOWER Gamer Desktop,Logitech 3-button Mouse,Redragon Gaming Mouse,Apple MacBook Pro,,,,,,,,,,,,,,,,,,,,,,,
ViewSonic Monitor,HP Laptop,iMac,Belkin Mouse Pad,,,,,,,,,,,,,,,,,,,,,,,,,,,,
iPhone Charger Cable,,,,,,,,,,,,,,,,,,,,,,,,,,,,,,,
Acer Monitor,ViewSonic Monitor,Computer Game,HP Laptop,ASUS Monitor,Microsoft Office Home and Student 2016,Cyber Acoustics,Apple MacBook Air,,,,,,,,,,,,,,,,,,,,,,,,
Apple Wireless Keyboard,,,,,,,,,,,,,,,,,,,,,,,,,,,,,,,
ASUS Monitor,Bose Companion Speakers,Epson Printer,iPhone Charger Cable,Apple MacBook Pro,Apple Earpods,Apple MacBook Air,,,,,,,,,,,,,,,,,,,,,,,,,
Apple Earpods,Apple MacBook Air,iPhone Charger Cable,,,,,,,,,,,,,,,,,,,,,,,,,,,,,
PC Gaming Headset,Microsoft Wireless Desktop Keyboard and Mouse,,,,,,,,,,,,,,,,,,,,,,,,,,,,,,
Acer Monitor,HP Wireless Mouse,LG Monitor,ASUS Chromebook,Eluktronics Pro Gaming Laptop,Dell Desktop,Dell 2 Desktop,iMac,3-Button Mouse,iPad ,Etekcity Power Extension Cord Cable,Belkin Mouse Pad,Dell Desktop,Microsoft Office Home and Student 2016,Fire HD Tablet,Computer Game,Generic Black 3-Button,HDMI Adapter,Apple MacBook Pro,Apple MacBook Air,Sceptre Monitor,Logitech Keyboard,,,,,,,,,,
Apple MacBook Air,LG Touchscreen Laptop,Dell Laptop,PC Gaming Headset,Microsoft Wireless Desktop Keyboard and Mouse,,,,,,,,,,,,,,,,,,,,,,,,,,,
HP Laptop,iMac,ASUS Monitor, Intel Desktop ,Logitech 3-button Mouse,3-Button Mouse,VGA Monitor Cable,PC Gaming Headset,Kindle,Backlit LED Gaming Keyboard,Microsoft Wireless Desktop Keyboard and Mouse,,,,,,,,,,,,,,,,,,,,,
3-Button Mouse,Rii LED Gaming Keyboard & Mouse Combo ,Dell Desktop,Smart Light Bulb,Apple Wireless Keyboard,Apple MacBook Air,Microsoft Wireless Desktop Keyboard and Mouse,,,,,,,,,,,,,,,,,,,,,,,,,
APIE Bluetooth Headphone,Wireless Portable Mouse,,,,,,,,,,,,,,,,,,,,,,,,,,,,,,
Smart Light Bulb,Philips Flexible Earhook Headphone,,,,,,,,,,,,,,,,,,,,,,,,,,,,,,
Samsung Monitor,,,,,,,,,,,,,,,,,,,,,,,,,,,,,,,
Dell Desktop,,,,,,,,,,,,,,,,,,,,,,,,,,,,,,,
APIE Bluetooth Headphone,,,,,,,,,,,,,,,,,,,,,,,,,,,,,,,
APIE Bluetooth Headphone,,,,,,,,,,,,,,,,,,,,,,,,,,,,,,,
Dell 2 Desktop,Apple Magic Keyboard,Etekcity Power Extension Cord Cable,HP USB Keyboard ,iPhone Charger Cable,JBL Splashproof Portable Bluetooth Speaker,Microsoft Wireless Desktop Keyboard and Mouse,,,,,,,,,,,,,,,,,,,,,,,,,
Dell Desktop,CYBERPOWER Gamer Desktop,,,,,,,,,,,,,,,,,,,,,,,,,,,,,,
Apple Earpods,,,,,,,,,,,,,,,,,,,,,,,,,,,,,,,
ASUS Chromebook,Slim Wireless Mouse,,,,,,,,,,,,,,,,,,,,,,,,,,,,,,
Dell Desktop,HP Laptop,iMac,Panasonic In-Ear Headphone ,Logitech Keyboard,Logitech 3-button Mouse,3-Button Mouse,Brother Printer Toner,Halter Acrylic Monitor Stand,Redragon Gaming Mouse,Apple Earpods,iPad Pro ,Backlit LED Gaming Keyboard,Microsoft Wireless Desktop Keyboard and Mouse,,,,,,,,,,,,,,,,,,
Kensington Headphones ,HP Wireless Mouse,Acer Aspire,ViewSonic Monitor,HP Laptop,HP Wireless Printer,Microsoft Office Home and Student 2016,HP Notebook Touchscreen Laptop PC,Microsoft Basic Optical Mouse,Apple MacBook Pro,Apple Earpods,Microsoft Wireless Comfort Keyboard and Mouse,Logitech ClearChat Headset,Zombie Gaming Headset,,,,,,,,,,,,,,,,,,
Microsoft Headset,,,,,,,,,,,,,,,,,,,,,,,,,,,,,,,
ASUS 2 Monitor,Lenovo Desktop Computer,Apple Magic Keyboard,Sonos,,,,,,,,,,,,,,,,,,,,,,,,,,,,
HP Wireless Mouse,Dell 2 Desktop,HP Laptop,3-Button Mouse,iPad ,Etekcity Power Extension Cord Cable,Dell Desktop,,,,,,,,,,,,,,,,,,,,,,,,,
Apple MacBook Air,,,,,,,,,,,,,,,,,,,,,,,,,,,,,,,
HP Black & Tri-color Ink ,iMac,Panasonic In-Ear Headphone ,CYBERPOWER Gamer Desktop,3-Button Mouse,Apple MacBook Pro,Wireless Portable Mouse,,,,,,,,,,,,,,,,,,,,,,,,,
Lenovo Desktop Computer,,,,,,,,,,,,,,,,,,,,,,,,,,,,,,,
Samsung Monitor,ViewSonic Monitor,Dell Desktop,Fire TV Stick,HP Monitor,Apple MacBook Air,Slim Wireless Mouse,Microsoft Wireless Desktop Keyboard and Mouse,,,,,,,,,,,,,,,,,,,,,,,,
Samsung Monitor,Acer Desktop,HP Laptop,iMac,ASUS Monitor,HP Wireless Printer,Alienware Laptop,Lenovo Desktop Computer,Apple Magic Keyboard,Logitech MK550 Wireless Wave Keyboard and Mouse Combo,Height-Adjustable Standing Desk,Etekcity Power Extension Cord Cable,Fire HD Tablet,Smart Light Bulb,Microsoft Wireless Comfort Keyboard and Mouse,ASUS Desktop,Dell Laptop,iPad,,,,,,,,,,,,,,
Dell Desktop,HP Wireless Printer,Lenovo Desktop Computer,Zombie Gaming Headset,Brother Printer,,,,,,,,,,,,,,,,,,,,,,,,,,,
LG Touchscreen Laptop,,,,,,,,,,,,,,,,,,,,,,,,,,,,,,,
Acer Monitor,Samsung Monitor,Monster Beats By Dr Dre,HP Wireless Mouse,LG Monitor,ViewSonic Monitor,iMac,Apple Magic Keyboard,Panasonic In-Ear Headphone ,Epson Printer,Apple MacBook Pro,HP Monitor,Slim Wireless Mouse,ASUS Desktop,,,,,,,,,,,,,,,,,,
Apple MacBook Air,,,,,,,,,,,,,,,,,,,,,,,,,,,,,,,
HP Wireless Mouse,Acer Aspire,Computer Game,HP Laptop,iMac,Ailihen Stereo Headphones,iPad ,Rii LED Gaming Keyboard & Mouse Combo ,Dell Desktop,Microsoft Basic Optical Mouse,,,,,,,,,,,,,,,,,,,,,,
Logitech Desktop MK120 Mouse and keyboard Combo,Acer Aspire,ASUS Monitor,Apple Magic Keyboard,Logitech MK550 Wireless Wave Keyboard and Mouse Combo,AOC Monitor,,,,,,,,,,,,,,,,,,,,,,,,,,
ASUS 2 Monitor,CYBERPOWER Gamer Desktop,Rii LED Keyboard,,,,,,,,,,,,,,,,,,,,,,,,,,,,,
Dell 2 Desktop,ViewSonic Monitor,HP Laptop,Alienware Laptop,Lenovo Desktop Computer,Height-Adjustable Standing Desk,3TB Portable External Hard Drive,Microsoft Wireless Desktop Keyboard and Mouse,,,,,,,,,,,,,,,,,,,,,,,,
Dell Desktop,ViewSonic Monitor,HP Laptop,Apple Magic Keyboard,Google Home,CYBERPOWER Gamer Desktop,Monster Beats By Dr Dre,,,,,,,,,,,,,,,,,,,,,,,,,
Acer Monitor,Apple MacBook Air,iPhone Charger Cable,,,,,,,,,,,,,,,,,,,,,,,,,,,,,
Apple Wireless Keyboard,,,,,,,,,,,,,,,,,,,,,,,,,,,,,,,
iMac,,,,,,,,,,,,,,,,,,,,,,,,,,,,,,,
Computer Game,iMac,,,,,,,,,,,,,,,,,,,,,,,,,,,,,,
Microsoft Office Home and Student 2016,AOC Monitor,Audio Cable,Fire HD Tablet,ViewSonic Monitor,,,,,,,,,,,,,,,,,,,,,,,,,,,
HP Laptop,,,,,,,,,,,,,,,,,,,,,,,,,,,,,,,
Eluktronics Pro Gaming Laptop,Acer Aspire,HP Laptop,iMac,ASUS Monitor,CYBERPOWER Gamer Desktop,Smart Light Bulb,Dell Laptop,Dell Laptop,Samsung Galaxy Tablet,,,,,,,,,,,,,,,,,,,,,,
Samsung Monitor,Kensington Headphones ,Eluktronics Pro Gaming Laptop,Acer Aspire,Dell Desktop,Acer Desktop,HP Laptop,ASUS Monitor,Bose Companion Speakers,Google Home,3-Button Mouse,iPad ,Cyber Acoustics,Monster Beats By Dr Dre,Smart Light Bulb,Full Motion Monitor Mount,Redragon Gaming Mouse,Microsoft Headset,Dell Laptop,Logitech Keyboard,Halter Mesh Metal Monitor Stand,,,,,,,,,,,
Acer Aspire,HP Laptop,iMac,ASUS Monitor,3-Button Mouse,Etekcity Power Extension Cord Cable,Apple MacBook Pro,Apple MacBook Air,Zombie Gaming Headset,,,,,,,,,,,,,,,,,,,,,,,
LG Monitor,Acer Aspire,HP Laptop,HP Wireless Printer,AOC Monitor,Multi Media Stand,Sceptre Monitor,Backlit LED Gaming Keyboard,,,,,,,,,,,,,,,,,,,,,,,,
LG Monitor,iMac,Lenovo Desktop Computer,Bose Companion Speakers,Panasonic In-Ear Headphone ,Sonos,Apple Earpods,HP Monitor,iPad Pro ,,,,,,,,,,,,,,,,,,,,,,,
ViewSonic Monitor,Computer Game,HP Laptop,iMac,ASUS Monitor,Lenovo Desktop Computer,Koss Home Headphones,Microsoft Office Home and Student 2016,Mackie CR Speakers,Apple MacBook Pro,Apple Earpods,,,,,,,,,,,,,,,,,,,,,
Samsung Monitor,Acer Aspire,ViewSonic Monitor,iMac,Wireless Portable Mouse,Logitech ClearChat Headset,,,,,,,,,,,,,,,,,,,,,,,,,,
Apple MacBook Air,,,,,,,,,,,,,,,,,,,,,,,,,,,,,,,
HP Black & Tri-color Ink ,iMac,Lenovo Desktop Computer,Logitech MK550 Wireless Wave Keyboard and Mouse Combo,Microsoft Office Home and Student 2016,Rii LED Gaming Keyboard & Mouse Combo ,Belkin Mouse Pad,Dell Desktop,Smart Light Bulb,Halter Acrylic Monitor Stand,Acer Desktop,Apple MacBook Air,,,,,,,,,,,,,,,,,,,,
Apple Earpods,HP Desktop,,,,,,,,,,,,,,,,,,,,,,,,,,,,,,
Dell Desktop,Apple MacBook Pro,Apple MacBook Air,Brother Printer,,,,,,,,,,,,,,,,,,,,,,,,,,,,
Samsung Monitor,Acer Aspire,Halter Acrylic Monitor Stand,Wireless Portable Mouse,,,,,,,,,,,,,,,,,,,,,,,,,,,,
Apple Earpods,,,,,,,,,,,,,,,,,,,,,,,,,,,,,,,
Dell Desktop,Microsoft Headset,Dell Laptop,Logitech ClearChat Headset,,,,,,,,,,,,,,,,,,,,,,,,,,,,
Samsung Monitor,,,,,,,,,,,,,,,,,,,,,,,,,,,,,,,
iMac,AOC Monitor,HP Monitor,ASUS Desktop,Rii LED Keyboard,,,,,,,,,,,,,,,,,,,,,,,,,,,
Slim 2TB Portable External Hard Drive,Cambridge Bluetooth Speaker,HP Desktop,iPad,,,,,,,,,,,,,,,,,,,,,,,,,,,,
Monster Beats By Dr Dre,HP Wireless Mouse,Logitech Desktop MK120 Mouse and keyboard Combo,Dell 2 Desktop,Logitech Wireless Mouse,iMac,Lenovo Desktop Computer, Intel Desktop ,CYBERPOWER Gamer Desktop,3-Button Mouse,Apple MacBook Pro,Apple Earpods,1TB Portable External Hard Drive,,,,,,,,,,,,,,,,,,,
Acer Monitor,Samsung Monitor,LG Monitor,ViewSonic Monitor,iMac,Lenovo Desktop Computer,Cambridge Bluetooth Speaker,Apple MacBook Air,,,,,,,,,,,,,,,,,,,,,,,,
Lenovo Desktop Computer,Apple MacBook Pro,Apple Earpods,Apple MacBook Air,Dell Laptop,2TB Portable External Hard Drive,,,,,,,,,,,,,,,,,,,,,,,,,,
HP Laptop,Halter Acrylic Monitor Stand,Apple Earpods,Microsoft Wireless Desktop Keyboard and Mouse,,,,,,,,,,,,,,,,,,,,,,,,,,,,
Lenovo Desktop Computer,Apple MacBook Pro,,,,,,,,,,,,,,,,,,,,,,,,,,,,,,
iMac,HP Wireless Printer,3-Button Mouse,Apple MacBook Pro,Apple Earpods,ASUS Desktop,Dell Laptop,iPad Pro ,DYMO Labeling Tape ,,,,,,,,,,,,,,,,,,,,,,,
LG Monitor,CYBERPOWER Gamer Desktop,iPhone Charger Cable,Slim Wireless Mouse,Microsoft Wireless Comfort Keyboard and Mouse,,,,,,,,,,,,,,,,,,,,,,,,,,,
Dell 2 Desktop,,,,,,,,,,,,,,,,,,,,,,,,,,,,,,,
Dell 2 Desktop,,,,,,,,,,,,,,,,,,,,,,,,,,,,,,,
HP Laptop,iMac,HP Monitor,Dell Laptop,,,,,,,,,,,,,,,,,,,,,,,,,,,,
HP Wireless Mouse,ASUS Chromebook,ViewSonic Monitor,iMac,ASUS 2 Monitor,Apple Magic Keyboard,Rii LED Gaming Keyboard & Mouse Combo ,Etekcity Power Extension Cord Cable,Dell Desktop,Slim Wireless Mouse,,,,,,,,,,,,,,,,,,,,,,
ViewSonic Monitor,HP Laptop,Height-Adjustable Standing Desk,Apple Earpods,Dell Laptop,Dell Laptop,,,,,,,,,,,,,,,,,,,,,,,,,,
Dell Desktop,,,,,,,,,,,,,,,,,,,,,,,,,,,,,,,
Acer Aspire,Dell Desktop,Apple Wireless Keyboard,Apple Earpods,HP Monitor,Apple MacBook Air,iPad,,,,,,,,,,,,,,,,,,,,,,,,,
Acer Monitor,Acer Aspire,Dell 2 Desktop,iMac,Lenovo Desktop Computer,Microsoft Office Home and Student 2016,Lenovo Desktop Computer,Wireless Portable Mouse,Rii LED Keyboard,,,,,,,,,,,,,,,,,,,,,,,
Acer Desktop,,,,,,,,,,,,,,,,,,,,,,,,,,,,,,,
Acer Desktop,Apple MacBook Pro,Apple Earpods,HP Monitor,Apple MacBook Air,Backlit LED Gaming Keyboard,,,,,,,,,,,,,,,,,,,,,,,,,,
Samsung Monitor,3-Button Mouse,Wireless Portable Mouse,,,,,,,,,,,,,,,,,,,,,,,,,,,,,
CYBERPOWER Gamer Desktop,iPad,,,,,,,,,,,,,,,,,,,,,,,,,,,,,,
Acer Aspire,,,,,,,,,,,,,,,,,,,,,,,,,,,,,,,
Samsung Monitor,ViewSonic Monitor,Lenovo Desktop Computer,Logitech 3-button Mouse,,,,,,,,,,,,,,,,,,,,,,,,,,,,
Zombie Gaming Headset,,,,,,,,,,,,,,,,,,,,,,,,,,,,,,,
Acer Desktop,Bose Companion Speakers,Brother Printer Toner,Redragon Gaming Mouse,Apple MacBook Pro,Dell Laptop,iPad,Microsoft Wireless Desktop Keyboard and Mouse,,,,,,,,,,,,,,,,,,,,,,,,
iMac,3-Button Mouse,Backlit LED Gaming Keyboard,,,,,,,,,,,,,,,,,,,,,,,,,,,,,
Acer Monitor,ViewSonic Monitor,Computer Game,Apple MacBook Air,,,,,,,,,,,,,,,,,,,,,,,,,,,,
HP Laptop,Lenovo Desktop Computer,Apple Magic Keyboard,HDMI Adapter,HP Monitor,Dell Laptop,JBL Splashproof Portable Bluetooth Speaker,Backlit LED Gaming Keyboard,,,,,,,,,,,,,,,,,,,,,,,,
Apple MacBook Pro,Apple MacBook Air,LG Touchscreen Laptop,,,,,,,,,,,,,,,,,,,,,,,,,,,,,
iMac,Apple Magic Keyboard,CYBERPOWER Gamer Desktop,Microsoft Wireless Desktop Keyboard and Mouse,,,,,,,,,,,,,,,,,,,,,,,,,,,,
iMac,HP Wireless Printer,Logitech 3-button Mouse,HP Desktop,,,,,,,,,,,,,,,,,,,,,,,,,,,,
Kensington Headphones ,Cambridge Bluetooth Speaker,Dell Laptop,Microsoft Wireless Desktop Keyboard and Mouse,,,,,,,,,,,,,,,,,,,,,,,,,,,,
iMac,CYBERPOWER Gamer Desktop,,,,,,,,,,,,,,,,,,,,,,,,,,,,,,
LG Monitor,ASUS Chromebook,,,,,,,,,,,,,,,,,,,,,,,,,,,,,,
Logitech ClearChat Headset,,,,,,,,,,,,,,,,,,,,,,,,,,,,,,,
ViewSonic Monitor,HP Laptop,iMac,Alienware Laptop,Dell Wired Keyboard,Belkin Mouse Pad,,,,,,,,,,,,,,,,,,,,,,,,,,
Samsung Monitor,ViewSonic Monitor,Apple MacBook Air,Canon Office Printer,,,,,,,,,,,,,,,,,,,,,,,,,,,,
Samsung Monitor,Samsung Monitor,Acer Desktop,ASUS Monitor,Logitech 3-button Mouse,Apple Earpods,,,,,,,,,,,,,,,,,,,,,,,,,,
Apple MacBook Pro,Apple Earpods,,,,,,,,,,,,,,,,,,,,,,,,,,,,,,
Acer Monitor,,,,,,,,,,,,,,,,,,,,,,,,,,,,,,,
LG Monitor,iPad,,,,,,,,,,,,,,,,,,,,,,,,,,,,,,
Cambridge Bluetooth Speaker,HP Desktop,,,,,,,,,,,,,,,,,,,,,,,,,,,,,,
Dell Desktop,Dell 2 Desktop,iMac,AOC Monitor,Belkin Mouse Pad,HP Monitor,Brother Printer,iPad Pro ,Microsoft Wireless Desktop Keyboard and Mouse,,,,,,,,,,,,,,,,,,,,,,,
HDMI Cable 6ft,Dell Desktop,iMac,HP Wireless Printer,Alienware Laptop,Lenovo Desktop Computer,Logitech MK550 Wireless Wave Keyboard and Mouse Combo,Dell Wired Keyboard,AOC Monitor,Redragon Gaming Mouse,HP Monitor,iPad Pro ,,,,,,,,,,,,,,,,,,,,
Dell Desktop,HP Laptop,ASUS Monitor,Apple Magic Keyboard,Brother Printer Toner,DOSS Touch Wireless Bluetooth,HP Monitor,Dell Laptop,Microsoft Wireless Desktop Keyboard and Mouse,,,,,,,,,,,,,,,,,,,,,,,
iMac,Apple Magic Keyboard,,,,,,,,,,,,,,,,,,,,,,,,,,,,,,
iMac,ASUS 2 Monitor,3-Button Mouse,HP Monitor,Backlit LED Gaming Keyboard,,,,,,,,,,,,,,,,,,,,,,,,,,,
Acer Desktop,,,,,,,,,,,,,,,,,,,,,,,,,,,,,,,
Kensington Headphones ,HP Monitor,LG Touchscreen Laptop,Dell Laptop,Logitech Keyboard,,,,,,,,,,,,,,,,,,,,,,,,,,,
Dell 2 Desktop,iMac,ASUS Monitor,Microsoft Office Home and Student 2016,Rii LED Keyboard,,,,,,,,,,,,,,,,,,,,,,,,,,,
HP Laptop,Apple MacBook Air,Apple MacBook Air,LG Touchscreen Laptop,Zombie Gaming Headset,USB Cable,Backlit LED Gaming Keyboard,,,,,,,,,,,,,,,,,,,,,,,,,
Dell 2 Desktop,Apple Magic Keyboard,Rii LED Keyboard,,,,,,,,,,,,,,,,,,,,,,,,,,,,,
Computer Game,iMac,ASUS Monitor,Lenovo Desktop Computer,Ailihen Stereo Headphones,HP Monitor,,,,,,,,,,,,,,,,,,,,,,,,,,
Lenovo Desktop Computer,,,,,,,,,,,,,,,,,,,,,,,,,,,,,,,
Dell 2 Desktop,HP Monitor,Wireless Portable Mouse,HP Desktop,,,,,,,,,,,,,,,,,,,,,,,,,,,,
Microsoft Wireless Desktop Keyboard and Mouse,,,,,,,,,,,,,,,,,,,,,,,,,,,,,,,
iMac,Lenovo Desktop Computer,Apple MacBook Pro,,,,,,,,,,,,,,,,,,,,,,,,,,,,,
Logitech Desktop MK120 Mouse and keyboard Combo,Acer Desktop,HP Laptop,HP Wireless Printer,Logitech 3-button Mouse,Apple Earpods,,,,,,,,,,,,,,,,,,,,,,,,,,
Acer Desktop,ViewSonic Monitor,iMac,Lenovo Desktop Computer,AOC Monitor,Apple Earpods,Dell Laptop,Brother Printer,,,,,,,,,,,,,,,,,,,,,,,,
Acer Desktop,CYBERPOWER Gamer Desktop,Apple MacBook Pro,Apple Earpods,Backlit LED Gaming Keyboard,,,,,,,,,,,,,,,,,,,,,,,,,,,
HP Laptop,iMac,Logitech 3-button Mouse,,,,,,,,,,,,,,,,,,,,,,,,,,,,,
Eluktronics Pro Gaming Laptop,,,,,,,,,,,,,,,,,,,,,,,,,,,,,,,
LG Monitor,ViewSonic Monitor,HP Laptop,iMac,Apple Magic Keyboard,Microsoft Office Home and Student 2016,3-Button Mouse,Smart Light Bulb,,,,,,,,,,,,,,,,,,,,,,,,
3-Button Mouse,Apple MacBook Pro,Backlit LED Gaming Keyboard,,,,,,,,,,,,,,,,,,,,,,,,,,,,,
Backlit LED Gaming Keyboard,,,,,,,,,,,,,,,,,,,,,,,,,,,,,,,
Apple MacBook Air,,,,,,,,,,,,,,,,,,,,,,,,,,,,,,,
HDMI Cable 6ft,LG Monitor,iMac,3-Button Mouse,iPad ,Rii LED Gaming Keyboard & Mouse Combo ,Fire TV Stick,Apple Earpods,Apple MacBook Air,,,,,,,,,,,,,,,,,,,,,,,
iMac,Smart Light Bulb,Wireless Portable Mouse,Apple TV,Backlit LED Gaming Keyboard,,,,,,,,,,,,,,,,,,,,,,,,,,,
ASUS Chromebook,iMac,ASUS Monitor,Lenovo Desktop Computer,Epson Printer,Microsoft Office Home and Student 2016,CYBERPOWER Gamer Desktop,Apple Wireless Keyboard,Apple MacBook Air,Canon Office Printer,,,,,,,,,,,,,,,,,,,,,,
Acer Desktop,HP Laptop,ASUS 2 Monitor,Lenovo Desktop Computer,Apple Magic Keyboard,Dell Desktop,Full Motion Monitor Mount,HP Monitor,,,,,,,,,,,,,,,,,,,,,,,,
ASUS Chromebook,Computer Game,iMac,iPad Pro ,,,,,,,,,,,,,,,,,,,,,,,,,,,,
PC Gaming Headset,,,,,,,,,,,,,,,,,,,,,,,,,,,,,,,
HP Laptop,Alienware Laptop,,,,,,,,,,,,,,,,,,,,,,,,,,,,,,
iMac,Logitech Wireless Keyboard,,,,,,,,,,,,,,,,,,,,,,,,,,,,,,
ViewSonic Monitor,HP Laptop,CYBERPOWER Gamer Desktop,Roku Express,,,,,,,,,,,,,,,,,,,,,,,,,,,,
LG Monitor,Epson Printer,Etekcity Power Extension Cord Cable,,,,,,,,,,,,,,,,,,,,,,,,,,,,,
LG Monitor,iMac,Bose Companion Speakers,Backlit LED Gaming Keyboard,,,,,,,,,,,,,,,,,,,,,,,,,,,,
Backlit LED Gaming Keyboard,Etekcity Power Extension Cord Cable,,,,,,,,,,,,,,,,,,,,,,,,,,,,,,
CYBERPOWER Gamer Desktop,,,,,,,,,,,,,,,,,,,,,,,,,,,,,,,
ASUS Chromebook,HP Laptop,Bose Companion Speakers,Belkin Mouse Pad,HP Monitor,Backlit LED Gaming Keyboard,,,,,,,,,,,,,,,,,,,,,,,,,,
Samsung Monitor,HDMI Cable 6ft,iMac,CYBERPOWER Gamer Desktop,HP Monitor,Dell KM117 Wireless Keyboard & Mouse,Dell Laptop,Dell Laptop,iPad,Epson Black Ink,Microsoft Wireless Desktop Keyboard and Mouse,,,,,,,,,,,,,,,,,,,,,
Logitech 3-button Mouse,Apple Earpods,HP Monitor,Apple MacBook Air,,,,,,,,,,,,,,,,,,,,,,,,,,,,
LG Monitor,iMac,ASUS Monitor,ASUS 2 Monitor,Epson Printer,CYBERPOWER Gamer Desktop,Logitech 3-button Mouse,3-Button Mouse,,,,,,,,,,,,,,,,,,,,,,,,
ViewSonic Monitor,HP Laptop,,,,,,,,,,,,,,,,,,,,,,,,,,,,,,
Eluktronics Pro Gaming Laptop,HP Laptop,iMac,Logitech Keyboard,,,,,,,,,,,,,,,,,,,,,,,,,,,,
ViewSonic Monitor,HP Black & Tri-color Ink ,HP Laptop,iMac,Lenovo Desktop Computer,CYBERPOWER Gamer Desktop,Rii LED Gaming Keyboard & Mouse Combo ,Belkin Mouse Pad,Generic Black 3-Button,HP Monitor,Logitech Keyboard,,,,,,,,,,,,,,,,,,,,,
Microsoft Headset,,,,,,,,,,,,,,,,,,,,,,,,,,,,,,,
HP Laptop,iMac,Logitech 3-button Mouse,Apple MacBook Air,,,,,,,,,,,,,,,,,,,,,,,,,,,,
Dell Desktop,iMac,ASUS 2 Monitor,Lenovo Desktop Computer,Apple Magic Keyboard,Koss Home Headphones,Microsoft Office Home and Student 2016,iPad Pro ,,,,,,,,,,,,,,,,,,,,,,,,
Acer Monitor,Apple Earpods,Backlit LED Gaming Keyboard,,,,,,,,,,,,,,,,,,,,,,,,,,,,,
Apple MacBook Air,,,,,,,,,,,,,,,,,,,,,,,,,,,,,,,
HP Wireless Mouse,ASUS Chromebook,Eluktronics Pro Gaming Laptop,Acer Desktop,Logitech MK270 Wireless Keyboard and Mouse Combo,ViewSonic Monitor,iMac,ASUS Monitor,HP Wireless Printer,Lenovo Desktop Computer,Apple Magic Keyboard, Intel Desktop ,3-Button Mouse,Apple MacBook Pro,HP Monitor,,,,,,,,,,,,,,,,,
iMac,,,,,,,,,,,,,,,,,,,,,,,,,,,,,,,
Acer Aspire,iMac,,,,,,,,,,,,,,,,,,,,,,,,,,,,,,
LG Monitor,Dell Desktop,Acer Desktop,HP Laptop,Apple Magic Keyboard,Slim 2TB Portable External Hard Drive,AOC Monitor,Apple MacBook Air,Multi Media Stand,,,,,,,,,,,,,,,,,,,,,,,
iMac,ASUS 2 Monitor,Smart Light Bulb,,,,,,,,,,,,,,,,,,,,,,,,,,,,,
Eluktronics Pro Gaming Laptop,Koss Home Headphones,AOC Monitor,3-Button Mouse,,,,,,,,,,,,,,,,,,,,,,,,,,,,
Koss Home Headphones,,,,,,,,,,,,,,,,,,,,,,,,,,,,,,,
Samsung Monitor,HP Wireless Mouse,LG Monitor,ASUS Chromebook,ViewSonic Monitor,HP Laptop,Lenovo Desktop Computer,Height-Adjustable Standing Desk,HP Notebook Touchscreen Laptop PC,Dell Laptop,Sceptre Monitor,,,,,,,,,,,,,,,,,,,,,
LG Monitor,ViewSonic Monitor,Lenovo Desktop Computer,Bose Companion Speakers,DOSS Touch Wireless Bluetooth,Etekcity Power Extension Cord Cable,Apple Earpods,Backlit LED Gaming Keyboard,,,,,,,,,,,,,,,,,,,,,,,,
LG Monitor,ASUS Chromebook,Eluktronics Pro Gaming Laptop,HP Laptop,iMac,CYBERPOWER Gamer Desktop,,,,,,,,,,,,,,,,,,,,,,,,,,
Dell Desktop,Acer Desktop,ViewSonic Monitor,HP Laptop,iMac,Apple MacBook Pro,,,,,,,,,,,,,,,,,,,,,,,,,,
Acer Monitor,Samsung Monitor,LG Monitor,Computer Game,HP Black & Tri-color Ink ,iMac,Panasonic In-Ear Headphone ,ASUS 2 Monitor,Microsoft Office Home and Student 2016,CYBERPOWER Gamer Desktop,Apple MacBook Air,iPad,,,,,,,,,,,,,,,,,,,,
Apple MacBook Air,,,,,,,,,,,,,,,,,,,,,,,,,,,,,,,
Samsung Monitor,HP Wireless Mouse,iMac,ASUS Monitor,Slim 2TB Portable External Hard Drive,LG Touchscreen Laptop,,,,,,,,,,,,,,,,,,,,,,,,,,
ViewSonic Monitor,Apple Earpods,iPhone Charger Cable,,,,,,,,,,,,,,,,,,,,,,,,,,,,,
Apple Earpods,,,,,,,,,,,,,,,,,,,,,,,,,,,,,,,
Apple MacBook Air,,,,,,,,,,,,,,,,,,,,,,,,,,,,,,,
Apple MacBook Air,,,,,,,,,,,,,,,,,,,,,,,,,,,,,,,
LG Monitor,ViewSonic Monitor,HP Laptop,iMac,Microsoft Office Home and Student 2016,3-Button Mouse,,,,,,,,,,,,,,,,,,,,,,,,,,
Acer Desktop,ViewSonic Monitor,HP Laptop,iMac,CYBERPOWER Gamer Desktop,Logitech 3-button Mouse,Apple MacBook Air,Backlit LED Gaming Keyboard,Logitech Keyboard,,,,,,,,,,,,,,,,,,,,,,,
Logitech 3-button Mouse,,,,,,,,,,,,,,,,,,,,,,,,,,,,,,,
HP Laptop,ASUS 2 Monitor,,,,,,,,,,,,,,,,,,,,,,,,,,,,,,
ASUS Chromebook,HP Laptop,Koss Home Headphones,3-Button Mouse,ASUS Desktop,Dell Laptop,,,,,,,,,,,,,,,,,,,,,,,,,,
ASUS Desktop,,,,,,,,,,,,,,,,,,,,,,,,,,,,,,,
Samsung Monitor,Acer Aspire,HP Laptop,Google Home,Smart Light Bulb,Apple MacBook Pro,Zombie Gaming Headset,Backlit LED Gaming Keyboard,,,,,,,,,,,,,,,,,,,,,,,,
Computer Game,iMac,Microsoft Office Home and Student 2016,CYBERPOWER Gamer Desktop,Belkin Mouse Pad,Apple MacBook Pro,Backlit LED Gaming Keyboard,,,,,,,,,,,,,,,,,,,,,,,,,
LG Monitor,Microsoft Office Home and Student 2016,iPad ,Acer Desktop,,,,,,,,,,,,,,,,,,,,,,,,,,,,
Acer Monitor,ASUS Chromebook,Logitech MK270 Wireless Keyboard and Mouse Combo,HP Laptop,Apple MacBook Air,Dell KM117 Wireless Keyboard & Mouse,iPad Pro ,Backlit LED Gaming Keyboard,,,,,,,,,,,,,,,,,,,,,,,,
HDMI Cable 6ft,Bose Companion Speakers, Intel Desktop ,Apple Wireless Keyboard,Apple MacBook Pro,iPad Pro ,,,,,,,,,,,,,,,,,,,,,,,,,,
Dell Desktop,Logitech MK270 Wireless Keyboard and Mouse Combo,,,,,,,,,,,,,,,,,,,,,,,,,,,,,,
CYBERPOWER Gamer Desktop,AOC Monitor,Apple Wireless Keyboard,,,,,,,,,,,,,,,,,,,,,,,,,,,,,
Acer Monitor,Eluktronics Pro Gaming Laptop,Dell 2 Desktop,Computer Game,HP Laptop,iMac,ASUS 2 Monitor,HP Wireless Printer,CYBERPOWER Gamer Desktop,Rii LED Keyboard,Backlit LED Gaming Keyboard,,,,,,,,,,,,,,,,,,,,,
iMac,ASUS Monitor,Koss Home Headphones,,,,,,,,,,,,,,,,,,,,,,,,,,,,,
HP Laptop,iMac,ASUS 2 Monitor, Intel Desktop ,Epson Printer,iPad ,Dell Desktop,Apple Earpods,Apple MacBook Air,Slim Wireless Mouse,Microsoft Wireless Comfort Keyboard and Mouse,,,,,,,,,,,,,,,,,,,,,
ViewSonic Monitor,Computer Game,HP Laptop,,,,,,,,,,,,,,,,,,,,,,,,,,,,,
CYBERPOWER Gamer Desktop,Logitech 3-button Mouse,Apple Earpods,,,,,,,,,,,,,,,,,,,,,,,,,,,,,
Acer Desktop,ViewSonic Monitor,Computer Game,HP Laptop,Epson Printer,3-Button Mouse,,,,,,,,,,,,,,,,,,,,,,,,,,
CYBERPOWER Gamer Desktop,,,,,,,,,,,,,,,,,,,,,,,,,,,,,,,
Acer Monitor,HP Wireless Mouse,ViewSonic Monitor,iMac,Microsoft Office Home and Student 2016,Ethernet Cable,Halter Mesh Metal Monitor Stand,,,,,,,,,,,,,,,,,,,,,,,,,
Acer Monitor,Samsung Monitor,ASUS Chromebook,Dell Desktop,Dell 2 Desktop,ViewSonic Monitor,HP Laptop,iMac,Lenovo Desktop Computer,Slim 2TB Portable External Hard Drive,Koss Home Headphones,Google Home,Ailihen Stereo Headphones,CYBERPOWER Gamer Desktop,,,,,,,,,,,,,,,,,,
Acer Aspire,Dell Desktop,Acer Desktop,ViewSonic Monitor,HP Laptop,,,,,,,,,,,,,,,,,,,,,,,,,,,
3-Button Mouse,,,,,,,,,,,,,,,,,,,,,,,,,,,,,,,
HP Laptop,iMac,Epson Printer,Brother Printer Toner,DOSS Touch Wireless Bluetooth,HP USB Keyboard ,Slim Wireless Mouse,ASUS Desktop,Logitech Keyboard,,,,,,,,,,,,,,,,,,,,,,,
HDMI Cable 6ft,iMac,AOC Monitor,Backlit LED Gaming Keyboard,,,,,,,,,,,,,,,,,,,,,,,,,,,,
Redragon Gaming Mouse,Backlit LED Gaming Keyboard,Microsoft Wireless Desktop Keyboard and Mouse,,,,,,,,,,,,,,,,,,,,,,,,,,,,,
LG Monitor,Acer Aspire,HP Laptop,iMac,ASUS Monitor,Apple Magic Keyboard,Sonos,Belkin Mouse Pad,Dell Desktop,Smart Light Bulb,Apple Wireless Keyboard,Backlit LED Gaming Keyboard,,,,,,,,,,,,,,,,,,,,
Acer Aspire,iMac,Lenovo Desktop Computer,Apple Magic Keyboard,CYBERPOWER Gamer Desktop,,,,,,,,,,,,,,,,,,,,,,,,,,,
Samsung Monitor,iMac,Panasonic In-Ear Headphone ,CYBERPOWER Gamer Desktop,Logitech 3-button Mouse,Apple MacBook Air,,,,,,,,,,,,,,,,,,,,,,,,,,
Apple Earpods,DYMO Labeling Tape ,Epson Black Ink,,,,,,,,,,,,,,,,,,,,,,,,,,,,,
Acer Aspire,ASUS Monitor,Epson Black Ink,Cambridge Bluetooth Speaker,Belkin Mouse Pad,Samsung Galaxy Tablet,Backlit LED Gaming Keyboard,,,,,,,,,,,,,,,,,,,,,,,,,
HP Laptop,Lenovo Desktop Computer,Fire TV Stick,,,,,,,,,,,,,,,,,,,,,,,,,,,,,
HDMI Cable 6ft,Dell Desktop,AOC Monitor,3-Button Mouse,Wireless Portable Mouse,HP Desktop,,,,,,,,,,,,,,,,,,,,,,,,,,
Samsung Monitor,CYBERPOWER Gamer Desktop,Microsoft Wireless Desktop Keyboard and Mouse,,,,,,,,,,,,,,,,,,,,,,,,,,,,,
Samsung Monitor,HP Wireless Mouse,ViewSonic Monitor,HP Laptop,Lenovo Desktop Computer,Apple Magic Keyboard,CYBERPOWER Gamer Desktop,3-Button Mouse,,,,,,,,,,,,,,,,,,,,,,,,
Samsung Monitor,Acer Aspire,Lenovo Desktop Computer,Samsung Charging Cable,Microsoft Office Home and Student 2016,CYBERPOWER Gamer Desktop,XIBERIA Gaming Headset,Apple Earpods,,,,,,,,,,,,,,,,,,,,,,,,
Samsung Monitor,HDMI Cable 6ft,Dell Desktop,iMac,Lenovo Desktop Computer,Apple Wired Keyboard,CYBERPOWER Gamer Desktop,3TB Portable External Hard Drive,ASUS Desktop,iPad Pro ,Backlit LED Gaming Keyboard,,,,,,,,,,,,,,,,,,,,,
Brother Printer,Epson Black Ink,,,,,,,,,,,,,,,,,,,,,,,,,,,,,,
ASUS Chromebook,Acer Aspire,Dell Desktop,iMac,Alienware Laptop,Epson Printer,CYBERPOWER Gamer Desktop,Logitech 3-button Mouse,Microsoft Basic Optical Mouse,,,,,,,,,,,,,,,,,,,,,,,
Apple MacBook Air,,,,,,,,,,,,,,,,,,,,,,,,,,,,,,,
Computer Game,HP Laptop,iMac,ASUS Monitor,Alienware Laptop,Apple Magic Keyboard,Sonos,CYBERPOWER Gamer Desktop,Apple MacBook Air,ASUS Desktop,DYMO Label Manker  ,iPad Pro ,Backlit LED Gaming Keyboard,,,,,,,,,,,,,,,,,,,
Samsung Monitor,Acer Aspire,ViewSonic Monitor,HP Laptop,CYBERPOWER Gamer Desktop,Apple Earpods,HP Monitor,Apple MacBook Air,DYMO Label Manker  ,,,,,,,,,,,,,,,,,,,,,,,
Samsung Monitor,HP Laptop,CYBERPOWER Gamer Desktop,Full Motion Monitor Mount,Apple Wireless Keyboard,Apple Earpods,Apple TV,,,,,,,,,,,,,,,,,,,,,,,,,
Lenovo Desktop Computer,CYBERPOWER Gamer Desktop,Logitech 3-button Mouse,Slim Wireless Mouse,Logitech Keyboard,,,,,,,,,,,,,,,,,,,,,,,,,,,
HP Wireless Mouse,HP Black & Tri-color Ink ,HP Laptop,ASUS Monitor,Logitech 3-button Mouse,3-Button Mouse,Belkin Mouse Pad,iPad,,,,,,,,,,,,,,,,,,,,,,,,
ASUS Chromebook,Eluktronics Pro Gaming Laptop,Acer Desktop,ViewSonic Monitor,iMac,Alienware Laptop,Lenovo Desktop Computer,Apple Magic Keyboard,Cyber Acoustics,Dell Desktop,Generic Black 3-Button,,,,,,,,,,,,,,,,,,,,,
Bose Companion Speakers,CYBERPOWER Gamer Desktop,,,,,,,,,,,,,,,,,,,,,,,,,,,,,,
LG Monitor,Belkin Mouse Pad,JBL Splashproof Portable Bluetooth Speaker,,,,,,,,,,,,,,,,,,,,,,,,,,,,,
Dell Desktop,Dell 2 Desktop,HP Black & Tri-color Ink ,Mackie CR Speakers,Microsoft Wireless Desktop Keyboard and Mouse,,,,,,,,,,,,,,,,,,,,,,,,,,,
Full Motion Monitor Mount,LG Touchscreen Laptop,Backlit LED Gaming Keyboard,Etekcity Power Extension Cord Cable,,,,,,,,,,,,,,,,,,,,,,,,,,,,
Dell Desktop,ViewSonic Monitor,HP Laptop,Lenovo Desktop Computer,Apple Magic Keyboard,CYBERPOWER Gamer Desktop,Belkin Mouse Pad,Apple Wireless Keyboard,Apple Earpods,Backlit LED Gaming Keyboard,,,,,,,,,,,,,,,,,,,,,,
Samsung Monitor,HP Wireless Mouse,iMac,Dell Wired Keyboard,Epson Printer,CYBERPOWER Gamer Desktop,Mackie CR Speakers,Belkin Mouse Pad,Dell Desktop,Ethernet Cable,Microsoft Basic Optical Mouse,Brother Printer,,,,,,,,,,,,,,,,,,,,
Acer Monitor,CYBERPOWER Gamer Desktop,JBL Splashproof Portable Bluetooth Speaker,Microsoft Wireless Desktop Keyboard and Mouse,,,,,,,,,,,,,,,,,,,,,,,,,,,,
CYBERPOWER Gamer Desktop,,,,,,,,,,,,,,,,,,,,,,,,,,,,,,,
Microsoft Basic Optical Mouse,Apple MacBook Pro,HP Monitor,Backlit LED Gaming Keyboard,,,,,,,,,,,,,,,,,,,,,,,,,,,,
Acer Aspire,ViewSonic Monitor,HP Laptop,iMac,ASUS Monitor,ASUS 2 Monitor,Etekcity Power Extension Cord Cable,Full Motion Monitor Mount,Brother Printer,Backlit LED Gaming Keyboard,,,,,,,,,,,,,,,,,,,,,,
Computer Game,Apple MacBook Pro,Apple Earpods,Apple MacBook Air,,,,,,,,,,,,,,,,,,,,,,,,,,,,
Logitech Desktop MK120 Mouse and keyboard Combo,ViewSonic Monitor,HP Laptop,iMac,CYBERPOWER Gamer Desktop,Apple MacBook Pro,Zombie Gaming Headset,JBL Splashproof Portable Bluetooth Speaker,,,,,,,,,,,,,,,,,,,,,,,,
Samsung Monitor,Bose Companion Speakers,3-Button Mouse,Belkin Mouse Pad,Halter Acrylic Monitor Stand,Redragon Gaming Mouse,Wireless Portable Mouse,,,,,,,,,,,,,,,,,,,,,,,,,
LG Touchscreen Laptop,Dell KM117 Wireless Keyboard & Mouse,,,,,,,,,,,,,,,,,,,,,,,,,,,,,,
Eluktronics Pro Gaming Laptop,Acer Aspire,HP Black & Tri-color Ink ,HP Laptop,iMac,ASUS Monitor,Microsoft Office Home and Student 2016,Cyber Acoustics,Logitech MK360 Wireless Keyboard and Mouse Combo,Ethernet Cable,Microsoft Basic Optical Mouse,Apple MacBook Pro,Acer Desktop,Apple MacBook Air,Brother Printer,,,,,,,,,,,,,,,,,
HP Wireless Mouse,ViewSonic Monitor,Computer Game,HP Laptop,iMac,ASUS Monitor,Lenovo Desktop Computer,Logitech MK550 Wireless Wave Keyboard and Mouse Combo,Google Home,Mackie CR Speakers,Dell Desktop,,,,,,,,,,,,,,,,,,,,,
Logitech Desktop MK120 Mouse and keyboard Combo,Dell Desktop,Acer Desktop,ViewSonic Monitor,HP Black & Tri-color Ink ,HP Laptop,Logitech Wireless Mouse,iMac,Alienware Laptop,Lenovo Desktop Computer,Google Home,CYBERPOWER Gamer Desktop,Etekcity Power Extension Cord Cable,Redragon Gaming Mouse,Apple Wireless Keyboard,Apple MacBook Pro,HP Monitor,iPad,Apple TV,,,,,,,,,,,,,
HP Wireless Printer,Redragon Gaming Mouse,Backlit LED Gaming Keyboard,,,,,,,,,,,,,,,,,,,,,,,,,,,,,
Dell Desktop,iMac,ASUS Monitor,Microsoft Office Home and Student 2016,Apple MacBook Pro,Acer Desktop,Apple MacBook Air,iPhone Charger Cable,,,,,,,,,,,,,,,,,,,,,,,,
ASUS Chromebook,Acer Aspire,Dell Desktop,Acer Desktop,Dell 2 Desktop,ViewSonic Monitor,HP Laptop,iMac,HP Wireless Printer,Panasonic In-Ear Headphone ,CYBERPOWER Gamer Desktop,Rii LED Gaming Keyboard & Mouse Combo ,Dell Desktop,Microsoft Basic Optical Mouse,Logitech Multimedia Speakers,Apple Earpods,Apple MacBook Air,Dell Laptop,iPad Pro ,Backlit LED Gaming Keyboard,,,,,,,,,,,,
LG Monitor,ASUS Chromebook,ViewSonic Monitor,HP Laptop,Epson Printer,Belkin Mouse Pad,LG Touchscreen Laptop,,,,,,,,,,,,,,,,,,,,,,,,,
AOC Monitor,,,,,,,,,,,,,,,,,,,,,,,,,,,,,,,
ViewSonic Monitor,iMac,,Panasonic On-Ear Stereo Headphones,Backlit LED Gaming Keyboard,,,,,,,,,,,,,,,,,,,,,,,,,,,
Acer Monitor,Apple MacBook Air,,,,,,,,,,,,,,,,,,,,,,,,,,,,,,
Acer Aspire,Smart Light Bulb,Fire TV Stick,Monster Beats By Dr Dre,,,,,,,,,,,,,,,,,,,,,,,,,,,,
CYBERPOWER Gamer Desktop,3-Button Mouse,,,,,,,,,,,,,,,,,,,,,,,,,,,,,,
Dell Desktop,iMac,ASUS 2 Monitor,Lenovo Desktop Computer,CYBERPOWER Gamer Desktop,HP Desktop,,,,,,,,,,,,,,,,,,,,,,,,,,
 Intel Desktop ,HP Monitor,,,,,,,,,,,,,,,,,,,,,,,,,,,,,,
Samsung Monitor,HDMI Cable 6ft,LG Monitor,HP Laptop,iMac,HP Wireless Printer,Apple Magic Keyboard,Brother Printer Toner,Panasonic On-Ear Stereo Headphones,HP Monitor,Slim Wireless Mouse,ASUS Desktop,,,,,,,,,,,,,,,,,,,,
Logitech Desktop MK120 Mouse and keyboard Combo,LG Monitor,Acer Aspire,Acer Desktop,Cambridge Bluetooth Speaker,Wireless Portable Mouse,Dell Laptop,Brother Printer,Microsoft Wireless Desktop Keyboard and Mouse,,,,,,,,,,,,,,,,,,,,,,,
Acer Monitor,Samsung Monitor,Monster Beats By Dr Dre,ASUS Chromebook,Dell Desktop,Acer Desktop,ViewSonic Monitor,Computer Game,iMac,ASUS Monitor,Lenovo Desktop Computer,Apple Magic Keyboard,Panasonic In-Ear Headphone , Intel Desktop ,Cambridge Bluetooth Speaker,Dell Monitor,Microsoft Office Home and Student 2016,CYBERPOWER Gamer Desktop,iPad ,Lenovo Desktop Computer,Mackie CR Speakers,Belkin Mouse Pad,HDMI Adapter,Apple Wireless Keyboard,ASUS Desktop,Wireless Portable Mouse,Brother Printer,,,,,
HP Wireless Mouse,LG Monitor,iMac,Apple Wireless Keyboard,Apple Earpods,Apple MacBook Air,iPad Pro ,Backlit LED Gaming Keyboard,,,,,,,,,,,,,,,,,,,,,,,,
Dell Desktop,ViewSonic Monitor,iMac,Apple Magic Keyboard,Epson Printer,Microsoft Office Home and Student 2016,Dell KM117 Wireless Keyboard & Mouse,,,,,,,,,,,,,,,,,,,,,,,,,
HP Wireless Mouse,LG Monitor,Acer Aspire,Dell 2 Desktop,Lenovo Desktop Computer,,,,,,,,,,,,,,,,,,,,,,,,,,,
ViewSonic Monitor,Lenovo Desktop Computer,Logitech 3-button Mouse,3-Button Mouse,Rii LED Gaming Keyboard & Mouse Combo ,Apple MacBook Pro,Logitech Keyboard,,,,,,,,,,,,,,,,,,,,,,,,,
HP Wireless Mouse,Dell Desktop,CYBERPOWER Gamer Desktop,3-Button Mouse,Apple MacBook Pro,Dell KM117 Wireless Keyboard & Mouse,Dell Laptop,Backlit LED Gaming Keyboard,,,,,,,,,,,,,,,,,,,,,,,,
Apple MacBook Air,Microsoft Wireless Desktop Keyboard and Mouse,,,,,,,,,,,,,,,,,,,,,,,,,,,,,,
iPhone Charger Cable,,,,,,,,,,,,,,,,,,,,,,,,,,,,,,,
Apple MacBook Air,,,,,,,,,,,,,,,,,,,,,,,,,,,,,,,
Dell Desktop,iMac,Microsoft Office Home and Student 2016,3-Button Mouse,Belkin Mouse Pad,Apple Wireless Keyboard,DYMO Label Manker  ,Brother Printer,DYMO Labeling Tape ,,,,,,,,,,,,,,,,,,,,,,,
ASUS Chromebook,Acer Aspire,ViewSonic Monitor,Dell Laptop,,,,,,,,,,,,,,,,,,,,,,,,,,,,
iMac,CYBERPOWER Gamer Desktop,,,,,,,,,,,,,,,,,,,,,,,,,,,,,,
Apple MacBook Pro,Apple Earpods,,,,,,,,,,,,,,,,,,,,,,,,,,,,,,
LG Monitor,Acer Desktop,ViewSonic Monitor,HP Laptop,ASUS 2 Monitor,Alienware Laptop,Belkin Mouse Pad,Backlit LED Gaming Keyboard,,,,,,,,,,,,,,,,,,,,,,,,
LG Monitor,Dell Desktop,ViewSonic Monitor,Apple Magic Keyboard,Epson Printer,iPad ,,,,,,,,,,,,,,,,,,,,,,,,,,
Acer Desktop,HP Laptop,Lenovo Desktop Computer,Apple Magic Keyboard,Microsoft Office Home and Student 2016,Logitech 3-button Mouse,ViewSonic Monitor,Apple Wireless Keyboard,Dell Laptop,Logitech Keyboard,,,,,,,,,,,,,,,,,,,,,,
Dell Laptop,,,,,,,,,,,,,,,,,,,,,,,,,,,,,,,
Acer Aspire,Dell Desktop,Acer Desktop,HP Laptop,Lenovo Desktop Computer,Bose Companion Speakers, Intel Desktop ,HP Monitor,Brother Printer,Logitech Keyboard,,,,,,,,,,,,,,,,,,,,,,
Acer Monitor,Logitech Desktop MK120 Mouse and keyboard Combo,Acer Aspire,iMac,ASUS 2 Monitor,Dell Monitor,CYBERPOWER Gamer Desktop,AOC Monitor,3-Button Mouse,Brother Printer Toner,Microsoft Basic Optical Mouse,Fire TV Stick,Apple MacBook Pro,Apple Earpods,HP Monitor,Apple MacBook Air,LG Touchscreen Laptop,Computer Game,Dell Laptop,iPad,,,,,,,,,,,,
Samsung Monitor,ASUS Chromebook,Dell Desktop,HP Laptop,ASUS Monitor,Lenovo Desktop Computer,Bose Companion Speakers,Epson Black Ink,Panasonic In-Ear Headphone ,Lenovo Desktop Computer,Computer Game,Fire TV Stick,Backlit LED Gaming Keyboard,,,,,,,,,,,,,,,,,,,
ViewSonic Monitor,HP Laptop,iMac,Panasonic In-Ear Headphone ,CYBERPOWER Gamer Desktop,Redragon Gaming Mouse,Microsoft Wireless Desktop Keyboard and Mouse,,,,,,,,,,,,,,,,,,,,,,,,,
ViewSonic Monitor,,,,,,,,,,,,,,,,,,,,,,,,,,,,,,,
Dell Desktop,Bose Companion Speakers,Logitech 3-button Mouse,Logitech MK360 Wireless Keyboard and Mouse Combo,iPad Pro ,,,,,,,,,,,,,,,,,,,,,,,,,,,
Acer Desktop,ViewSonic Monitor,Sonos,CYBERPOWER Gamer Desktop,Zombie Gaming Headset,Apple MacBook Air,,,,,,,,,,,,,,,,,,,,,,,,,,
Samsung Monitor,Dell Desktop,iMac,HP Wireless Printer,Alienware Laptop,Lenovo Desktop Computer,Koss Home Headphones,Panasonic In-Ear Headphone ,Sonos,AOC Monitor,Apple Wireless Keyboard,Apple Earpods,Slim Wireless Mouse,ASUS Desktop,Microsoft Headset,Dell Laptop,iPad Pro ,Backlit LED Gaming Keyboard,Microsoft Wireless Desktop Keyboard and Mouse,,,,,,,,,,,,,
ASUS 2 Monitor,Lenovo Desktop Computer,Microsoft Office Home and Student 2016,AOC Monitor,Apple Wireless Keyboard,ASUS Desktop,,,,,,,,,,,,,,,,,,,,,,,,,,
ASUS Chromebook,ViewSonic Monitor,HP Laptop,iMac,ASUS 2 Monitor,iPhone Charger Cable,Microsoft Office Home and Student 2016,Apple Earpods,HP Monitor,,,,,,,,,,,,,,,,,,,,,,,
Acer Monitor,ViewSonic Monitor,Apple MacBook Pro,Apple MacBook Air,Brother Printer,,,,,,,,,,,,,,,,,,,,,,,,,,,
ViewSonic Monitor,HP Laptop,Bose Companion Speakers,Logitech MK550 Wireless Wave Keyboard and Mouse Combo,CYBERPOWER Gamer Desktop,Fire TV Stick,Slim Wireless Mouse,Microsoft Wireless Comfort Keyboard and Mouse,Wireless Portable Mouse,Rii LED Keyboard,HP Desktop,,,,,,,,,,,,,,,,,,,,,
Acer Monitor,Acer Desktop,ViewSonic Monitor,HP Laptop,iMac,Alienware Laptop,Monster Beats By Dr Dre,Apple Earpods,,,,,,,,,,,,,,,,,,,,,,,,
Eluktronics Pro Gaming Laptop,ViewSonic Monitor,HP Laptop,iMac,Koss Home Headphones,Epson Black Ink,Backlit LED Gaming Keyboard,,,,,,,,,,,,,,,,,,,,,,,,,
DOSS Touch Wireless Bluetooth,Apple MacBook Air,,,,,,,,,,,,,,,,,,,,,,,,,,,,,,
Dell Desktop,Logitech MK270 Wireless Keyboard and Mouse Combo,ViewSonic Monitor,HP Laptop,CYBERPOWER Gamer Desktop,Logitech Multimedia Speakers,Apple MacBook Air,,,,,,,,,,,,,,,,,,,,,,,,,
Acer Desktop,,,,,,,,,,,,,,,,,,,,,,,,,,,,,,,
Acer Aspire,ASUS 2 Monitor,Brother Printer Toner,Fire HD Tablet,,,,,,,,,,,,,,,,,,,,,,,,,,,,
HP Monitor,PC Gaming Headset,,,,,,,,,,,,,,,,,,,,,,,,,,,,,,
Acer Monitor,Otium Wireless Sports Bluetooth Headphone,HP Wireless Mouse,Sonos,Microsoft Office Home and Student 2016,3-Button Mouse,Cyber Acoustics,Dell Desktop,Apple Wireless Keyboard,Backlit LED Gaming Keyboard,,,,,,,,,,,,,,,,,,,,,,
iMac,Microsoft Office Home and Student 2016,Etekcity Power Extension Cord Cable,,,,,,,,,,,,,,,,,,,,,,,,,,,,,
Eluktronics Pro Gaming Laptop,3-Button Mouse,Acer Desktop,,,,,,,,,,,,,,,,,,,,,,,,,,,,,
ASUS Desktop,iPad,,,,,,,,,,,,,,,,,,,,,,,,,,,,,,
Apple Earpods,Dell Laptop,,,,,,,,,,,,,,,,,,,,,,,,,,,,,,
Eluktronics Pro Gaming Laptop,Acer Desktop,ViewSonic Monitor,HP Laptop,iMac,Apple Magic Keyboard, Intel Desktop ,Logitech 3-button Mouse,Computer Game,Samsung Charging Cable,,,,,,,,,,,,,,,,,,,,,,
Acer Monitor,Apple Magic Keyboard,Apple Wireless Keyboard,,,,,,,,,,,,,,,,,,,,,,,,,,,,,
Logitech MK550 Wireless Wave Keyboard and Mouse Combo,3-Button Mouse,,,,,,,,,,,,,,,,,,,,,,,,,,,,,,
Backlit LED Gaming Keyboard,,,,,,,,,,,,,,,,,,,,,,,,,,,,,,,
HP Wireless Mouse,LG Monitor,HP Laptop,iMac,Apple MacBook Pro,,,,,,,,,,,,,,,,,,,,,,,,,,,
Koss Home Headphones,CYBERPOWER Gamer Desktop,Logitech 3-button Mouse,Zombie Gaming Headset,Backlit LED Gaming Keyboard,Microsoft Wireless Desktop Keyboard and Mouse,,,,,,,,,,,,,,,,,,,,,,,,,,
Acer Desktop,Apple Wireless Keyboard,,,,,,,,,,,,,,,,,,,,,,,,,,,,,,
Dell Desktop,Acer Desktop,Logitech MK270 Wireless Keyboard and Mouse Combo,iMac,,,,,,,,,,,,,,,,,,,,,,,,,,,,
Eluktronics Pro Gaming Laptop,Logitech MK270 Wireless Keyboard and Mouse Combo,ViewSonic Monitor,HP Laptop,USB Cable,Multi Media Stand,Logitech Keyboard,,,,,,,,,,,,,,,,,,,,,,,,,
Kensington Headphones ,Redragon Gaming Mouse,Microsoft Wireless Desktop Keyboard and Mouse,,,,,,,,,,,,,,,,,,,,,,,,,,,,,
Logitech Keyboard,,,,,,,,,,,,,,,,,,,,,,,,,,,,,,,
iMac,,,,,,,,,,,,,,,,,,,,,,,,,,,,,,,
Dell Desktop,ViewSonic Monitor,CYBERPOWER Gamer Desktop,Backlit LED Gaming Keyboard,,,,,,,,,,,,,,,,,,,,,,,,,,,,
iMac,ASUS Monitor,Lenovo Desktop Computer,CYBERPOWER Gamer Desktop,Sceptre Monitor,Backlit LED Gaming Keyboard,,,,,,,,,,,,,,,,,,,,,,,,,,
Apple MacBook Air,,,,,,,,,,,,,,,,,,,,,,,,,,,,,,,
iMac,ASUS 2 Monitor,Apple Magic Keyboard,,,,,,,,,,,,,,,,,,,,,,,,,,,,,
Acer Monitor,HP Laptop, Intel Desktop ,Fire TV Stick,ASUS Desktop,iPad Pro ,,,,,,,,,,,,,,,,,,,,,,,,,,
Acer Aspire,Dell Desktop,,,,,,,,,,,,,,,,,,,,,,,,,,,,,,
Eluktronics Pro Gaming Laptop,Epson Black Ink,3-Button Mouse,HP Monitor,Slim Wireless Mouse,Sceptre Monitor,,,,,,,,,,,,,,,,,,,,,,,,,,
iPhone Charger Cable,,,,,,,,,,,,,,,,,,,,,,,,,,,,,,,
Samsung Monitor,HP Laptop,iMac,HP Wireless Printer,Microsoft Office Home and Student 2016,CYBERPOWER Gamer Desktop,AOC Monitor,Apple MacBook Pro,Apple Earpods,Dell Laptop,Zombie Gaming Headset,Microsoft Wireless Desktop Keyboard and Mouse,,,,,,,,,,,,,,,,,,,,
Lenovo Desktop Computer,Bose Companion Speakers,Logitech Keyboard,Apple MacBook Pro,Apple MacBook Air,,,,,,,,,,,,,,,,,,,,,,,,,,,
Samsung Monitor,ViewSonic Monitor,HP Laptop,iMac,Etekcity Power Extension Cord Cable,Fire HD Tablet,Dell Laptop,Backlit LED Gaming Keyboard,,,,,,,,,,,,,,,,,,,,,,,,
Apple MacBook Air,,,,,,,,,,,,,,,,,,,,,,,,,,,,,,,
Acer Desktop,,,,,,,,,,,,,,,,,,,,,,,,,,,,,,,
Microsoft Basic Optical Mouse,,,,,,,,,,,,,,,,,,,,,,,,,,,,,,,
HP Wireless Mouse,,,,,,,,,,,,,,,,,,,,,,,,,,,,,,,
HP Wireless Mouse,ASUS Chromebook,ViewSonic Monitor,HP Laptop,iMac,Apple Magic Keyboard,Cyber Acoustics,Apple Earpods,,,,,,,,,,,,,,,,,,,,,,,,
HP Black & Tri-color Ink ,iMac,3-Button Mouse,,,,,,,,,,,,,,,,,,,,,,,,,,,,,
Acer Monitor,Dell Laptop,,,,,,,,,,,,,,,,,,,,,,,,,,,,,,
Apple Earpods,,,,,,,,,,,,,,,,,,,,,,,,,,,,,,,
AOC Monitor,Logitech 3-button Mouse,,,,,,,,,,,,,,,,,,,,,,,,,,,,,,
HP Wireless Mouse,LG Monitor,HP Laptop,Bose Companion Speakers,AOC Monitor,3-Button Mouse,Cyber Acoustics,Apple Earpods,HP Desktop,,,,,,,,,,,,,,,,,,,,,,,
ASUS Chromebook,ViewSonic Monitor,HP Laptop,iMac,Microsoft Office Home and Student 2016,CYBERPOWER Gamer Desktop,Logitech 3-button Mouse,Apple Earpods,HP Monitor,Dell KM117 Wireless Keyboard & Mouse,Logitech Stereo Headset ,JBL Splashproof Portable Bluetooth Speaker,Roku Express,Microsoft Wireless Desktop Keyboard and Mouse,,,,,,,,,,,,,,,,,,
ViewSonic Monitor,Logitech Wireless Mouse,CYBERPOWER Gamer Desktop,Dell Desktop,iPhone Charger Cable,,,,,,,,,,,,,,,,,,,,,,,,,,,
Apple Earpods,,,,,,,,,,,,,,,,,,,,,,,,,,,,,,,
Lenovo Desktop Computer,Full Motion Monitor Mount,Logitech Keyboard,,,,,,,,,,,,,,,,,,,,,,,,,,,,,
AOC Monitor,Apple MacBook Pro,Apple Earpods,Apple MacBook Air,,,,,,,,,,,,,,,,,,,,,,,,,,,,
Zombie Gaming Headset,,,,,,,,,,,,,,,,,,,,,,,,,,,,,,,
iMac,Dell Desktop,DYMO Labeling Tape ,,,,,,,,,,,,,,,,,,,,,,,,,,,,,
Lenovo Desktop Computer,iPad,,,,,,,,,,,,,,,,,,,,,,,,,,,,,,
iMac,Epson Printer,Cambridge Bluetooth Speaker,Generic Black 3-Button,Apple MacBook Air,,,,,,,,,,,,,,,,,,,,,,,,,,,
HP Laptop,Lenovo Desktop Computer,Apple Magic Keyboard,Backlit LED Gaming Keyboard,,,,,,,,,,,,,,,,,,,,,,,,,,,,
Samsung Monitor,CYBERPOWER Gamer Desktop,HP Monitor,,,,,,,,,,,,,,,,,,,,,,,,,,,,,
HP Laptop,HP Wireless Printer, Intel Desktop ,CYBERPOWER Gamer Desktop,AOC Monitor,Belkin Mouse Pad,Slim Wireless Mouse,Wireless Portable Mouse,HP Desktop,2TB Portable External Hard Drive,Backlit LED Gaming Keyboard,,,,,,,,,,,,,,,,,,,,,
Ailihen Stereo Headphones,Dell Desktop,Acer Desktop,Dell 2 Desktop,iMac,ASUS 2 Monitor,Lenovo Desktop Computer,Apple Magic Keyboard,Epson Black Ink,Apple Wireless Keyboard,ASUS Desktop,Rii LED Keyboard,iPad Pro ,,,,,,,,,,,,,,,,,,,
Acer Desktop,Slim 2TB Portable External Hard Drive,Epson Printer,Cambridge Bluetooth Speaker,Apple MacBook Pro,Apple Earpods,Slim Wireless Mouse,,,,,,,,,,,,,,,,,,,,,,,,,
Acer Aspire,Dell Desktop,Acer Desktop,ViewSonic Monitor,Computer Game,HP Laptop,iMac,Lenovo Desktop Computer,CYBERPOWER Gamer Desktop,Logitech 3-button Mouse,Apple Earpods,HP Monitor,,,,,,,,,,,,,,,,,,,,
JBL Splashproof Portable Bluetooth Speaker,,,,,,,,,,,,,,,,,,,,,,,,,,,,,,,
Otium Wireless Sports Bluetooth Headphone,ASUS 2 Monitor,Lenovo Desktop Computer,Sonos,Etekcity Power Extension Cord Cable,Halter Acrylic Monitor Stand,Apple Earpods,HP Monitor,PC Gaming Headset,,,,,,,,,,,,,,,,,,,,,,,
LG Monitor,Computer Game,HP Laptop,iMac,ASUS 2 Monitor,Alienware Laptop,Apple Magic Keyboard,CYBERPOWER Gamer Desktop,Large Mouse Pad,Slim Wireless Mouse,Wireless Portable Mouse,Backlit LED Gaming Keyboard,,,,,,,,,,,,,,,,,,,,
Samsung Monitor,Acer Desktop,ViewSonic Monitor,iMac,Lenovo Desktop Computer,Dell Monitor,Cyber Acoustics,Apple MacBook Pro,HP Monitor,,,,,,,,,,,,,,,,,,,,,,,
Acer Desktop,ViewSonic Monitor,Bose Companion Speakers,Epson Black Ink,Belkin Mouse Pad,Dell Desktop,Panasonic On-Ear Stereo Headphones,Logitech Wireless Keyboard,HP Monitor,Dell Laptop,,,,,,,,,,,,,,,,,,,,,,
Apple MacBook Pro,,,,,,,,,,,,,,,,,,,,,,,,,,,,,,,
iMac,Logitech MK550 Wireless Wave Keyboard and Mouse Combo,Dell Desktop,,,,,,,,,,,,,,,,,,,,,,,,,,,,,
Computer Game,,,,,,,,,,,,,,,,,,,,,,,,,,,,,,,
Monster Beats By Dr Dre,Acer Desktop,ViewSonic Monitor,Epson Printer,Slim Wireless Mouse,,,,,,,,,,,,,,,,,,,,,,,,,,,
Otium Wireless Sports Bluetooth Headphone,ViewSonic Monitor,HP Laptop,HP Monitor,LG Touchscreen Laptop,,,,,,,,,,,,,,,,,,,,,,,,,,,
ViewSonic Monitor,Apple Earpods,Dell KM117 Wireless Keyboard & Mouse,Computer Game,Wireless Portable Mouse,,,,,,,,,,,,,,,,,,,,,,,,,,,
Acer Aspire,Dell Desktop,ViewSonic Monitor,HP Laptop,iMac,,,,,,,,,,,,,,,,,,,,,,,,,,,
Apple Earpods,Zombie Gaming Headset,,,,,,,,,,,,,,,,,,,,,,,,,,,,,,
Apple MacBook Air,,,,,,,,,,,,,,,,,,,,,,,,,,,,,,,
HP Wireless Printer, Intel Desktop ,Height-Adjustable Standing Desk,Microsoft Office Home and Student 2016,3-Button Mouse,Halter Acrylic Monitor Stand,Dell Laptop,Apple TV,2TB Portable External Hard Drive,,,,,,,,,,,,,,,,,,,,,,,
Apple MacBook Air,,,,,,,,,,,,,,,,,,,,,,,,,,,,,,,
iPad ,HP USB Keyboard ,Apple Earpods,HP Monitor,Apple MacBook Air,iPad Pro ,,,,,,,,,,,,,,,,,,,,,,,,,,
Samsung Monitor,iMac,Epson Black Ink,Brother Printer Toner,Redragon Gaming Mouse,,,,,,,,,,,,,,,,,,,,,,,,,,,
Lenovo Desktop Computer,Belkin Mouse Pad,Backlit LED Gaming Keyboard,,,,,,,,,,,,,,,,,,,,,,,,,,,,,
HP Wireless Mouse,ViewSonic Monitor,iMac,ASUS Monitor,Lenovo Desktop Computer,EagleTec Wireless Combo Keyboard and Mouse,Dell Laptop,USB Cable,2TB Portable External Hard Drive,iPad Pro ,Multi Media Stand,Epson Black Ink,Backlit LED Gaming Keyboard,,,,,,,,,,,,,,,,,,,
Otium Wireless Sports Bluetooth Headphone,LG Monitor,Acer Desktop,ViewSonic Monitor,HP Laptop,iMac,Logitech MK550 Wireless Wave Keyboard and Mouse Combo,AOC Monitor,Cyber Acoustics,Belkin Mouse Pad,iPhone Charger Cable,Logitech Wireless Keyboard,Dell Laptop,DYMO Labeling Tape ,,,,,,,,,,,,,,,,,,
Acer Aspire,Dell 2 Desktop,ASUS Monitor,Alienware Laptop,Lenovo Desktop Computer,Panasonic In-Ear Headphone ,Epson Printer,HP Wireless Mouse,Apple Earpods,,,,,,,,,,,,,,,,,,,,,,,
Alienware Laptop, Intel Desktop ,CYBERPOWER Gamer Desktop,Acer Desktop,Backlit LED Gaming Keyboard,,,,,,,,,,,,,,,,,,,,,,,,,,,
5TB Desktop Hard Drive,HP Laptop,iMac,Sonos,Apple Earpods,Backlit LED Gaming Keyboard,,,,,,,,,,,,,,,,,,,,,,,,,,
ViewSonic Monitor,HP Laptop,Apple MacBook Air,,,,,,,,,,,,,,,,,,,,,,,,,,,,,
Apple MacBook Air,,,,,,,,,,,,,,,,,,,,,,,,,,,,,,,
HP Wireless Mouse,HP Laptop,Epson Printer,Apple MacBook Air,Microsoft Wireless Desktop Keyboard and Mouse,,,,,,,,,,,,,,,,,,,,,,,,,,,
ASUS Monitor,ASUS 2 Monitor,,,,,,,,,,,,,,,,,,,,,,,,,,,,,,
Dell Desktop,Dell Wired Keyboard,Microsoft Office Home and Student 2016,Apple Earpods,Apple MacBook Air,,,,,,,,,,,,,,,,,,,,,,,,,,,
ViewSonic Monitor,HP Laptop,iMac,Apple Magic Keyboard,Logitech MK550 Wireless Wave Keyboard and Mouse Combo,Epson Printer,Redragon Gaming Mouse,JBL Splashproof Portable Bluetooth Speaker,Backlit LED Gaming Keyboard,,,,,,,,,,,,,,,,,,,,,,,
Dell Desktop,HP Laptop,CYBERPOWER Gamer Desktop,Lenovo Desktop Computer,Belkin Mouse Pad,Apple Earpods,Apple MacBook Air,Slim Wireless Mouse,,,,,,,,,,,,,,,,,,,,,,,,
Samsung Monitor,Eluktronics Pro Gaming Laptop,Acer Aspire,iMac,Cyber Acoustics,Apple Earpods,Microsoft Headset,Zombie Gaming Headset,Brother Printer,Multi Media Stand,,,,,,,,,,,,,,,,,,,,,,
Apple MacBook Pro,,,,,,,,,,,,,,,,,,,,,,,,,,,,,,,
Slim Wireless Mouse,DYMO Label Manker  ,,,,,,,,,,,,,,,,,,,,,,,,,,,,,,
ASUS Chromebook,HP Laptop,Dell Laptop,Backlit LED Gaming Keyboard,Microsoft Wireless Desktop Keyboard and Mouse,,,,,,,,,,,,,,,,,,,,,,,,,,,
iMac,Apple Wireless Keyboard,Apple Earpods,,,,,,,,,,,,,,,,,,,,,,,,,,,,,
HDMI Cable 6ft,HP Laptop,iMac,Microsoft Office Home and Student 2016,Fire TV Stick,Acer Desktop,Slim Wireless Mouse,Brother Printer,Microsoft Wireless Desktop Keyboard and Mouse,,,,,,,,,,,,,,,,,,,,,,,
Height-Adjustable Standing Desk,iPad,Backlit LED Gaming Keyboard,,,,,,,,,,,,,,,,,,,,,,,,,,,,,
Acer Monitor,HDMI Cable 6ft,HP Laptop,Dell Wired Keyboard,CYBERPOWER Gamer Desktop,AOC Monitor,Computer Game,Apple Wireless Keyboard,Apple MacBook Air,ASUS Desktop,,,,,,,,,,,,,,,,,,,,,,
Eluktronics Pro Gaming Laptop,ASUS Monitor,3TB Portable External Hard Drive,Logitech MK360 Wireless Keyboard and Mouse Combo,Apple Earpods,Acer Desktop,,,,,,,,,,,,,,,,,,,,,,,,,,
Apple Magic Keyboard,Microsoft Office Home and Student 2016,Sceptre Monitor,,,,,,,,,,,,,,,,,,,,,,,,,,,,,
Sceptre Monitor,,,,,,,,,,,,,,,,,,,,,,,,,,,,,,,
Slim 2TB Portable External Hard Drive,Acer Desktop,,,,,,,,,,,,,,,,,,,,,,,,,,,,,,
Dell Desktop,Acer Desktop,Lenovo Desktop Computer,Epson Printer,Microsoft Office Home and Student 2016,,,,,,,,,,,,,,,,,,,,,,,,,,,
Lenovo Desktop Computer,Apple MacBook Pro,,,,,,,,,,,,,,,,,,,,,,,,,,,,,,
iMac,HP Wireless Printer,Apple Magic Keyboard,Sonos,Apple Wireless Keyboard,Apple Earpods,Apple MacBook Air,,,,,,,,,,,,,,,,,,,,,,,,,
Samsung Monitor,Dell Desktop,HP Laptop,ASUS Monitor,Alienware Laptop,Apple Magic Keyboard,iPhone Charger Cable,Dell Wired Keyboard,Sonos,AOC Monitor,HP Notebook Touchscreen Laptop PC,Apple Earpods,HP Monitor,Slim Wireless Mouse,,,,,,,,,,,,,,,,,,
Apple MacBook Pro,,,,,,,,,,,,,,,,,,,,,,,,,,,,,,,
Apple MacBook Air,,,,,,,,,,,,,,,,,,,,,,,,,,,,,,,
Dell Desktop,iMac,Lenovo Desktop Computer,Apple Magic Keyboard,CYBERPOWER Gamer Desktop,Logitech Wireless Keyboard,Apple MacBook Pro,Apple MacBook Air,Dell Laptop,,,,,,,,,,,,,,,,,,,,,,,
Apple MacBook Air,,,,,,,,,,,,,,,,,,,,,,,,,,,,,,,
LG Monitor,ViewSonic Monitor,HP Black & Tri-color Ink ,HP Laptop,iMac,Dell Wired Keyboard,Microsoft Office Home and Student 2016,Belkin Mouse Pad,HP Monitor,Brother Printer,,,,,,,,,,,,,,,,,,,,,,
Slim Wireless Mouse,iPad,,,,,,,,,,,,,,,,,,,,,,,,,,,,,,
CYBERPOWER Gamer Desktop,,,,,,,,,,,,,,,,,,,,,,,,,,,,,,,
Acer Aspire,HP Laptop,,,,,,,,,,,,,,,,,,,,,,,,,,,,,,
Samsung Monitor,Dell Desktop,HP Laptop,iMac,Microsoft Office Home and Student 2016,LG Touchscreen Laptop,Zombie Gaming Headset,USB Cable,,,,,,,,,,,,,,,,,,,,,,,,
Dell Desktop,HP Monitor,iPad,,,,,,,,,,,,,,,,,,,,,,,,,,,,,
iMac,,,,,,,,,,,,,,,,,,,,,,,,,,,,,,,
Apple MacBook Air,,,,,,,,,,,,,,,,,,,,,,,,,,,,,,,
iMac,Apple Magic Keyboard,Panasonic On-Ear Stereo Headphones,,,,,,,,,,,,,,,,,,,,,,,,,,,,,
CYBERPOWER Gamer Desktop,,,,,,,,,,,,,,,,,,,,,,,,,,,,,,,
Samsung Monitor,Apple Earpods,HP Monitor,Slim Wireless Mouse,Microsoft Headset,Microsoft Wireless Desktop Keyboard and Mouse,,,,,,,,,,,,,,,,,,,,,,,,,,
Dell Desktop,Sonos,Logitech Keyboard,,,,,,,,,,,,,,,,,,,,,,,,,,,,,
Apple MacBook Air,,,,,,,,,,,,,,,,,,,,,,,,,,,,,,,
Microsoft Office Home and Student 2016,Apple MacBook Air,Microsoft Wireless Desktop Keyboard and Mouse,,,,,,,,,,,,,,,,,,,,,,,,,,,,,
Apple Earpods,Apple MacBook Air,,,,,,,,,,,,,,,,,,,,,,,,,,,,,,
iMac,HP Wireless Printer,3-Button Mouse,Logitech MK360 Wireless Keyboard and Mouse Combo,Halter Acrylic Monitor Stand,Apple Earpods,Apple MacBook Air,Dell KM117 Wireless Keyboard & Mouse,iPad Pro ,Sceptre Monitor,,,,,,,,,,,,,,,,,,,,,,
Dell Desktop,Logitech Wireless Mouse,,,,,,,,,,,,,,,,,,,,,,,,,,,,,,
HDMI Cable 6ft,Eluktronics Pro Gaming Laptop,iMac,Dell Wired Keyboard,AOC Monitor,Computer Game,Microsoft Office Home and Student 2016,Apple Wireless Keyboard,Apple MacBook Pro,Apple Earpods,HP Monitor,Slim Wireless Mouse,HP Desktop,Zombie Gaming Headset,Microsoft Wireless Desktop Keyboard and Mouse,,,,,,,,,,,,,,,,,
Kindle ,Large Mouse Pad,,,,,,,,,,,,,,,,,,,,,,,,,,,,,,
Logitech MK550 Wireless Wave Keyboard and Mouse Combo,,,,,,,,,,,,,,,,,,,,,,,,,,,,,,,
Apple MacBook Air,Microsoft Wireless Desktop Keyboard and Mouse,,,,,,,,,,,,,,,,,,,,,,,,,,,,,,
HP Laptop,Bose Companion Speakers,iPhone Charger Cable,,,,,,,,,,,,,,,,,,,,,,,,,,,,,
Kensington Headphones ,Acer Aspire,Dell Desktop,Logitech MK270 Wireless Keyboard and Mouse Combo,Dell 2 Desktop,ViewSonic Monitor,HP Laptop,iMac,Apple Wired Keyboard,Logitech 3-button Mouse,3-Button Mouse,Computer Game,HP Monitor,Dell Laptop,Logitech Keyboard,Microsoft Wireless Desktop Keyboard and Mouse,,,,,,,,,,,,,,,,
Acer Desktop,,,,,,,,,,,,,,,,,,,,,,,,,,,,,,,
Apple MacBook Air,,,,,,,,,,,,,,,,,,,,,,,,,,,,,,,
Lenovo Desktop Computer, Intel Desktop ,CYBERPOWER Gamer Desktop,Dell Laptop,,,,,,,,,,,,,,,,,,,,,,,,,,,,
Apple MacBook Pro,,,,,,,,,,,,,,,,,,,,,,,,,,,,,,,
Dell Desktop,Alienware Laptop,Smart Light Bulb,,,,,,,,,,,,,,,,,,,,,,,,,,,,,
Acer Monitor,ASUS 2 Monitor,Dell Monitor,Apple Earpods,Apple TV,,,,,,,,,,,,,,,,,,,,,,,,,,,
Lenovo Desktop Computer,3-Button Mouse,,,,,,,,,,,,,,,,,,,,,,,,,,,,,,
Apple MacBook Air,Large Mouse Pad,JBL Splashproof Portable Bluetooth Speaker,,,,,,,,,,,,,,,,,,,,,,,,,,,,,
Dell Desktop,Lenovo Desktop Computer, Intel Desktop ,,,,,,,,,,,,,,,,,,,,,,,,,,,,,
Bose Companion Speakers,Logitech 3-button Mouse,Backlit LED Gaming Keyboard,,,,,,,,,,,,,,,,,,,,,,,,,,,,,
Acer Aspire,Acer Desktop,Microsoft Basic Optical Mouse,Apple MacBook Pro,Backlit LED Gaming Keyboard,,,,,,,,,,,,,,,,,,,,,,,,,,,
Backlit LED Gaming Keyboard,,,,,,,,,,,,,,,,,,,,,,,,,,,,,,,
Apple Earpods,Apple MacBook Air,Dell KM117 Wireless Keyboard & Mouse,,,,,,,,,,,,,,,,,,,,,,,,,,,,,
Dell Desktop,HP Wireless Printer,Apple MacBook Pro,Apple Earpods,Apple MacBook Air,LG Touchscreen Laptop,iPad Pro ,,,,,,,,,,,,,,,,,,,,,,,,,
Apple MacBook Pro,Apple MacBook Air,,,,,,,,,,,,,,,,,,,,,,,,,,,,,,
Apple MacBook Air,Microsoft Headset,,,,,,,,,,,,,,,,,,,,,,,,,,,,,,
Computer Game,HP Laptop,iMac,Lenovo Desktop Computer,Microsoft Office Home and Student 2016,3-Button Mouse,JBL Splashproof Portable Bluetooth Speaker,Microsoft Wireless Desktop Keyboard and Mouse,,,,,,,,,,,,,,,,,,,,,,,,
3-Button Mouse,Apple Earpods,,,,,,,,,,,,,,,,,,,,,,,,,,,,,,
Dell Desktop,Lenovo Desktop Computer,Panasonic In-Ear Headphone ,Logitech 3-button Mouse,Belkin Mouse Pad,Apple MacBook Pro,Apple Earpods,iPad,Backlit LED Gaming Keyboard,,,,,,,,,,,,,,,,,,,,,,,
Eluktronics Pro Gaming Laptop,HP Laptop,iMac,Apple Wired Keyboard,Apple Earpods,Apple MacBook Air,Dell Laptop,HP Desktop,,,,,,,,,,,,,,,,,,,,,,,,
Acer Desktop,iMac,Apple Wireless Keyboard,Apple MacBook Pro,HP Monitor,Apple MacBook Air,,,,,,,,,,,,,,,,,,,,,,,,,,
Apple Earpods,,,,,,,,,,,,,,,,,,,,,,,,,,,,,,,
LG Monitor,Dell Desktop,Acer Desktop,iMac,Apple Magic Keyboard,Zombie Gaming Headset,USB Cable,iPad Pro ,Microsoft Wireless Desktop Keyboard and Mouse,,,,,,,,,,,,,,,,,,,,,,,
CYBERPOWER Gamer Desktop,,,,,,,,,,,,,,,,,,,,,,,,,,,,,,,
Apple Magic Keyboard,CYBERPOWER Gamer Desktop,,,,,,,,,,,,,,,,,,,,,,,,,,,,,,
Apple Earpods,ASUS Desktop,,,,,,,,,,,,,,,,,,,,,,,,,,,,,,
ASUS Monitor,Panasonic In-Ear Headphone ,Cambridge Bluetooth Speaker,3-Button Mouse,Apple Earpods,HP Monitor,Dell Laptop,HP Desktop,,,,,,,,,,,,,,,,,,,,,,,,
Apple MacBook Air,,,,,,,,,,,,,,,,,,,,,,,,,,,,,,,
Dell Desktop,iMac,Alienware Laptop,Bose Companion Speakers,CYBERPOWER Gamer Desktop,,,,,,,,,,,,,,,,,,,,,,,,,,,
iMac,Slim 2TB Portable External Hard Drive,Apple MacBook Pro,Backlit LED Gaming Keyboard,,,,,,,,,,,,,,,,,,,,,,,,,,,,
Lenovo Desktop Computer,Apple Earpods,Wireless Portable Mouse,,,,,,,,,,,,,,,,,,,,,,,,,,,,,
Samsung Monitor,Lenovo Desktop Computer,3-Button Mouse,Halter Acrylic Monitor Stand,Microsoft Wireless Desktop Keyboard and Mouse,,,,,,,,,,,,,,,,,,,,,,,,,,,
Acer Monitor,HP Laptop,iMac,ASUS Monitor,CYBERPOWER Gamer Desktop,Belkin Mouse Pad,Logitech MK360 Wireless Keyboard and Mouse Combo,Apple MacBook Air,Zombie Gaming Headset,,,,,,,,,,,,,,,,,,,,,,,
Otium Wireless Sports Bluetooth Headphone,ViewSonic Monitor,HP Laptop,Lenovo Desktop Computer,Apple Magic Keyboard,Logitech MK550 Wireless Wave Keyboard and Mouse Combo,,Sonos,Microsoft Office Home and Student 2016,Fire TV Stick,ASUS Desktop,Microsoft Wireless Desktop Keyboard and Mouse,,,,,,,,,,,,,,,,,,,,
Apple MacBook Air,,,,,,,,,,,,,,,,,,,,,,,,,,,,,,,
Dell Desktop,Dell 2 Desktop,ViewSonic Monitor,HP Laptop,Lenovo Desktop Computer, Intel Desktop ,CYBERPOWER Gamer Desktop,Apple Earpods,Microsoft Wireless Desktop Keyboard and Mouse,,,,,,,,,,,,,,,,,,,,,,,
Lenovo Desktop Computer,Dell Wired Keyboard,Epson Printer,CYBERPOWER Gamer Desktop,,,,,,,,,,,,,,,,,,,,,,,,,,,,
Backlit LED Gaming Keyboard,,,,,,,,,,,,,,,,,,,,,,,,,,,,,,,
Epson Black Ink,CYBERPOWER Gamer Desktop,Dell Desktop,Apple Wireless Keyboard,,,,,,,,,,,,,,,,,,,,,,,,,,,,
Acer Desktop,,,,,,,,,,,,,,,,,,,,,,,,,,,,,,,
Apple Wireless Keyboard,,,,,,,,,,,,,,,,,,,,,,,,,,,,,,,
Samsung Monitor,ViewSonic Monitor,iMac,Alienware Laptop,Lenovo Desktop Computer,CYBERPOWER Gamer Desktop,3-Button Mouse,,,,,,,,,,,,,,,,,,,,,,,,,
iMac,Rokono Mini Speaker,,,,,,,,,,,,,,,,,,,,,,,,,,,,,,
Acer Monitor,Samsung Monitor,Acer Aspire,Acer Desktop,Belkin Mouse Pad,,,,,,,,,,,,,,,,,,,,,,,,,,,
Apple MacBook Air,,,,,,,,,,,,,,,,,,,,,,,,,,,,,,,
iMac,ASUS Monitor,Lenovo Desktop Computer,Slim 2TB Portable External Hard Drive,JBL Splashproof Portable Bluetooth Speaker,,,,,,,,,,,,,,,,,,,,,,,,,,,
CYBERPOWER Gamer Desktop,Apple Earpods,,,,,,,,,,,,,,,,,,,,,,,,,,,,,,
Acer Desktop,CYBERPOWER Gamer Desktop,,,,,,,,,,,,,,,,,,,,,,,,,,,,,,
Apple MacBook Air,,,,,,,,,,,,,,,,,,,,,,,,,,,,,,,
Acer Aspire,Dell Desktop,Acer Desktop,Logitech MK270 Wireless Keyboard and Mouse Combo,ViewSonic Monitor,HP Laptop,CYBERPOWER Gamer Desktop,3-Button Mouse,HDMI Adapter,Redragon Gaming Mouse,,,,,,,,,,,,,,,,,,,,,,
ASUS Monitor,Lenovo Desktop Computer, Intel Desktop ,Apple Wired Keyboard,CYBERPOWER Gamer Desktop,Apple MacBook Pro,Apple Earpods,HP Monitor,Backlit LED Gaming Keyboard,,,,,,,,,,,,,,,,,,,,,,,
Dell Desktop,Logitech 3-button Mouse,,,,,,,,,,,,,,,,,,,,,,,,,,,,,,
Acer Aspire,HP Wireless Printer,Rokono Mini Speaker,,,,,,,,,,,,,,,,,,,,,,,,,,,,,
Acer Aspire,Acer Desktop,iMac,Belkin Mouse Pad,,,,,,,,,,,,,,,,,,,,,,,,,,,,
ASUS Monitor,Panasonic In-Ear Headphone ,Cambridge Bluetooth Speaker,CYBERPOWER Gamer Desktop,Logitech 3-button Mouse,Ethernet Cable,HP Monitor,ASUS Desktop,,,,,,,,,,,,,,,,,,,,,,,,
PC Gaming Headset,Rokono Mini Speaker,,,,,,,,,,,,,,,,,,,,,,,,,,,,,,
Logitech 3-button Mouse,,,,,,,,,,,,,,,,,,,,,,,,,,,,,,,
Backlit LED Gaming Keyboard,,,,,,,,,,,,,,,,,,,,,,,,,,,,,,,
Dell Desktop,Acer Desktop,iMac,ASUS 2 Monitor,Lenovo Desktop Computer,Logitech 3-button Mouse,3-Button Mouse,Generic Black 3-Button,,,,,,,,,,,,,,,,,,,,,,,,
CYBERPOWER Gamer Desktop,Apple MacBook Pro,Apple Earpods,,,,,,,,,,,,,,,,,,,,,,,,,,,,,
Samsung Monitor,CYBERPOWER Gamer Desktop,Fire HD Tablet,Apple Earpods,,,,,,,,,,,,,,,,,,,,,,,,,,,,
Samsung Monitor,Large Mouse Pad,,,,,,,,,,,,,,,,,,,,,,,,,,,,,,
iMac,Lenovo Desktop Computer,,,,,,,,,,,,,,,,,,,,,,,,,,,,,,
Acer Desktop,Slim 2TB Portable External Hard Drive,3-Button Mouse,Brother Printer,,,,,,,,,,,,,,,,,,,,,,,,,,,,
Lenovo Desktop Computer,Apple MacBook Pro,,,,,,,,,,,,,,,,,,,,,,,,,,,,,,
Lenovo Desktop Computer, Intel Desktop ,CYBERPOWER Gamer Desktop,,,,,,,,,,,,,,,,,,,,,,,,,,,,,
Samsung Monitor,Acer Aspire,ASUS Monitor,Microsoft Office Home and Student 2016,CYBERPOWER Gamer Desktop,Belkin Mouse Pad,Apple Earpods,,,,,,,,,,,,,,,,,,,,,,,,,
Acer Aspire,Lenovo Desktop Computer,Brother Printer,,,,,,,,,,,,,,,,,,,,,,,,,,,,,
Bose Companion Speakers,Epson Black Ink,Apple Wireless Keyboard,DYMO Labeling Tape ,,,,,,,,,,,,,,,,,,,,,,,,,,,,
Samsung Monitor,ASUS Desktop,,,,,,,,,,,,,,,,,,,,,,,,,,,,,,
iMac,Logitech 3-button Mouse,3-Button Mouse,Cyber Acoustics,Belkin Mouse Pad,Dell Desktop,Apple Earpods,Apple MacBook Air,,,,,,,,,,,,,,,,,,,,,,,,
Acer Aspire,HP Laptop,iMac,Height-Adjustable Standing Desk,CYBERPOWER Gamer Desktop,Wireless Portable Mouse,,,,,,,,,,,,,,,,,,,,,,,,,,
LG Monitor,Acer Aspire,Acer Desktop,HP Laptop,iMac,Panasonic On-Ear Stereo Headphones,,,,,,,,,,,,,,,,,,,,,,,,,,
Acer Desktop, Intel Desktop ,Canon Ink ,,,,,,,,,,,,,,,,,,,,,,,,,,,,,
Apple MacBook Air,,,,,,,,,,,,,,,,,,,,,,,,,,,,,,,
Apple MacBook Air,Backlit LED Gaming Keyboard,,,,,,,,,,,,,,,,,,,,,,,,,,,,,,
HP USB Keyboard ,,,,,,,,,,,,,,,,,,,,,,,,,,,,,,,
Slim Wireless Mouse,,,,,,,,,,,,,,,,,,,,,,,,,,,,,,,
ViewSonic Monitor,Apple Magic Keyboard,Etekcity Power Extension Cord Cable,APIE Bluetooth Headphone,,,,,,,,,,,,,,,,,,,,,,,,,,,,
Otium Wireless Sports Bluetooth Headphone,HP Laptop,iMac,CYBERPOWER Gamer Desktop,Dell Desktop,Apple Wireless Keyboard,Apple MacBook Pro,HP Monitor,,,,,,,,,,,,,,,,,,,,,,,,
iMac,CYBERPOWER Gamer Desktop,Logitech 3-button Mouse,Apple MacBook Pro,Apple MacBook Air,,,,,,,,,,,,,,,,,,,,,,,,,,,
CYBERPOWER Gamer Desktop,,,,,,,,,,,,,,,,,,,,,,,,,,,,,,,
LG Monitor,ViewSonic Monitor,Cyber Acoustics,,,,,,,,,,,,,,,,,,,,,,,,,,,,,
HP Laptop,Rii LED Keyboard,,,,,,,,,,,,,,,,,,,,,,,,,,,,,,
iMac,Microsoft Wireless Desktop Keyboard and Mouse,,,,,,,,,,,,,,,,,,,,,,,,,,,,,,
Apple MacBook Pro,Apple Earpods,,,,,,,,,,,,,,,,,,,,,,,,,,,,,,
Samsung Monitor,Acer Aspire,HP Laptop,Apple Magic Keyboard,Epson Printer,Belkin Mouse Pad,Apple MacBook Air,Brother Printer,,,,,,,,,,,,,,,,,,,,,,,,
ASUS Chromebook,iMac,ASUS 2 Monitor,Lenovo Desktop Computer,Logitech MK550 Wireless Wave Keyboard and Mouse Combo,Microsoft Office Home and Student 2016,CYBERPOWER Gamer Desktop,AOC Monitor,Etekcity Power Extension Cord Cable,Acer Desktop,DYMO Labeling Tape ,Epson Black Ink,,,,,,,,,,,,,,,,,,,,
Samsung Monitor,Logitech Desktop MK120 Mouse and keyboard Combo,Dell Desktop,Acer Desktop,ViewSonic Monitor,HP Laptop,iMac,HP Wireless Printer,Alienware Laptop,Lenovo Desktop Computer, Intel Desktop ,Dell Wired Keyboard,AOC Monitor,Samsung Charging Cable,Apple MacBook Air,Wireless Portable Mouse,iPad,,,,,,,,,,,,,,,
Cambridge Bluetooth Speaker,Ethernet Cable,,,,,,,,,,,,,,,,,,,,,,,,,,,,,,
Fire HD Tablet,,,,,,,,,,,,,,,,,,,,,,,,,,,,,,,
Lenovo Desktop Computer,,,,,,,,,,,,,,,,,,,,,,,,,,,,,,,
Otium Wireless Sports Bluetooth Headphone,Acer Desktop,HP Wireless Printer,Dell Wired Keyboard,Microsoft Office Home and Student 2016,CYBERPOWER Gamer Desktop,AOC Monitor,Logitech 3-button Mouse,3-Button Mouse,Brother Printer Toner,iPad,Canon Ink ,,,,,,,,,,,,,,,,,,,,
Dell Desktop,ViewSonic Monitor,HP Laptop,iMac,Lenovo Desktop Computer,Koss Home Headphones,Microsoft Office Home and Student 2016,CYBERPOWER Gamer Desktop,Belkin Mouse Pad,Fire HD Tablet,Apple MacBook Pro,,,,,,,,,,,,,,,,,,,,,
Acer Desktop,Lenovo Desktop Computer,,,,,,,,,,,,,,,,,,,,,,,,,,,,,,
CYBERPOWER Gamer Desktop,Microsoft Wireless Desktop Keyboard and Mouse,,,,,,,,,,,,,,,,,,,,,,,,,,,,,,
ViewSonic Monitor,,,,,,,,,,,,,,,,,,,,,,,,,,,,,,,
Dell Desktop,Dell 2 Desktop,Apple Magic Keyboard,CYBERPOWER Gamer Desktop,Microsoft Basic Optical Mouse,Apple Wireless Keyboard,Apple Earpods,ASUS Desktop,,,,,,,,,,,,,,,,,,,,,,,,
Apple Magic Keyboard,3-Button Mouse,Apple MacBook Pro,,,,,,,,,,,,,,,,,,,,,,,,,,,,,
Samsung Monitor,Eluktronics Pro Gaming Laptop,Acer Aspire,iMac,Lenovo Desktop Computer,AOC Monitor,,,,,,,,,,,,,,,,,,,,,,,,,,
Acer Monitor,Samsung Monitor,CYBERPOWER Gamer Desktop,Apple Earpods,iPhone Charger Cable,Microsoft Wireless Desktop Keyboard and Mouse,,,,,,,,,,,,,,,,,,,,,,,,,,
Otium Wireless Sports Bluetooth Headphone,ViewSonic Monitor,HP Laptop,Apple Magic Keyboard,Cambridge Bluetooth Speaker,Sonos,,,,,,,,,,,,,,,,,,,,,,,,,,
iMac,Apple MacBook Air,,,,,,,,,,,,,,,,,,,,,,,,,,,,,,
HP Wireless Mouse,LG Monitor,Dell Desktop,Apple Magic Keyboard,Etekcity Power Extension Cord Cable,Apple Wireless Keyboard,Apple Earpods,Microsoft Wireless Desktop Keyboard and Mouse,,,,,,,,,,,,,,,,,,,,,,,,
ASUS Desktop,Epson Black Ink,,,,,,,,,,,,,,,,,,,,,,,,,,,,,,
 Intel Desktop ,Etekcity Power Extension Cord Cable,Apple MacBook Air,Wireless Portable Mouse,Brother Printer,Sceptre Monitor,,,,,,,,,,,,,,,,,,,,,,,,,,
iMac,Logitech 3-button Mouse,Apple MacBook Air,Backlit LED Gaming Keyboard,,,,,,,,,,,,,,,,,,,,,,,,,,,,
Acer Aspire,Computer Game,Slim 2TB Portable External Hard Drive,Belkin Mouse Pad,Apple MacBook Air,iPad Pro ,,,,,,,,,,,,,,,,,,,,,,,,,,
Dell Desktop,Logitech 3-button Mouse,3-Button Mouse,,,,,,,,,,,,,,,,,,,,,,,,,,,,,
Samsung Monitor,Logitech MK550 Wireless Wave Keyboard and Mouse Combo,CYBERPOWER Gamer Desktop,Audio Cable,Fire HD Tablet,ASUS Desktop,PC Gaming Headset,iPad Pro ,JBL Splashproof Portable Bluetooth Speaker,,,,,,,,,,,,,,,,,,,,,,,
iMac,Apple Wireless Keyboard,,,,,,,,,,,,,,,,,,,,,,,,,,,,,,
Computer Game,,,,,,,,,,,,,,,,,,,,,,,,,,,,,,,
Acer Aspire,Acer Desktop,ViewSonic Monitor,iMac,Etekcity Power Extension Cord Cable,,,,,,,,,,,,,,,,,,,,,,,,,,,
ASUS Chromebook,ViewSonic Monitor,HP Laptop,Epson Printer,Sonos,CYBERPOWER Gamer Desktop,Dell Desktop,,,,,,,,,,,,,,,,,,,,,,,,,
Apple MacBook Air,,,,,,,,,,,,,,,,,,,,,,,,,,,,,,,
Dell Desktop,,,,,,,,,,,,,,,,,,,,,,,,,,,,,,,
Slim 2TB Portable External Hard Drive,Samsung Charging Cable,Fire TV Stick,Logitech Keyboard,,,,,,,,,,,,,,,,,,,,,,,,,,,,
Apple MacBook Air,,,,,,,,,,,,,,,,,,,,,,,,,,,,,,,
Otium Wireless Sports Bluetooth Headphone,LG Monitor,Dell Desktop,ViewSonic Monitor,HP Laptop,,,,,,,,,,,,,,,,,,,,,,,,,,,
 Intel Desktop ,CYBERPOWER Gamer Desktop,,,,,,,,,,,,,,,,,,,,,,,,,,,,,,
Otium Wireless Sports Bluetooth Headphone,HP Laptop,iMac,CYBERPOWER Gamer Desktop,Microsoft Wireless Desktop Keyboard and Mouse,,,,,,,,,,,,,,,,,,,,,,,,,,,
Samsung Monitor,Dell Desktop,Acer Desktop,ASUS 2 Monitor,Slim 2TB Portable External Hard Drive,Apple MacBook Air,,,,,,,,,,,,,,,,,,,,,,,,,,
Acer Monitor,Samsung Monitor,Dell Desktop,ViewSonic Monitor,iMac,Panasonic In-Ear Headphone ,Epson Printer,Fire HD Tablet,Microsoft Basic Optical Mouse,Slim Wireless Mouse,,,,,,,,,,,,,,,,,,,,,,
Samsung Monitor,Bose Companion Speakers,Apple MacBook Air,Multi Media Stand,,,,,,,,,,,,,,,,,,,,,,,,,,,,
iMac,ASUS Monitor,Dell Desktop,Apple MacBook Air,,,,,,,,,,,,,,,,,,,,,,,,,,,,
iMac,Koss Home Headphones,Panasonic In-Ear Headphone ,Microsoft Office Home and Student 2016,CYBERPOWER Gamer Desktop,,,,,,,,,,,,,,,,,,,,,,,,,,,
Epson Printer,Cambridge Bluetooth Speaker,,,,,,,,,,,,,,,,,,,,,,,,,,,,,,
ViewSonic Monitor,HP Laptop,Lenovo Desktop Computer,Halter Mesh Metal Monitor Stand,,,,,,,,,,,,,,,,,,,,,,,,,,,,
Acer Desktop,HP Laptop,iMac,Lenovo Desktop Computer,Cyber Acoustics,Etekcity Power Extension Cord Cable,,,,,,,,,,,,,,,,,,,,,,,,,,
Apple MacBook Pro,,,,,,,,,,,,,,,,,,,,,,,,,,,,,,,
Apple Earpods,,,,,,,,,,,,,,,,,,,,,,,,,,,,,,,
Monster Beats By Dr Dre,HP Wireless Mouse,HP Laptop,Epson Printer,Belkin Mouse Pad,Zombie Gaming Headset,USB Cable,,,,,,,,,,,,,,,,,,,,,,,,,
Acer Aspire,Acer Desktop,iMac, Intel Desktop ,Fire TV Stick,ASUS Desktop,Rii LED Keyboard,iPad Pro ,,,,,,,,,,,,,,,,,,,,,,,,
Apple TV,,,,,,,,,,,,,,,,,,,,,,,,,,,,,,,
Acer Aspire,ASUS 2 Monitor,Bose Companion Speakers,,,,,,,,,,,,,,,,,,,,,,,,,,,,,
HDMI Cable 6ft,iMac,CYBERPOWER Gamer Desktop,,,,,,,,,,,,,,,,,,,,,,,,,,,,,
Eluktronics Pro Gaming Laptop,Belkin Mouse Pad,Apple Earpods,1TB Portable External Hard Drive,,,,,,,,,,,,,,,,,,,,,,,,,,,,
LG Monitor,HP Laptop,iMac,Dell Monitor,Rii LED Gaming Keyboard & Mouse Combo ,Etekcity Power Extension Cord Cable,,,,,,,,,,,,,,,,,,,,,,,,,,
5TB Desktop Hard Drive,HP Laptop,Philips Flexible Earhook Headphone,,,,,,,,,,,,,,,,,,,,,,,,,,,,,
Apple MacBook Air,,,,,,,,,,,,,,,,,,,,,,,,,,,,,,,
Samsung Monitor,CYBERPOWER Gamer Desktop,,,,,,,,,,,,,,,,,,,,,,,,,,,,,,
CYBERPOWER Gamer Desktop,Apple MacBook Air,,,,,,,,,,,,,,,,,,,,,,,,,,,,,,
Samsung Monitor,Apple Earpods,Dell Laptop,,,,,,,,,,,,,,,,,,,,,,,,,,,,,
CYBERPOWER Gamer Desktop,Logitech MK360 Wireless Keyboard and Mouse Combo,,,,,,,,,,,,,,,,,,,,,,,,,,,,,,
Epson Printer,Apple MacBook Pro,,,,,,,,,,,,,,,,,,,,,,,,,,,,,,
Acer Desktop,iMac,AOC Monitor,Logitech 3-button Mouse,Belkin Mouse Pad,Fire TV Stick,HP Monitor,Backlit LED Gaming Keyboard,,,,,,,,,,,,,,,,,,,,,,,,
iMac,HP Monitor,,,,,,,,,,,,,,,,,,,,,,,,,,,,,,
Acer Monitor,HP Laptop,Apple Magic Keyboard,Google Home,Microsoft Office Home and Student 2016,CYBERPOWER Gamer Desktop,Brother Printer,iPad Pro ,,,,,,,,,,,,,,,,,,,,,,,,
HP Laptop,Koss Home Headphones,,,,,,,,,,,,,,,,,,,,,,,,,,,,,,
AOC Monitor,Apple MacBook Air,Backlit LED Gaming Keyboard,,,,,,,,,,,,,,,,,,,,,,,,,,,,,
Acer Aspire,,,,,,,,,,,,,,,,,,,,,,,,,,,,,,,
iMac,CYBERPOWER Gamer Desktop,Microsoft Headset,,,,,,,,,,,,,,,,,,,,,,,,,,,,,
Acer Monitor,Samsung Monitor,Dell 2 Desktop,ASUS Monitor,Lenovo Desktop Computer,Apple Magic Keyboard, Intel Desktop ,Microsoft Office Home and Student 2016,Belkin Mouse Pad,Microsoft Wireless Desktop Keyboard and Mouse,,,,,,,,,,,,,,,,,,,,,,
Slim 2TB Portable External Hard Drive,Dell Laptop,,,,,,,,,,,,,,,,,,,,,,,,,,,,,,
Dell KM117 Wireless Keyboard & Mouse,,,,,,,,,,,,,,,,,,,,,,,,,,,,,,,
Apple Earpods,,,,,,,,,,,,,,,,,,,,,,,,,,,,,,,
Samsung Monitor,Lenovo Desktop Computer,3-Button Mouse,Redragon Gaming Mouse,,,,,,,,,,,,,,,,,,,,,,,,,,,,
Kensington Headphones ,iPad,,,,,,,,,,,,,,,,,,,,,,,,,,,,,,
3-Button Mouse,Etekcity Power Extension Cord Cable,Apple MacBook Air,Dell Laptop,Dell Laptop,,,,,,,,,,,,,,,,,,,,,,,,,,,
Dell Laptop,Rokono Mini Speaker,,,,,,,,,,,,,,,,,,,,,,,,,,,,,,
Dell Desktop,Acer Desktop,ViewSonic Monitor,iPhone Charger Cable,Zombie Gaming Headset,JBL Splashproof Portable Bluetooth Speaker,Backlit LED Gaming Keyboard,,,,,,,,,,,,,,,,,,,,,,,,,
Apple MacBook Air,LG Touchscreen Laptop,,,,,,,,,,,,,,,,,,,,,,,,,,,,,,
Canon Office Printer,iPad Pro ,,,,,,,,,,,,,,,,,,,,,,,,,,,,,,
Epson Black Ink,CYBERPOWER Gamer Desktop,,,,,,,,,,,,,,,,,,,,,,,,,,,,,,
ViewSonic Monitor,Apple MacBook Air,,,,,,,,,,,,,,,,,,,,,,,,,,,,,,
Acer Desktop,iMac,VGA Monitor Cable,Halter Acrylic Monitor Stand,Apple Earpods,,,,,,,,,,,,,,,,,,,,,,,,,,,
ViewSonic Monitor,HP Laptop,iMac,Computer Game,Apple MacBook Air,,,,,,,,,,,,,,,,,,,,,,,,,,,
Samsung Monitor,iMac,Epson Printer,Cambridge Bluetooth Speaker,Microsoft Office Home and Student 2016,CYBERPOWER Gamer Desktop,HP Monitor,Rii LED Keyboard,,,,,,,,,,,,,,,,,,,,,,,,
Apple MacBook Air,,,,,,,,,,,,,,,,,,,,,,,,,,,,,,,
Logitech 3-button Mouse,Apple MacBook Air,Zombie Gaming Headset,USB Cable,,,,,,,,,,,,,,,,,,,,,,,,,,,,
Logitech MK550 Wireless Wave Keyboard and Mouse Combo,Logitech MK360 Wireless Keyboard and Mouse Combo,,,,,,,,,,,,,,,,,,,,,,,,,,,,,,
Apple Earpods,,,,,,,,,,,,,,,,,,,,,,,,,,,,,,,
Apple Earpods,Apple MacBook Air,iPhone Charger Cable,Dell KM117 Wireless Keyboard & Mouse,iPad Pro ,,,,,,,,,,,,,,,,,,,,,,,,,,,
iMac,ASUS Monitor,Redragon Gaming Mouse,,,,,,,,,,,,,,,,,,,,,,,,,,,,,
Acer Monitor,CYBERPOWER Gamer Desktop,,,,,,,,,,,,,,,,,,,,,,,,,,,,,,
Dell Desktop,Acer Desktop,Dell Desktop,iPad Pro ,DYMO Labeling Tape ,Microsoft Wireless Desktop Keyboard and Mouse,,,,,,,,,,,,,,,,,,,,,,,,,,
Monster Beats By Dr Dre,ViewSonic Monitor,Computer Game,Bose Companion Speakers, Intel Desktop ,Apple Earpods,Halter Mesh Metal Monitor Stand,,,,,,,,,,,,,,,,,,,,,,,,,
Lenovo Desktop Computer,HP Monitor,,,,,,,,,,,,,,,,,,,,,,,,,,,,,,
Apple Earpods,ASUS Desktop,,,,,,,,,,,,,,,,,,,,,,,,,,,,,,
ViewSonic Monitor,HP Laptop,Lenovo Desktop Computer,Smart Light Bulb,Kindle ,Microsoft Wireless Desktop Keyboard and Mouse,,,,,,,,,,,,,,,,,,,,,,,,,,
Eluktronics Pro Gaming Laptop,Dell Desktop,HP Laptop,iMac,ASUS Monitor,Lenovo Desktop Computer,Apple Magic Keyboard,Logitech MK550 Wireless Wave Keyboard and Mouse Combo,AOC Monitor,Logitech MK360 Wireless Keyboard and Mouse Combo,Logitech Multimedia Speakers,Apple Earpods,Apple MacBook Air,HP Desktop,,,,,,,,,,,,,,,,,,
Acer Desktop,Alienware Laptop,Apple Earpods,,,,,,,,,,,,,,,,,,,,,,,,,,,,,
Apple MacBook Air,,,,,,,,,,,,,,,,,,,,,,,,,,,,,,,
Acer Desktop,Apple Earpods,Microsoft Headset,,,,,,,,,,,,,,,,,,,,,,,,,,,,,
Dell Desktop,ASUS Monitor,CYBERPOWER Gamer Desktop,Halter Acrylic Monitor Stand,HP USB Keyboard ,Microsoft Wireless Desktop Keyboard and Mouse,,,,,,,,,,,,,,,,,,,,,,,,,,
HP Wireless Printer,Wireless Portable Mouse,,,,,,,,,,,,,,,,,,,,,,,,,,,,,,
iMac,CYBERPOWER Gamer Desktop,3-Button Mouse,Backlit LED Gaming Keyboard,,,,,,,,,,,,,,,,,,,,,,,,,,,,
Monster Beats By Dr Dre,ViewSonic Monitor,HP Laptop,iMac,Epson Printer,Belkin Mouse Pad,,,,,,,,,,,,,,,,,,,,,,,,,,
Acer Monitor,iMac,CYBERPOWER Gamer Desktop,Lenovo Desktop Computer,,,,,,,,,,,,,,,,,,,,,,,,,,,,
HP Wireless Printer,,,,,,,,,,,,,,,,,,,,,,,,,,,,,,,
ViewSonic Monitor,HP Laptop,iMac,Ailihen Stereo Headphones,,Logitech MK360 Wireless Keyboard and Mouse Combo,Halter Acrylic Monitor Stand,JBL Splashproof Portable Bluetooth Speaker,,,,,,,,,,,,,,,,,,,,,,,,
 Intel Desktop ,Apple Wireless Keyboard,Slim Wireless Mouse,Wireless Portable Mouse,Multi Media Stand,Microsoft Wireless Desktop Keyboard and Mouse,,,,,,,,,,,,,,,,,,,,,,,,,,
Apple MacBook Air,,,,,,,,,,,,,,,,,,,,,,,,,,,,,,,
iMac,3-Button Mouse,,,,,,,,,,,,,,,,,,,,,,,,,,,,,,
CYBERPOWER Gamer Desktop,JBL Splashproof Portable Bluetooth Speaker,,,,,,,,,,,,,,,,,,,,,,,,,,,,,,
Apple MacBook Air,,,,,,,,,,,,,,,,,,,,,,,,,,,,,,,
Samsung Monitor,Lenovo Desktop Computer,CYBERPOWER Gamer Desktop,,,,,,,,,,,,,,,,,,,,,,,,,,,,,
Apple MacBook Air,,,,,,,,,,,,,,,,,,,,,,,,,,,,,,,
iPhone Charger Cable,,,,,,,,,,,,,,,,,,,,,,,,,,,,,,,
Lenovo Desktop Computer,,,,,,,,,,,,,,,,,,,,,,,,,,,,,,,
Computer Game,Full Motion Monitor Mount,Dell Laptop,,,,,,,,,,,,,,,,,,,,,,,,,,,,,
iMac,Lenovo Desktop Computer, Intel Desktop ,CYBERPOWER Gamer Desktop,iPad ,Dell Laptop,,,,,,,,,,,,,,,,,,,,,,,,,,
Samsung Monitor,Microsoft Basic Optical Mouse,Apple Earpods,Canon Office Printer,Microsoft Wireless Desktop Keyboard and Mouse,,,,,,,,,,,,,,,,,,,,,,,,,,,
CYBERPOWER Gamer Desktop,3-Button Mouse,Dell Desktop,,,,,,,,,,,,,,,,,,,,,,,,,,,,,
LG Monitor,Acer Desktop,Logitech Wireless Mouse,HP Wireless Printer,Epson Printer,Cyber Acoustics,Belkin Mouse Pad,Logitech ClearChat Headset,Zombie Gaming Headset,USB Cable,,,,,,,,,,,,,,,,,,,,,,
ASUS 2 Monitor,Apple Earpods,Rii LED Keyboard,,,,,,,,,,,,,,,,,,,,,,,,,,,,,
CYBERPOWER Gamer Desktop,Apple Wireless Keyboard,,,,,,,,,,,,,,,,,,,,,,,,,,,,,,
Acer Monitor,iMac,ASUS Monitor,HP Wireless Printer,,,,,,,,,,,,,,,,,,,,,,,,,,,,
Apple MacBook Pro,,,,,,,,,,,,,,,,,,,,,,,,,,,,,,,
Apple Earpods,,,,,,,,,,,,,,,,,,,,,,,,,,,,,,,
Otium Wireless Sports Bluetooth Headphone,Cambridge Bluetooth Speaker,HP Monitor,,,,,,,,,,,,,,,,,,,,,,,,,,,,,
Logitech Desktop MK120 Mouse and keyboard Combo,Dell Desktop,Lenovo Desktop Computer,CYBERPOWER Gamer Desktop,,,,,,,,,,,,,,,,,,,,,,,,,,,,
Apple Wireless Keyboard,,,,,,,,,,,,,,,,,,,,,,,,,,,,,,,
CYBERPOWER Gamer Desktop,Dell KM117 Wireless Keyboard & Mouse,,,,,,,,,,,,,,,,,,,,,,,,,,,,,,
Acer Aspire,Audio Cable,,,,,,,,,,,,,,,,,,,,,,,,,,,,,,
Apple MacBook Air,,,,,,,,,,,,,,,,,,,,,,,,,,,,,,,
3-Button Mouse,,,,,,,,,,,,,,,,,,,,,,,,,,,,,,,
Cambridge Bluetooth Speaker,,,,,,,,,,,,,,,,,,,,,,,,,,,,,,,
Apple Magic Keyboard,Epson Printer,Cambridge Bluetooth Speaker,,,,,,,,,,,,,,,,,,,,,,,,,,,,,
CYBERPOWER Gamer Desktop,Logitech 3-button Mouse,,,,,,,,,,,,,,,,,,,,,,,,,,,,,,
Apple Earpods,Apple MacBook Air,iPhone Charger Cable,Dell KM117 Wireless Keyboard & Mouse,,,,,,,,,,,,,,,,,,,,,,,,,,,,
Apple Wired Keyboard,AOC Monitor,Backlit LED Gaming Keyboard,,,,,,,,,,,,,,,,,,,,,,,,,,,,,
iMac,ASUS 2 Monitor,HP Wireless Printer,Acer Desktop,Logitech ClearChat Headset,DYMO Labeling Tape ,Epson Black Ink,Backlit LED Gaming Keyboard,,,,,,,,,,,,,,,,,,,,,,,,
ViewSonic Monitor,Koss Home Headphones,,,,,,,,,,,,,,,,,,,,,,,,,,,,,,
Acer Monitor,ASUS Monitor,Logitech 3-button Mouse,,,,,,,,,,,,,,,,,,,,,,,,,,,,,
Apple MacBook Air,iPhone Charger Cable,,,,,,,,,,,,,,,,,,,,,,,,,,,,,,
Apple Earpods,,,,,,,,,,,,,,,,,,,,,,,,,,,,,,,
HP Laptop,iMac,HP Wireless Printer,Panasonic In-Ear Headphone ,Logitech MK550 Wireless Wave Keyboard and Mouse Combo,Etekcity Power Extension Cord Cable,Apple Wireless Keyboard,Apple Earpods,HP Monitor,PC Gaming Headset,,,,,,,,,,,,,,,,,,,,,,
ASUS 2 Monitor,Lenovo Desktop Computer,,,,,,,,,,,,,,,,,,,,,,,,,,,,,,
Acer Desktop,Apple Earpods,,,,,,,,,,,,,,,,,,,,,,,,,,,,,,
Apple Wireless Keyboard,Rokono Mini Speaker,,,,,,,,,,,,,,,,,,,,,,,,,,,,,,
Acer Monitor,,,,,,,,,,,,,,,,,,,,,,,,,,,,,,,
ASUS Chromebook,Lenovo Desktop Computer, Intel Desktop ,Cambridge Bluetooth Speaker,Redragon Gaming Mouse,Backlit LED Gaming Keyboard,,,,,,,,,,,,,,,,,,,,,,,,,,
ASUS 2 Monitor,Bose Companion Speakers,Apple MacBook Pro,,,,,,,,,,,,,,,,,,,,,,,,,,,,,
Eluktronics Pro Gaming Laptop,iMac,ASUS 2 Monitor,HP Wireless Printer,CYBERPOWER Gamer Desktop,Etekcity Power Extension Cord Cable,HP Notebook Touchscreen Laptop PC,Samsung Charging Cable,Apple Earpods,Rii LED Keyboard,iPad Pro ,Microsoft Wireless Desktop Keyboard and Mouse,,,,,,,,,,,,,,,,,,,,
Acer Aspire,ViewSonic Monitor,Computer Game,iMac,Logitech 3-button Mouse,,,,,,,,,,,,,,,,,,,,,,,,,,,
CYBERPOWER Gamer Desktop,Apple Earpods,Microsoft Headset,,,,,,,,,,,,,,,,,,,,,,,,,,,,,
Apple MacBook Air,,,,,,,,,,,,,,,,,,,,,,,,,,,,,,,
LG Monitor,Dell Desktop,,,,,,,,,,,,,,,,,,,,,,,,,,,,,,
 Intel Desktop ,Sonos,3-Button Mouse,Dell Laptop,HP Laptop,,,,,,,,,,,,,,,,,,,,,,,,,,,
Dell Desktop,Acer Desktop,iMac,3-Button Mouse,,,,,,,,,,,,,,,,,,,,,,,,,,,,
Slim 2TB Portable External Hard Drive,,,,,,,,,,,,,,,,,,,,,,,,,,,,,,,
LG Monitor,ViewSonic Monitor,Logitech 3-button Mouse,3-Button Mouse,,,,,,,,,,,,,,,,,,,,,,,,,,,,
Samsung Monitor,LG Monitor,iMac,3-Button Mouse,,,,,,,,,,,,,,,,,,,,,,,,,,,,
Lenovo Desktop Computer,Apple MacBook Air,JBL Splashproof Portable Bluetooth Speaker,,,,,,,,,,,,,,,,,,,,,,,,,,,,,
Otium Wireless Sports Bluetooth Headphone,Kensington Headphones ,HP Laptop,CYBERPOWER Gamer Desktop,Logitech 3-button Mouse,Apple Earpods,LG Touchscreen Laptop,,,,,,,,,,,,,,,,,,,,,,,,,
Dell Desktop,Logitech 3-button Mouse,HP Desktop,,,,,,,,,,,,,,,,,,,,,,,,,,,,,
Eluktronics Pro Gaming Laptop,HP Laptop,iMac,iPhone Charger Cable,Etekcity Power Extension Cord Cable,Dell Desktop,Smart Light Bulb,Apple MacBook Air,Computer Game,,,,,,,,,,,,,,,,,,,,,,,
ViewSonic Monitor,HP Laptop,Lenovo Desktop Computer,CYBERPOWER Gamer Desktop,Apple MacBook Pro,Dell Laptop,iPad Pro ,,,,,,,,,,,,,,,,,,,,,,,,,
HP Wireless Mouse,iMac,Apple Magic Keyboard,CYBERPOWER Gamer Desktop,AOC Monitor,HP Monitor,Microsoft Wireless Comfort Keyboard and Mouse,Rokono Mini Speaker,,,,,,,,,,,,,,,,,,,,,,,,
HP Wireless Printer,Logitech 3-button Mouse,,,,,,,,,,,,,,,,,,,,,,,,,,,,,,
Apple Wireless Keyboard,,,,,,,,,,,,,,,,,,,,,,,,,,,,,,,
Acer Desktop,Epson Black Ink,Dell Desktop,Apple Wireless Keyboard,Apple MacBook Pro,ASUS Desktop,,,,,,,,,,,,,,,,,,,,,,,,,,
Samsung Monitor,HP Laptop,Lenovo Desktop Computer,Samsung Galaxy Tablet,Backlit LED Gaming Keyboard,,,,,,,,,,,,,,,,,,,,,,,,,,,
Samsung Monitor,HP Laptop,iMac,Lenovo Desktop Computer,Apple Earpods,,,,,,,,,,,,,,,,,,,,,,,,,,,
iMac,Alienware Laptop,Lenovo Desktop Computer,CYBERPOWER Gamer Desktop,AOC Monitor,Fire HD Tablet,Microsoft Basic Optical Mouse,Fire TV Stick,Halter Acrylic Monitor Stand,Apple Earpods,Acer Desktop,ASUS Desktop,Dell Laptop,Microsoft Wireless Desktop Keyboard and Mouse,,,,,,,,,,,,,,,,,,
Acer Aspire,Acer Desktop,,,,,,,,,,,,,,,,,,,,,,,,,,,,,,
Apple MacBook Pro,,,,,,,,,,,,,,,,,,,,,,,,,,,,,,,
3-Button Mouse,,,,,,,,,,,,,,,,,,,,,,,,,,,,,,,
Samsung Monitor,CYBERPOWER Gamer Desktop,Backlit LED Gaming Keyboard,Microsoft Wireless Desktop Keyboard and Mouse,,,,,,,,,,,,,,,,,,,,,,,,,,,,
Samsung Monitor,Koss Home Headphones,Apple MacBook Air,,,,,,,,,,,,,,,,,,,,,,,,,,,,,
iMac,CYBERPOWER Gamer Desktop,Zombie Gaming Headset,,,,,,,,,,,,,,,,,,,,,,,,,,,,,
Monster Beats By Dr Dre,iMac,Lenovo Desktop Computer,Epson Black Ink,Google Home,AOC Monitor,,,,,,,,,,,,,,,,,,,,,,,,,,
Apple MacBook Pro,,,,,,,,,,,,,,,,,,,,,,,,,,,,,,,
ASUS Chromebook,,,,,,,,,,,,,,,,,,,,,,,,,,,,,,,
APIE Bluetooth Headphone,Apple MacBook Air,,,,,,,,,,,,,,,,,,,,,,,,,,,,,,
Otium Wireless Sports Bluetooth Headphone,Acer Aspire,Acer Desktop,ViewSonic Monitor,Apple MacBook Pro,,,,,,,,,,,,,,,,,,,,,,,,,,,
Canon Ink ,,,,,,,,,,,,,,,,,,,,,,,,,,,,,,,
Apple MacBook Air,,,,,,,,,,,,,,,,,,,,,,,,,,,,,,,
iMac,Dell Wired Keyboard,Apple Wired Keyboard,CYBERPOWER Gamer Desktop,,,,,,,,,,,,,,,,,,,,,,,,,,,,
Cambridge Bluetooth Speaker,AOC Monitor,HP Monitor,,,,,,,,,,,,,,,,,,,,,,,,,,,,,
HP Wireless Printer,Lenovo Desktop Computer,Redragon Gaming Mouse,iPad Pro ,,,,,,,,,,,,,,,,,,,,,,,,,,,,
Logitech MK270 Wireless Keyboard and Mouse Combo,HP Laptop,Apple Earpods,Apple MacBook Air,,,,,,,,,,,,,,,,,,,,,,,,,,,,
CYBERPOWER Gamer Desktop,Dell Desktop,Apple Wireless Keyboard,Apple Earpods,,,,,,,,,,,,,,,,,,,,,,,,,,,,
Samsung Monitor,Otium Wireless Sports Bluetooth Headphone,Acer Desktop,HP Laptop,Slim Wireless Mouse,iPad Pro ,,,,,,,,,,,,,,,,,,,,,,,,,,
Samsung Monitor,Slim 2TB Portable External Hard Drive,CYBERPOWER Gamer Desktop,,,,,,,,,,,,,,,,,,,,,,,,,,,,,
ASUS Monitor,iPad Pro ,,,,,,,,,,,,,,,,,,,,,,,,,,,,,,
HP Wireless Mouse,HP Monitor,ASUS Desktop,,,,,,,,,,,,,,,,,,,,,,,,,,,,,
iMac,Apple MacBook Pro,Philips Flexible Earhook Headphone,Wireless Portable Mouse,,,,,,,,,,,,,,,,,,,,,,,,,,,,
CYBERPOWER Gamer Desktop,,,,,,,,,,,,,,,,,,,,,,,,,,,,,,,
CYBERPOWER Gamer Desktop,Apple Earpods,Logitech Stereo Headset ,,,,,,,,,,,,,,,,,,,,,,,,,,,,,
Acer Aspire,Dell 2 Desktop,Lenovo Desktop Computer,Apple MacBook Pro,Apple Earpods,HP Monitor,Dell Laptop,HP Desktop,Microsoft Wireless Desktop Keyboard and Mouse,,,,,,,,,,,,,,,,,,,,,,,
CYBERPOWER Gamer Desktop,3-Button Mouse,Apple Wireless Keyboard,,,,,,,,,,,,,,,,,,,,,,,,,,,,,
Cyber Acoustics,Samsung Charging Cable,,,,,,,,,,,,,,,,,,,,,,,,,,,,,,
Samsung Monitor,LG Monitor,Panasonic In-Ear Headphone ,Dell Monitor,AOC Monitor,Apple Earpods,Wireless Portable Mouse,,,,,,,,,,,,,,,,,,,,,,,,,
Dell Desktop,Acer Desktop,Logitech MK270 Wireless Keyboard and Mouse Combo,Logitech Wireless Mouse,Apple Wireless Keyboard,,,,,,,,,,,,,,,,,,,,,,,,,,,
Wireless Portable Mouse,Dell Laptop,Dell Laptop,,,,,,,,,,,,,,,,,,,,,,,,,,,,,
Acer Aspire,Dell Desktop,Smart Light Bulb,HP Monitor,Wireless Portable Mouse,HP Desktop,Sceptre Monitor,Halter Mesh Metal Monitor Stand,,,,,,,,,,,,,,,,,,,,,,,,
Cyber Acoustics,Dell Laptop,JBL Splashproof Portable Bluetooth Speaker,,,,,,,,,,,,,,,,,,,,,,,,,,,,,
Brother Printer Toner,Apple MacBook Air,iPhone Charger Cable,,,,,,,,,,,,,,,,,,,,,,,,,,,,,
ASUS Chromebook,Apple Wired Keyboard,Microsoft Office Home and Student 2016,Redragon Gaming Mouse,LG Touchscreen Laptop,Microsoft Wireless Desktop Keyboard and Mouse,,,,,,,,,,,,,,,,,,,,,,,,,,
iMac,,,,,,,,,,,,,,,,,,,,,,,,,,,,,,,
iPad,,,,,,,,,,,,,,,,,,,,,,,,,,,,,,,
Apple MacBook Pro,,,,,,,,,,,,,,,,,,,,,,,,,,,,,,,
iMac,AOC Monitor,APIE Bluetooth Headphone,Apple MacBook Pro,USB Cable,,,,,,,,,,,,,,,,,,,,,,,,,,,
Apple MacBook Air,,,,,,,,,,,,,,,,,,,,,,,,,,,,,,,
Lenovo Desktop Computer,Logitech Keyboard,,,,,,,,,,,,,,,,,,,,,,,,,,,,,,
iMac,Apple Wireless Keyboard,Dell Laptop,Backlit LED Gaming Keyboard,,,,,,,,,,,,,,,,,,,,,,,,,,,,
Samsung Monitor,HDMI Cable 6ft,Koss Home Headphones,Logitech MK550 Wireless Wave Keyboard and Mouse Combo,Apple Wireless Keyboard,Apple Earpods,ASUS Desktop,Dell Laptop,,,,,,,,,,,,,,,,,,,,,,,,
HP Laptop,Bose Companion Speakers,Brother Printer Toner,Belkin Mouse Pad,Full Motion Monitor Mount,Apple MacBook Pro,Rii LED Keyboard,Microsoft Wireless Desktop Keyboard and Mouse,,,,,,,,,,,,,,,,,,,,,,,,
Dell Desktop,Lenovo Desktop Computer,Slim 2TB Portable External Hard Drive,,,,,,,,,,,,,,,,,,,,,,,,,,,,,
Apple Wireless Keyboard,EagleTec Wireless Combo Keyboard and Mouse,Apple TV,,,,,,,,,,,,,,,,,,,,,,,,,,,,,
ViewSonic Monitor,Logitech 3-button Mouse,Fire HD Tablet,Redragon Gaming Mouse,Apple MacBook Air,,,,,,,,,,,,,,,,,,,,,,,,,,,
Acer Monitor,LG Monitor,HP Laptop,iMac,ASUS Monitor,Logitech 3-button Mouse,Brother Printer Toner,APIE Bluetooth Headphone,Apple MacBook Air,Wireless Portable Mouse,Brother Printer,Backlit LED Gaming Keyboard,,,,,,,,,,,,,,,,,,,,
HDMI Cable 6ft,HP Wireless Printer,Lenovo Desktop Computer,Dell Wired Keyboard,Apple Earpods,,,,,,,,,,,,,,,,,,,,,,,,,,,
Acer Desktop,iMac,Slim 2TB Portable External Hard Drive,Microsoft Office Home and Student 2016,AOC Monitor,,,,,,,,,,,,,,,,,,,,,,,,,,,
Lenovo Desktop Computer,Dell Desktop,Microsoft Wireless Desktop Keyboard and Mouse,,,,,,,,,,,,,,,,,,,,,,,,,,,,,
Otium Wireless Sports Bluetooth Headphone,iMac,CYBERPOWER Gamer Desktop,,,,,,,,,,,,,,,,,,,,,,,,,,,,,
Apple Earpods,1TB Portable External Hard Drive,,,,,,,,,,,,,,,,,,,,,,,,,,,,,,
LG Monitor,Computer Game,Microsoft Office Home and Student 2016,3-Button Mouse,Apple Earpods,Microsoft Wireless Desktop Keyboard and Mouse,,,,,,,,,,,,,,,,,,,,,,,,,,
iMac,Epson Printer,,,,,,,,,,,,,,,,,,,,,,,,,,,,,,
Apple MacBook Air,,,,,,,,,,,,,,,,,,,,,,,,,,,,,,,
Apple MacBook Pro,,,,,,,,,,,,,,,,,,,,,,,,,,,,,,,
HP Desktop,Epson Black Ink,,,,,,,,,,,,,,,,,,,,,,,,,,,,,,
Dell 2 Desktop,Lenovo Desktop Computer,Apple Magic Keyboard,,,,,,,,,,,,,,,,,,,,,,,,,,,,,
HP Wireless Printer,Apple Earpods,,,,,,,,,,,,,,,,,,,,,,,,,,,,,,
HDMI Cable 6ft,Computer Game,HP Black & Tri-color Ink ,EagleTec Wireless Combo Keyboard and Mouse,,,,,,,,,,,,,,,,,,,,,,,,,,,,
LG Monitor,Dell Desktop,Logitech MK550 Wireless Wave Keyboard and Mouse Combo,Belkin Mouse Pad,Apple Earpods,Apple MacBook Air,iPad Pro ,,,,,,,,,,,,,,,,,,,,,,,,,
Redragon Gaming Mouse,LG Touchscreen Laptop,,,,,,,,,,,,,,,,,,,,,,,,,,,,,,
iMac,Logitech 3-button Mouse,Belkin Mouse Pad,Apple Earpods,Apple MacBook Air,,,,,,,,,,,,,,,,,,,,,,,,,,,
Belkin Mouse Pad,HP Monitor,Dell KM117 Wireless Keyboard & Mouse,,,,,,,,,,,,,,,,,,,,,,,,,,,,,
iMac,,,,,,,,,,,,,,,,,,,,,,,,,,,,,,,
iMac,HP Wireless Printer,Apple Wireless Keyboard,Apple MacBook Pro,,,,,,,,,,,,,,,,,,,,,,,,,,,,
HP Laptop,CYBERPOWER Gamer Desktop,Kindle,,,,,,,,,,,,,,,,,,,,,,,,,,,,,
Microsoft Office Home and Student 2016,,,,,,,,,,,,,,,,,,,,,,,,,,,,,,,
Apple MacBook Air,,,,,,,,,,,,,,,,,,,,,,,,,,,,,,,
Samsung Monitor,LG Touchscreen Laptop,iPad Pro ,,,,,,,,,,,,,,,,,,,,,,,,,,,,,
Alienware Laptop,Sonos,Apple Wireless Keyboard,Apple MacBook Pro,HP Monitor,Brother Printer,Microsoft Wireless Desktop Keyboard and Mouse,,,,,,,,,,,,,,,,,,,,,,,,,
HDMI Cable 6ft,ViewSonic Monitor,Apple Magic Keyboard,iPhone Charger Cable,,,,,,,,,,,,,,,,,,,,,,,,,,,,
iMac,,,,,,,,,,,,,,,,,,,,,,,,,,,,,,,
HP Laptop,Alienware Laptop,Cambridge Bluetooth Speaker,Sonos,3-Button Mouse,,,,,,,,,,,,,,,,,,,,,,,,,,,
Samsung Monitor,Epson Printer,CYBERPOWER Gamer Desktop,Apple Earpods,Dell KM117 Wireless Keyboard & Mouse,,,,,,,,,,,,,,,,,,,,,,,,,,,
Apple MacBook Air,,,,,,,,,,,,,,,,,,,,,,,,,,,,,,,
Acer Desktop,iPad Pro ,,,,,,,,,,,,,,,,,,,,,,,,,,,,,,
Logitech 3-button Mouse,,,,,,,,,,,,,,,,,,,,,,,,,,,,,,,
Apple Magic Keyboard,Belkin Mouse Pad,ASUS Desktop,,,,,,,,,,,,,,,,,,,,,,,,,,,,,
Dell Desktop,Apple Magic Keyboard,HDMI Adapter,,,,,,,,,,,,,,,,,,,,,,,,,,,,,
Acer Aspire,Acer Desktop,,,,,,,,,,,,,,,,,,,,,,,,,,,,,,
Acer Desktop,Apple Earpods,EagleTec Wireless Combo Keyboard and Mouse,,,,,,,,,,,,,,,,,,,,,,,,,,,,,
Wireless Portable Mouse,HP Desktop,,,,,,,,,,,,,,,,,,,,,,,,,,,,,,
Dell Desktop,HP Laptop,iMac,Logitech 3-button Mouse,Belkin Mouse Pad,Samsung Charging Cable,Fire TV Stick,Wireless Portable Mouse,,,,,,,,,,,,,,,,,,,,,,,,
Acer Monitor,Acer Aspire,Acer Desktop,Alienware Laptop,Slim 2TB Portable External Hard Drive,Cambridge Bluetooth Speaker,Logitech 3-button Mouse,Microsoft Basic Optical Mouse,Microsoft Wireless Desktop Keyboard and Mouse,,,,,,,,,,,,,,,,,,,,,,,
Samsung Monitor,CYBERPOWER Gamer Desktop,Dell Desktop,Apple MacBook Pro,Apple Earpods,HP Monitor,LG Touchscreen Laptop,Samsung Galaxy Tablet,,,,,,,,,,,,,,,,,,,,,,,,
Acer Monitor,Samsung Monitor,ASUS 2 Monitor,Dell Wired Keyboard,Apple Earpods,Apple MacBook Air,,,,,,,,,,,,,,,,,,,,,,,,,,
ASUS 2 Monitor,Apple Wireless Keyboard,Apple MacBook Air,,,,,,,,,,,,,,,,,,,,,,,,,,,,,
Otium Wireless Sports Bluetooth Headphone,Acer Aspire,Lenovo Desktop Computer,Logitech 3-button Mouse,Redragon Gaming Mouse,Apple MacBook Pro,Dell Laptop,iPad Pro ,,,,,,,,,,,,,,,,,,,,,,,,
HP Laptop,iMac,Dell Monitor,AOC Monitor,3-Button Mouse,Apple Earpods,HP Monitor,HP Desktop,,,,,,,,,,,,,,,,,,,,,,,,
iMac,,,,,,,,,,,,,,,,,,,,,,,,,,,,,,,
Microsoft Office Home and Student 2016,,,,,,,,,,,,,,,,,,,,,,,,,,,,,,,
Acer Desktop,Apple Magic Keyboard,,,,,,,,,,,,,,,,,,,,,,,,,,,,,,
HP Laptop,iMac,Fire HD Tablet,Computer Game,Dell Laptop,2TB Portable External Hard Drive,,,,,,,,,,,,,,,,,,,,,,,,,,
Samsung Monitor,HP Laptop,HP Wireless Printer,Lenovo Desktop Computer,Epson Black Ink,Logitech MK550 Wireless Wave Keyboard and Mouse Combo,Apple Wired Keyboard,Apple MacBook Pro,HP Monitor,Microsoft Wireless Desktop Keyboard and Mouse,,,,,,,,,,,,,,,,,,,,,,
Slim Wireless Mouse,,,,,,,,,,,,,,,,,,,,,,,,,,,,,,,
Belkin Mouse Pad,iPad,,,,,,,,,,,,,,,,,,,,,,,,,,,,,,
iMac,CYBERPOWER Gamer Desktop,Lenovo Desktop Computer,,,,,,,,,,,,,,,,,,,,,,,,,,,,,
Acer Monitor,Samsung Monitor,HP Laptop,AOC Monitor,Microsoft Basic Optical Mouse,Wireless Portable Mouse,Microsoft Wireless Desktop Keyboard and Mouse,,,,,,,,,,,,,,,,,,,,,,,,,
iMac,,,,,,,,,,,,,,,,,,,,,,,,,,,,,,,
iMac,Koss Home Headphones,Panasonic In-Ear Headphone ,,,,,,,,,,,,,,,,,,,,,,,,,,,,,
Logitech 3-button Mouse,Apple Earpods,Apple MacBook Air,iPad Pro ,Microsoft Wireless Desktop Keyboard and Mouse,,,,,,,,,,,,,,,,,,,,,,,,,,,
Etekcity Power Extension Cord Cable,Apple Earpods,Acer Desktop,Apple MacBook Air,Kindle ,Slim Wireless Mouse,iPad,Brother Printer,Microsoft Wireless Desktop Keyboard and Mouse,,,,,,,,,,,,,,,,,,,,,,,
Large Mouse Pad,,,,,,,,,,,,,,,,,,,,,,,,,,,,,,,
CYBERPOWER Gamer Desktop,XIBERIA Gaming Headset,,,,,,,,,,,,,,,,,,,,,,,,,,,,,,
Apple MacBook Pro,,,,,,,,,,,,,,,,,,,,,,,,,,,,,,,
Acer Aspire,Acer Desktop,ViewSonic Monitor,iMac,Apple Wireless Keyboard,Microsoft Wireless Comfort Keyboard and Mouse,Microsoft Headset,Zombie Gaming Headset,Backlit LED Gaming Keyboard,Microsoft Wireless Desktop Keyboard and Mouse,,,,,,,,,,,,,,,,,,,,,,
Acer Aspire,ViewSonic Monitor,Belkin Mouse Pad,Redragon Gaming Mouse,Microsoft Wireless Desktop Keyboard and Mouse,,,,,,,,,,,,,,,,,,,,,,,,,,,
iMac,HP Wireless Printer,Alienware Laptop,Lenovo Desktop Computer,3-Button Mouse,Belkin Mouse Pad,Apple MacBook Pro,Apple Earpods,,,,,,,,,,,,,,,,,,,,,,,,
Acer Monitor,ASUS Chromebook,Ailihen Stereo Headphones,ViewSonic Monitor,iMac,ASUS Monitor,Lenovo Desktop Computer,CYBERPOWER Gamer Desktop,iPad ,,,,,,,,,,,,,,,,,,,,,,,
Apple Earpods,,,,,,,,,,,,,,,,,,,,,,,,,,,,,,,
Otium Wireless Sports Bluetooth Headphone,HP Laptop,,,,,,,,,,,,,,,,,,,,,,,,,,,,,,
Samsung Monitor,Slim 2TB Portable External Hard Drive,Panasonic In-Ear Headphone ,CYBERPOWER Gamer Desktop,Apple Earpods,Microsoft Wireless Desktop Keyboard and Mouse,,,,,,,,,,,,,,,,,,,,,,,,,,
Samsung Monitor,Otium Wireless Sports Bluetooth Headphone,HP Wireless Printer,CYBERPOWER Gamer Desktop,Apple Wireless Keyboard,Apple Earpods,Apple MacBook Air,,,,,,,,,,,,,,,,,,,,,,,,,
Dell Laptop,,,,,,,,,,,,,,,,,,,,,,,,,,,,,,,
Apple MacBook Air,,,,,,,,,,,,,,,,,,,,,,,,,,,,,,,
Apple MacBook Air,Backlit LED Gaming Keyboard,,,,,,,,,,,,,,,,,,,,,,,,,,,,,,
Monster Beats By Dr Dre,ViewSonic Monitor,HP Laptop,Dell Wired Keyboard,3-Button Mouse,Dell Desktop,Zombie Gaming Headset,,,,,,,,,,,,,,,,,,,,,,,,,
3-Button Mouse,ASUS Desktop,,,,,,,,,,,,,,,,,,,,,,,,,,,,,,
ASUS Chromebook,Eluktronics Pro Gaming Laptop,HP Laptop,CYBERPOWER Gamer Desktop,Dell Desktop,LG Touchscreen Laptop,Brother Printer,Backlit LED Gaming Keyboard,,,,,,,,,,,,,,,,,,,,,,,,
Apple MacBook Air,Backlit LED Gaming Keyboard,,,,,,,,,,,,,,,,,,,,,,,,,,,,,,
Backlit LED Gaming Keyboard,,,,,,,,,,,,,,,,,,,,,,,,,,,,,,,
Samsung Monitor,CYBERPOWER Gamer Desktop,,,,,,,,,,,,,,,,,,,,,,,,,,,,,,
Acer Aspire,Acer Desktop,ViewSonic Monitor,Bose Companion Speakers,Apple Wireless Keyboard,Sceptre Monitor,,,,,,,,,,,,,,,,,,,,,,,,,,
Apple MacBook Air,,,,,,,,,,,,,,,,,,,,,,,,,,,,,,,
Acer Monitor,Otium Wireless Sports Bluetooth Headphone,ViewSonic Monitor,Computer Game,HP Laptop,iMac,Lenovo Desktop Computer,Bose Companion Speakers,CYBERPOWER Gamer Desktop,Etekcity Power Extension Cord Cable,Fire HD Tablet,Halter Acrylic Monitor Stand,Apple Wireless Keyboard,Backlit LED Gaming Keyboard,Microsoft Wireless Desktop Keyboard and Mouse,,,,,,,,,,,,,,,,,
CYBERPOWER Gamer Desktop,Logitech 3-button Mouse,,,,,,,,,,,,,,,,,,,,,,,,,,,,,,
Apple MacBook Air,,,,,,,,,,,,,,,,,,,,,,,,,,,,,,,
Acer Monitor,iMac,CYBERPOWER Gamer Desktop,Backlit LED Gaming Keyboard,,,,,,,,,,,,,,,,,,,,,,,,,,,,
Acer Monitor,Samsung Monitor,Otium Wireless Sports Bluetooth Headphone,Dell Desktop,Logitech 3-button Mouse,Apple MacBook Pro,Monster Beats By Dr Dre,,,,,,,,,,,,,,,,,,,,,,,,,
Apple Earpods,Apple MacBook Air,,,,,,,,,,,,,,,,,,,,,,,,,,,,,,
Otium Wireless Sports Bluetooth Headphone,HP Wireless Mouse,ViewSonic Monitor,Computer Game,iMac,Apple Earpods,,,,,,,,,,,,,,,,,,,,,,,,,,
LG Touchscreen Laptop,,,,,,,,,,,,,,,,,,,,,,,,,,,,,,,
Samsung Monitor,HP Laptop,,,,,,,,,,,,,,,,,,,,,,,,,,,,,,
Logitech 3-button Mouse,Cyber Acoustics,Etekcity Power Extension Cord Cable,Belkin Mouse Pad,Apple Earpods,Backlit LED Gaming Keyboard,,,,,,,,,,,,,,,,,,,,,,,,,,
,Apple Earpods,HP Desktop,,,,,,,,,,,,,,,,,,,,,,,,,,,,,
Logitech MK550 Wireless Wave Keyboard and Mouse Combo,Cyber Acoustics,Apple Earpods,Wireless Portable Mouse,,,,,,,,,,,,,,,,,,,,,,,,,,,,
HP Wireless Printer,Lenovo Desktop Computer,,,,,,,,,,,,,,,,,,,,,,,,,,,,,,
Apple Wireless Keyboard,,,,,,,,,,,,,,,,,,,,,,,,,,,,,,,
HP Laptop,Epson Black Ink,Apple Earpods,,,,,,,,,,,,,,,,,,,,,,,,,,,,,
Acer Monitor,Samsung Monitor,iMac,Alienware Laptop,Lenovo Desktop Computer,Panasonic In-Ear Headphone ,Logitech MK550 Wireless Wave Keyboard and Mouse Combo,CYBERPOWER Gamer Desktop,3-Button Mouse,Microsoft Basic Optical Mouse,Backlit LED Gaming Keyboard,,,,,,,,,,,,,,,,,,,,,
LG Monitor,iMac,Cyber Acoustics,HP Monitor,,,,,,,,,,,,,,,,,,,,,,,,,,,,
Lenovo Desktop Computer,CYBERPOWER Gamer Desktop,,,,,,,,,,,,,,,,,,,,,,,,,,,,,,
ASUS Chromebook,Acer Aspire,ViewSonic Monitor,Lenovo Desktop Computer,Apple Magic Keyboard,Logitech 3-button Mouse,iPad Pro ,Backlit LED Gaming Keyboard,,,,,,,,,,,,,,,,,,,,,,,,
HDMI Cable 6ft,Panasonic In-Ear Headphone ,,,,,,,,,,,,,,,,,,,,,,,,,,,,,,
Acer Monitor,Dell Desktop,HP Laptop,CYBERPOWER Gamer Desktop,Apple MacBook Pro,Apple Earpods,HP Monitor,Slim Wireless Mouse,Wireless Portable Mouse,,,,,,,,,,,,,,,,,,,,,,,
Eluktronics Pro Gaming Laptop,HP Laptop,Microsoft Basic Optical Mouse,,,,,,,,,,,,,,,,,,,,,,,,,,,,,
LG Touchscreen Laptop,,,,,,,,,,,,,,,,,,,,,,,,,,,,,,,
Logitech Wireless Mouse,3-Button Mouse,,,,,,,,,,,,,,,,,,,,,,,,,,,,,,
HP Desktop,,,,,,,,,,,,,,,,,,,,,,,,,,,,,,,
Redragon Gaming Mouse,Acer Desktop,2TB Portable External Hard Drive,,,,,,,,,,,,,,,,,,,,,,,,,,,,,
Kensington Headphones ,Logitech Desktop MK120 Mouse and keyboard Combo,Logitech MK270 Wireless Keyboard and Mouse Combo,Computer Game,HP Laptop,iMac,Alienware Laptop,Lenovo Desktop Computer,Apple Magic Keyboard,Logitech MK550 Wireless Wave Keyboard and Mouse Combo,Epson Printer,HP Monitor,iPad Pro ,,,,,,,,,,,,,,,,,,,
LG Monitor,ASUS Chromebook,Acer Desktop,ViewSonic Monitor,iMac,Mackie CR Speakers,Backlit LED Gaming Keyboard,,,,,,,,,,,,,,,,,,,,,,,,,
LG Monitor,Dell Desktop,Lenovo Desktop Computer,Epson Printer,CYBERPOWER Gamer Desktop,Belkin Mouse Pad,HP Notebook Touchscreen Laptop PC,,,,,,,,,,,,,,,,,,,,,,,,,
ViewSonic Monitor,HP Black & Tri-color Ink ,HP Laptop,,,,,,,,,,,,,,,,,,,,,,,,,,,,,
Dell Desktop,CYBERPOWER Gamer Desktop,Acer Desktop,,,,,,,,,,,,,,,,,,,,,,,,,,,,,
LG Monitor,iMac,CYBERPOWER Gamer Desktop,Zombie Gaming Headset,Brother Printer,iPad Pro ,,,,,,,,,,,,,,,,,,,,,,,,,,
Apple MacBook Air,,,,,,,,,,,,,,,,,,,,,,,,,,,,,,,
iMac,AOC Monitor,,,,,,,,,,,,,,,,,,,,,,,,,,,,,,
Alienware Laptop,,,,,,,,,,,,,,,,,,,,,,,,,,,,,,,
Samsung Monitor,Otium Wireless Sports Bluetooth Headphone,CYBERPOWER Gamer Desktop,Logitech 3-button Mouse,XIBERIA Gaming Headset,Apple Earpods,Apple MacBook Air,Microsoft Wireless Desktop Keyboard and Mouse,,,,,,,,,,,,,,,,,,,,,,,,
iMac,ASUS Monitor,Dell Desktop,,,,,,,,,,,,,,,,,,,,,,,,,,,,,
iMac,Apple MacBook Pro,Apple Earpods,Microsoft Headset,,,,,,,,,,,,,,,,,,,,,,,,,,,,
Acer Desktop,,,,,,,,,,,,,,,,,,,,,,,,,,,,,,,
Wireless Portable Mouse,,,,,,,,,,,,,,,,,,,,,,,,,,,,,,,
Eluktronics Pro Gaming Laptop,Apple Magic Keyboard, Intel Desktop ,CYBERPOWER Gamer Desktop,Cyber Acoustics,Halter Acrylic Monitor Stand,Microsoft Wireless Comfort Keyboard and Mouse,,,,,,,,,,,,,,,,,,,,,,,,,
LG Touchscreen Laptop,,,,,,,,,,,,,,,,,,,,,,,,,,,,,,,
Apple MacBook Air,,,,,,,,,,,,,,,,,,,,,,,,,,,,,,,
Acer Monitor,HP Wireless Mouse,Eluktronics Pro Gaming Laptop,HP Laptop,HP Wireless Printer,Bose Companion Speakers,Etekcity Power Extension Cord Cable,Full Motion Monitor Mount,Rii LED Keyboard,,,,,,,,,,,,,,,,,,,,,,,
ViewSonic Monitor,HP USB Keyboard ,Apple MacBook Pro,,,,,,,,,,,,,,,,,,,,,,,,,,,,,
Sonos,EagleTec Wireless Combo Keyboard and Mouse,,,,,,,,,,,,,,,,,,,,,,,,,,,,,,
Dell Wired Keyboard,Apple Earpods,Apple MacBook Air,iPhone Charger Cable,Dell KM117 Wireless Keyboard & Mouse,iPad Pro ,,,,,,,,,,,,,,,,,,,,,,,,,,
Dell Desktop,PC Gaming Headset,,,,,,,,,,,,,,,,,,,,,,,,,,,,,,
HDMI Cable 6ft,Acer Aspire,Dell Desktop,Acer Desktop,Dell Wired Keyboard,AOC Monitor,Microsoft Wireless Desktop Keyboard and Mouse,,,,,,,,,,,,,,,,,,,,,,,,,
Samsung Monitor,Eluktronics Pro Gaming Laptop,Acer Desktop,ViewSonic Monitor,iMac,Dell Laptop,,,,,,,,,,,,,,,,,,,,,,,,,,
HP Laptop,,,,,,,,,,,,,,,,,,,,,,,,,,,,,,,
Apple Wireless Keyboard,,,,,,,,,,,,,,,,,,,,,,,,,,,,,,,
Acer Desktop,HP Laptop,Alienware Laptop,Logitech MK550 Wireless Wave Keyboard and Mouse Combo,CYBERPOWER Gamer Desktop,PC Gaming Headset,iPad Pro ,,,,,,,,,,,,,,,,,,,,,,,,,
iMac,ASUS Monitor,Apple Earpods,Dell Laptop,,,,,,,,,,,,,,,,,,,,,,,,,,,,
Apple Earpods,Wireless Portable Mouse,,,,,,,,,,,,,,,,,,,,,,,,,,,,,,
iMac,,,,,,,,,,,,,,,,,,,,,,,,,,,,,,,
Slim 2TB Portable External Hard Drive,Rokono Mini Speaker,,,,,,,,,,,,,,,,,,,,,,,,,,,,,,
Brother Printer,Rokono Mini Speaker,,,,,,,,,,,,,,,,,,,,,,,,,,,,,,
LG Monitor,HP Laptop,iMac,CYBERPOWER Gamer Desktop,Brother Printer Toner,Microsoft Office Home and Student 2016,HP Monitor,Rii LED Keyboard,HP Desktop,Canon Office Printer,,,,,,,,,,,,,,,,,,,,,,
Slim Wireless Mouse,,,,,,,,,,,,,,,,,,,,,,,,,,,,,,,
Acer Desktop,Apple MacBook Air,Microsoft Wireless Desktop Keyboard and Mouse,,,,,,,,,,,,,,,,,,,,,,,,,,,,,
HP Wireless Printer,Apple Wired Keyboard,CYBERPOWER Gamer Desktop,Logitech 3-button Mouse,Apple Earpods,Apple MacBook Air,Backlit LED Gaming Keyboard,,,,,,,,,,,,,,,,,,,,,,,,,
LG Touchscreen Laptop,,,,,,,,,,,,,,,,,,,,,,,,,,,,,,,
Apple Wireless Keyboard,Apple MacBook Air,,,,,,,,,,,,,,,,,,,,,,,,,,,,,,
3-Button Mouse,Apple MacBook Pro,Dell Laptop,,,,,,,,,,,,,,,,,,,,,,,,,,,,,
Apple MacBook Air,,,,,,,,,,,,,,,,,,,,,,,,,,,,,,,
Samsung Monitor,Otium Wireless Sports Bluetooth Headphone,Apple MacBook Pro,,,,,,,,,,,,,,,,,,,,,,,,,,,,,
CYBERPOWER Gamer Desktop,Microsoft Basic Optical Mouse,,,,,,,,,,,,,,,,,,,,,,,,,,,,,,
HP USB Keyboard ,Apple MacBook Air,,,,,,,,,,,,,,,,,,,,,,,,,,,,,,
HP Wireless Mouse,ViewSonic Monitor,iMac,CYBERPOWER Gamer Desktop,Cyber Acoustics,Backlit LED Gaming Keyboard,,,,,,,,,,,,,,,,,,,,,,,,,,
Apple Earpods,,,,,,,,,,,,,,,,,,,,,,,,,,,,,,,
Apple Wireless Keyboard,ASUS Desktop,,,,,,,,,,,,,,,,,,,,,,,,,,,,,,
iMac,Dell Desktop,Apple MacBook Pro,Apple MacBook Air,,,,,,,,,,,,,,,,,,,,,,,,,,,,
Acer Aspire,Dell Desktop,ViewSonic Monitor,HP Laptop,iMac,ASUS Monitor,Lenovo Desktop Computer,Koss Home Headphones, Intel Desktop ,Microsoft Office Home and Student 2016,AOC Monitor,Belkin Mouse Pad,Apple Wireless Keyboard,Wireless Portable Mouse,HP Desktop,Logitech ClearChat Headset,,,,,,,,,,,,,,,,
Monster Beats By Dr Dre,Dell Desktop,HP Laptop,,,,,,,,,,,,,,,,,,,,,,,,,,,,,
Samsung Monitor,iMac,,,,,,,,,,,,,,,,,,,,,,,,,,,,,,
Kensington Headphones ,ASUS Chromebook,Acer Desktop,ViewSonic Monitor,Apple MacBook Pro,Microsoft Wireless Desktop Keyboard and Mouse,,,,,,,,,,,,,,,,,,,,,,,,,,
Apple MacBook Air,,,,,,,,,,,,,,,,,,,,,,,,,,,,,,,
HDMI Cable 6ft,Dell Wired Keyboard,CYBERPOWER Gamer Desktop,AOC Monitor,HP Monitor,Apple MacBook Air,ASUS Desktop,Wireless Portable Mouse,Dell Laptop,HP Desktop,,,,,,,,,,,,,,,,,,,,,,
Apple Earpods,,,,,,,,,,,,,,,,,,,,,,,,,,,,,,,
3-Button Mouse,Brother Printer Toner,Apple Wireless Keyboard,Apple MacBook Pro,Acer Desktop,,,,,,,,,,,,,,,,,,,,,,,,,,,
Dell Desktop,Acer Desktop,Logitech MK270 Wireless Keyboard and Mouse Combo,Brother Printer Toner,Apple MacBook Pro,Apple Earpods,Microsoft Headset,,,,,,,,,,,,,,,,,,,,,,,,,
Acer Aspire,Dell Desktop,Lenovo Desktop Computer,Bose Companion Speakers,3-Button Mouse,,,,,,,,,,,,,,,,,,,,,,,,,,,
Acer Desktop,,,,,,,,,,,,,,,,,,,,,,,,,,,,,,,
Lenovo Desktop Computer,,,,,,,,,,,,,,,,,,,,,,,,,,,,,,,
ViewSonic Monitor,iMac,Logitech MK550 Wireless Wave Keyboard and Mouse Combo,Google Home,,,,,,,,,,,,,,,,,,,,,,,,,,,,
Wireless Portable Mouse,Dell Laptop,,,,,,,,,,,,,,,,,,,,,,,,,,,,,,
Samsung Monitor,iMac,Lenovo Desktop Computer,Apple Magic Keyboard,3-Button Mouse,HP Monitor,iPad,,,,,,,,,,,,,,,,,,,,,,,,,
Apple Earpods,,,,,,,,,,,,,,,,,,,,,,,,,,,,,,,
Apple Earpods,HP Desktop,,,,,,,,,,,,,,,,,,,,,,,,,,,,,,
iMac,,,,,,,,,,,,,,,,,,,,,,,,,,,,,,,
Samsung Monitor,Dell Desktop,ViewSonic Monitor,Computer Game,HP Laptop,iMac,AOC Monitor,Microsoft Headset,,,,,,,,,,,,,,,,,,,,,,,,
Samsung Monitor,Otium Wireless Sports Bluetooth Headphone,Lenovo Desktop Computer,,,,,,,,,,,,,,,,,,,,,,,,,,,,,
iMac,Belkin Mouse Pad,Apple Earpods,,,,,,,,,,,,,,,,,,,,,,,,,,,,,
LG Monitor,Acer Aspire,HP Laptop,HP Wireless Printer,Lenovo Desktop Computer,,,,,,,,,,,,,,,,,,,,,,,,,,,
iMac,Microsoft Office Home and Student 2016,CYBERPOWER Gamer Desktop,HP Monitor,,,,,,,,,,,,,,,,,,,,,,,,,,,,
iMac,Logitech 3-button Mouse,,,,,,,,,,,,,,,,,,,,,,,,,,,,,,
CYBERPOWER Gamer Desktop,3-Button Mouse,Fire HD Tablet,Apple Earpods,Rii LED Keyboard,,,,,,,,,,,,,,,,,,,,,,,,,,,
iMac,Apple MacBook Air,,,,,,,,,,,,,,,,,,,,,,,,,,,,,,
5TB Desktop Hard Drive,,,,,,,,,,,,,,,,,,,,,,,,,,,,,,,
Backlit LED Gaming Keyboard,,,,,,,,,,,,,,,,,,,,,,,,,,,,,,,
HP Laptop,,,,,,,,,,,,,,,,,,,,,,,,,,,,,,,
HDMI Cable 6ft,Dell Desktop,HP Laptop,iMac,Lenovo Desktop Computer,ASUS 2 Monitor,CYBERPOWER Gamer Desktop,Rii LED Gaming Keyboard & Mouse Combo ,Belkin Mouse Pad,Brother Printer,Microsoft Wireless Desktop Keyboard and Mouse,,,,,,,,,,,,,,,,,,,,,
Samsung Monitor,ASUS Monitor,Logitech MK550 Wireless Wave Keyboard and Mouse Combo,Microsoft Office Home and Student 2016,,,,,,,,,,,,,,,,,,,,,,,,,,,,
Apple MacBook Air,,,,,,,,,,,,,,,,,,,,,,,,,,,,,,,
LG Monitor,Dell Desktop,iMac,Microsoft Office Home and Student 2016,,,,,,,,,,,,,,,,,,,,,,,,,,,,
Dell Laptop,,,,,,,,,,,,,,,,,,,,,,,,,,,,,,,
Acer Monitor,Dell Desktop,ViewSonic Monitor,iMac,Dell Desktop,Fire HD Tablet,Microsoft Wireless Comfort Keyboard and Mouse,,,,,,,,,,,,,,,,,,,,,,,,,
Monster Beats By Dr Dre,,,,,,,,,,,,,,,,,,,,,,,,,,,,,,,
Apple MacBook Air,,,,,,,,,,,,,,,,,,,,,,,,,,,,,,,
Acer Desktop,,,,,,,,,,,,,,,,,,,,,,,,,,,,,,,
LG Monitor,Apple Earpods,HP Monitor,Apple MacBook Air,iPhone Charger Cable,,,,,,,,,,,,,,,,,,,,,,,,,,,
iMac,Cambridge Bluetooth Speaker,Apple MacBook Pro,,,,,,,,,,,,,,,,,,,,,,,,,,,,,
Dell Laptop,,,,,,,,,,,,,,,,,,,,,,,,,,,,,,,
ViewSonic Monitor,HP Black & Tri-color Ink ,HP Laptop, Intel Desktop ,Epson Printer,HDMI Adapter,Halter Acrylic Monitor Stand,Apple Wireless Keyboard,,,,,,,,,,,,,,,,,,,,,,,,
Wireless Portable Mouse,,,,,,,,,,,,,,,,,,,,,,,,,,,,,,,
Acer Aspire,ViewSonic Monitor,Epson Printer,Microsoft Headset,,,,,,,,,,,,,,,,,,,,,,,,,,,,
LG Monitor,ViewSonic Monitor,,,,,,,,,,,,,,,,,,,,,,,,,,,,,,
Apple TV,Microsoft Wireless Desktop Keyboard and Mouse,,,,,,,,,,,,,,,,,,,,,,,,,,,,,,
CYBERPOWER Gamer Desktop,,,,,,,,,,,,,,,,,,,,,,,,,,,,,,,
CYBERPOWER Gamer Desktop,Apple Earpods,,,,,,,,,,,,,,,,,,,,,,,,,,,,,,
HP Wireless Mouse,Dell KM117 Wireless Keyboard & Mouse,,,,,,,,,,,,,,,,,,,,,,,,,,,,,,
LG Monitor,iMac,Microsoft Wireless Desktop Keyboard and Mouse,,,,,,,,,,,,,,,,,,,,,,,,,,,,,
Slim 2TB Portable External Hard Drive,CYBERPOWER Gamer Desktop,Apple Earpods,PC Gaming Headset,,,,,,,,,,,,,,,,,,,,,,,,,,,,
Apple Earpods,,,,,,,,,,,,,,,,,,,,,,,,,,,,,,,
Samsung Monitor,iMac,,,,,,,,,,,,,,,,,,,,,,,,,,,,,,
Acer Monitor,Otium Wireless Sports Bluetooth Headphone,Alienware Laptop,Samsung Charging Cable,Microsoft Office Home and Student 2016,Logitech 3-button Mouse,Dell Desktop,Microsoft Basic Optical Mouse,,,,,,,,,,,,,,,,,,,,,,,,
iMac,Backlit LED Gaming Keyboard,,,,,,,,,,,,,,,,,,,,,,,,,,,,,,
Apple MacBook Air,,,,,,,,,,,,,,,,,,,,,,,,,,,,,,,
Dell Laptop,,,,,,,,,,,,,,,,,,,,,,,,,,,,,,,
Otium Wireless Sports Bluetooth Headphone,ASUS 2 Monitor,Apple Magic Keyboard,iPad ,,,,,,,,,,,,,,,,,,,,,,,,,,,,
ASUS Chromebook,Eluktronics Pro Gaming Laptop,ViewSonic Monitor,HP Laptop,ASUS Monitor,ASUS 2 Monitor,HP Wireless Printer,Lenovo Desktop Computer, Intel Desktop ,Cambridge Bluetooth Speaker,3-Button Mouse,Computer Game,Logitech MK360 Wireless Keyboard and Mouse Combo,Apple Earpods,iPad Pro ,Epson Black Ink,Backlit LED Gaming Keyboard,,,,,,,,,,,,,,,
Acer Desktop,Apple Earpods,Apple MacBook Air,,,,,,,,,,,,,,,,,,,,,,,,,,,,,
iMac,,,,,,,,,,,,,,,,,,,,,,,,,,,,,,,
Apple MacBook Air,iPhone Charger Cable,,,,,,,,,,,,,,,,,,,,,,,,,,,,,,
HP Laptop,Apple Magic Keyboard,CYBERPOWER Gamer Desktop,Wireless Portable Mouse,Brother Printer,Backlit LED Gaming Keyboard,,,,,,,,,,,,,,,,,,,,,,,,,,
Apple Earpods,Microsoft Headset,,,,,,,,,,,,,,,,,,,,,,,,,,,,,,
Bose Companion Speakers,,,,,,,,,,,,,,,,,,,,,,,,,,,,,,,
Acer Desktop,Apple Magic Keyboard,Logitech MK550 Wireless Wave Keyboard and Mouse Combo,Apple MacBook Pro,HP Monitor,,,,,,,,,,,,,,,,,,,,,,,,,,,
Acer Aspire,HP Laptop,iMac,ASUS Monitor,Etekcity Power Extension Cord Cable,Zombie Gaming Headset,,,,,,,,,,,,,,,,,,,,,,,,,,
Otium Wireless Sports Bluetooth Headphone,CYBERPOWER Gamer Desktop,AOC Monitor,Brother Printer Toner,Rii LED Gaming Keyboard & Mouse Combo ,XIBERIA Gaming Headset,,,,,,,,,,,,,,,,,,,,,,,,,,
HP Wireless Mouse,iPad,,,,,,,,,,,,,,,,,,,,,,,,,,,,,,
3TB Portable External Hard Drive,Apple MacBook Air,Brother Printer,,,,,,,,,,,,,,,,,,,,,,,,,,,,,
HP Laptop,CYBERPOWER Gamer Desktop,,,,,,,,,,,,,,,,,,,,,,,,,,,,,,
Samsung Monitor,Dell Laptop,,,,,,,,,,,,,,,,,,,,,,,,,,,,,,
Logitech Wireless Mouse,,,,,,,,,,,,,,,,,,,,,,,,,,,,,,,
Lenovo Desktop Computer,,,,,,,,,,,,,,,,,,,,,,,,,,,,,,,
LG Monitor,HP Laptop,Bose Companion Speakers,,,,,,,,,,,,,,,,,,,,,,,,,,,,,
Sonos,CYBERPOWER Gamer Desktop,Dell Laptop,,,,,,,,,,,,,,,,,,,,,,,,,,,,,
ASUS Chromebook,,,,,,,,,,,,,,,,,,,,,,,,,,,,,,,
Apple MacBook Air,,,,,,,,,,,,,,,,,,,,,,,,,,,,,,,
Apple Earpods,,,,,,,,,,,,,,,,,,,,,,,,,,,,,,,
Otium Wireless Sports Bluetooth Headphone,Acer Aspire,Dell Desktop,ViewSonic Monitor,HP Laptop,iMac,ASUS Monitor,Lenovo Desktop Computer,Panasonic In-Ear Headphone ,Epson Printer,Mackie CR Speakers,Logitech MK360 Wireless Keyboard and Mouse Combo,Smart Light Bulb,Apple MacBook Pro,Zombie Gaming Headset,2TB Portable External Hard Drive,Rokono Mini Speaker,,,,,,,,,,,,,,,
Ailihen Stereo Headphones,Dell Laptop,,,,,,,,,,,,,,,,,,,,,,,,,,,,,,
Dell Desktop,iMac,ASUS Monitor,Zombie Gaming Headset,,,,,,,,,,,,,,,,,,,,,,,,,,,,
Dell Desktop,iMac,Microsoft Office Home and Student 2016,CYBERPOWER Gamer Desktop,APIE Bluetooth Headphone,Apple MacBook Pro,Brother Printer,,,,,,,,,,,,,,,,,,,,,,,,,
Epson Printer,Logitech Keyboard,Brother Printer Toner,Belkin Mouse Pad,ASUS Desktop,iPad,Zombie Gaming Headset,,,,,,,,,,,,,,,,,,,,,,,,,
HP Laptop,Apple MacBook Air,,,,,,,,,,,,,,,,,,,,,,,,,,,,,,
ViewSonic Monitor,HP Black & Tri-color Ink ,HP Laptop,iMac,Lenovo Desktop Computer,Apple Magic Keyboard,Epson Printer,,Smart Light Bulb,Microsoft Basic Optical Mouse,HP Monitor,EagleTec Wireless Combo Keyboard and Mouse,ASUS Desktop,Microsoft Wireless Desktop Keyboard and Mouse,,,,,,,,,,,,,,,,,,
Ailihen Stereo Headphones,Cambridge Bluetooth Speaker,Microsoft Office Home and Student 2016,Apple MacBook Air,Large Mouse Pad,JBL Splashproof Portable Bluetooth Speaker,Backlit LED Gaming Keyboard,,,,,,,,,,,,,,,,,,,,,,,,,
Bose Companion Speakers,Halter Acrylic Monitor Stand,,,,,,,,,,,,,,,,,,,,,,,,,,,,,,
Dell 2 Desktop,Etekcity Power Extension Cord Cable,Apple MacBook Pro,Rii LED Keyboard,Epson Black Ink,Microsoft Wireless Desktop Keyboard and Mouse,,,,,,,,,,,,,,,,,,,,,,,,,,
Epson Black Ink,,,,,,,,,,,,,,,,,,,,,,,,,,,,,,,
Lenovo Desktop Computer,Belkin Mouse Pad,Apple MacBook Air,,,,,,,,,,,,,,,,,,,,,,,,,,,,,
Apple MacBook Air,ASUS Desktop,,,,,,,,,,,,,,,,,,,,,,,,,,,,,,
Acer Desktop,ViewSonic Monitor,Epson Printer,Dell Monitor,3-Button Mouse,HP Monitor,iPad Pro ,VGA Monitor Cable,,,,,,,,,,,,,,,,,,,,,,,,
Samsung Monitor,,,,,,,,,,,,,,,,,,,,,,,,,,,,,,,
Samsung Monitor,Dell Monitor,,,,,,,,,,,,,,,,,,,,,,,,,,,,,,
Cambridge Bluetooth Speaker,Apple Earpods,Dell Laptop,,,,,,,,,,,,,,,,,,,,,,,,,,,,,
Dell 2 Desktop,Logitech 3-button Mouse,,,,,,,,,,,,,,,,,,,,,,,,,,,,,,
iPhone Charger Cable,iPad Pro ,,,,,,,,,,,,,,,,,,,,,,,,,,,,,,
Lenovo Desktop Computer,Slim 2TB Portable External Hard Drive,Apple Earpods,Microsoft Wireless Desktop Keyboard and Mouse,,,,,,,,,,,,,,,,,,,,,,,,,,,,
Lenovo Desktop Computer,,,,,,,,,,,,,,,,,,,,,,,,,,,,,,,
Acer Aspire,Dell Desktop,Acer Desktop,Epson Black Ink,Cambridge Bluetooth Speaker,XIBERIA Gaming Headset,Halter Acrylic Monitor Stand,Apple Wireless Keyboard,Apple MacBook Air,Slim Wireless Mouse,DYMO Labeling Tape ,Multi Media Stand,Microsoft Wireless Desktop Keyboard and Mouse,,,,,,,,,,,,,,,,,,,
Logitech 3-button Mouse,PC Gaming Headset,,,,,,,,,,,,,,,,,,,,,,,,,,,,,,
HDMI Cable 6ft,Computer Game,Apple Magic Keyboard,Logitech MK550 Wireless Wave Keyboard and Mouse Combo,Apple MacBook Air,Brother Printer,Microsoft Wireless Desktop Keyboard and Mouse,,,,,,,,,,,,,,,,,,,,,,,,,
Microsoft Office Home and Student 2016,Wireless Portable Mouse,iPad Pro ,,,,,,,,,,,,,,,,,,,,,,,,,,,,,
Dell Desktop,Lenovo Desktop Computer,Bose Companion Speakers, Intel Desktop ,Dell Wired Keyboard,AOC Monitor,Dell Desktop,,,,,,,,,,,,,,,,,,,,,,,,,
CYBERPOWER Gamer Desktop,AOC Monitor,,,,,,,,,,,,,,,,,,,,,,,,,,,,,,
Acer Desktop,Apple MacBook Pro,,,,,,,,,,,,,,,,,,,,,,,,,,,,,,
Dell Desktop,Lenovo Desktop Computer,Lenovo Desktop Computer,ViewSonic Monitor,Apple MacBook Air,,,,,,,,,,,,,,,,,,,,,,,,,,,
Rokono Mini Speaker,,,,,,,,,,,,,,,,,,,,,,,,,,,,,,,
Apple MacBook Air,Computer Game,,,,,,,,,,,,,,,,,,,,,,,,,,,,,,
iMac,HP Monitor,Microsoft Headset,Microsoft Wireless Desktop Keyboard and Mouse,,,,,,,,,,,,,,,,,,,,,,,,,,,,
HP Wireless Mouse,Dell Desktop,Microsoft Office Home and Student 2016,LG Touchscreen Laptop,,,,,,,,,,,,,,,,,,,,,,,,,,,,
Apple MacBook Air,,,,,,,,,,,,,,,,,,,,,,,,,,,,,,,
Computer Game,iMac,,,,,,,,,,,,,,,,,,,,,,,,,,,,,,
HP Laptop,HP Wireless Printer,AOC Monitor,HP USB Keyboard ,Etekcity Power Extension Cord Cable,,,,,,,,,,,,,,,,,,,,,,,,,,,
Acer Monitor,Dell Desktop,HP Laptop,iMac,ASUS Monitor,Cambridge Bluetooth Speaker,HP Monitor,,,,,,,,,,,,,,,,,,,,,,,,,
HP Laptop,iMac,,,,,,,,,,,,,,,,,,,,,,,,,,,,,,
LG Touchscreen Laptop,,,,,,,,,,,,,,,,,,,,,,,,,,,,,,,
HP Laptop, Intel Desktop ,,,,,,,,,,,,,,,,,,,,,,,,,,,,,,
Apple MacBook Air,,,,,,,,,,,,,,,,,,,,,,,,,,,,,,,
Dell Desktop,HP Laptop,iMac,Height-Adjustable Standing Desk,Logitech 3-button Mouse,Halter Acrylic Monitor Stand,Apple Earpods,Acer Desktop,Apple MacBook Air,DYMO Label Manker  ,,,,,,,,,,,,,,,,,,,,,,
HP Monitor,ASUS Desktop,Backlit LED Gaming Keyboard,,,,,,,,,,,,,,,,,,,,,,,,,,,,,
Dell 2 Desktop,CYBERPOWER Gamer Desktop,3-Button Mouse,HP Monitor,Apple MacBook Air,,,,,,,,,,,,,,,,,,,,,,,,,,,
HP Laptop,Logitech 3-button Mouse,3-Button Mouse,Apple MacBook Pro,Apple MacBook Air,,,,,,,,,,,,,,,,,,,,,,,,,,,
HP Laptop,,,,,,,,,,,,,,,,,,,,,,,,,,,,,,,
Otium Wireless Sports Bluetooth Headphone,Lenovo Desktop Computer, Intel Desktop ,Logitech 3-button Mouse,XIBERIA Gaming Headset,Halter Acrylic Monitor Stand,,,,,,,,,,,,,,,,,,,,,,,,,,
HP Laptop,iMac,HP Wireless Printer,Microsoft Headset,,,,,,,,,,,,,,,,,,,,,,,,,,,,
HDMI Cable 6ft,Roku Express,,,,,,,,,,,,,,,,,,,,,,,,,,,,,,
Dell Laptop,Dell Laptop,,,,,,,,,,,,,,,,,,,,,,,,,,,,,,
Acer Monitor,iMac,AOC Monitor,Logitech 3-button Mouse,,,,,,,,,,,,,,,,,,,,,,,,,,,,
Dell Wired Keyboard,AOC Monitor,Dell Desktop,Redragon Gaming Mouse,Apple Earpods,HP Monitor,iPad,Microsoft Wireless Desktop Keyboard and Mouse,,,,,,,,,,,,,,,,,,,,,,,,
CYBERPOWER Gamer Desktop,,,,,,,,,,,,,,,,,,,,,,,,,,,,,,,
Microsoft Headset,,,,,,,,,,,,,,,,,,,,,,,,,,,,,,,
ViewSonic Monitor,HP Black & Tri-color Ink ,,,,,,,,,,,,,,,,,,,,,,,,,,,,,,
Dell Desktop,HP Wireless Printer,Lenovo Desktop Computer,Apple Earpods,iPad,,,,,,,,,,,,,,,,,,,,,,,,,,,
Zombie Gaming Headset,,,,,,,,,,,,,,,,,,,,,,,,,,,,,,,
Dell Desktop,Acer Desktop,Dell Wired Keyboard,CYBERPOWER Gamer Desktop,Acer Desktop,HP Monitor,iPad,,,,,,,,,,,,,,,,,,,,,,,,,
Samsung Monitor,Lenovo Desktop Computer,Redragon Gaming Mouse,,,,,,,,,,,,,,,,,,,,,,,,,,,,,
Apple Earpods,Large Mouse Pad,,,,,,,,,,,,,,,,,,,,,,,,,,,,,,
Brother Printer Toner,,,,,,,,,,,,,,,,,,,,,,,,,,,,,,,
Acer Monitor,HP Laptop,CYBERPOWER Gamer Desktop,AOC Monitor,Apple Earpods,LG Touchscreen Laptop,Dell Laptop,Zombie Gaming Headset,,,,,,,,,,,,,,,,,,,,,,,,
Samsung Monitor,Cambridge Bluetooth Speaker,Microsoft Wireless Desktop Keyboard and Mouse,,,,,,,,,,,,,,,,,,,,,,,,,,,,,
Acer Aspire,Dell Desktop,Acer Desktop,Microsoft Headset,,,,,,,,,,,,,,,,,,,,,,,,,,,,
iMac,Lenovo Desktop Computer,3-Button Mouse,Fire TV Stick,Apple Earpods,,,,,,,,,,,,,,,,,,,,,,,,,,,
Acer Desktop,Apple MacBook Air,,,,,,,,,,,,,,,,,,,,,,,,,,,,,,
Dell Desktop,iMac,Backlit LED Gaming Keyboard,Microsoft Wireless Desktop Keyboard and Mouse,,,,,,,,,,,,,,,,,,,,,,,,,,,,
ASUS Chromebook,HP Laptop,Apple MacBook Air,Dell KM117 Wireless Keyboard & Mouse,Microsoft Wireless Desktop Keyboard and Mouse,,,,,,,,,,,,,,,,,,,,,,,,,,,
HP Laptop,,,,,,,,,,,,,,,,,,,,,,,,,,,,,,,
Acer Monitor,Dell Desktop,Acer Desktop,HP Wireless Printer,Slim 2TB Portable External Hard Drive,Microsoft Office Home and Student 2016,Rii LED Gaming Keyboard & Mouse Combo ,Belkin Mouse Pad,Logitech MK360 Wireless Keyboard and Mouse Combo,Ethernet Cable,HDMI Adapter,,,,,,,,,,,,,,,,,,,,,
Samsung Monitor,Acer Desktop,ASUS 2 Monitor,Apple Earpods,Apple MacBook Air,Rii LED Keyboard,Microsoft Wireless Desktop Keyboard and Mouse,,,,,,,,,,,,,,,,,,,,,,,,,
iMac,Lenovo Desktop Computer,Apple Wired Keyboard,Apple MacBook Pro,Apple Earpods,,,,,,,,,,,,,,,,,,,,,,,,,,,
Samsung Monitor,HDMI Cable 6ft,Acer Desktop,Computer Game,HP Laptop,Logitech MK550 Wireless Wave Keyboard and Mouse Combo,AOC Monitor,Apple MacBook Pro,Microsoft Wireless Desktop Keyboard and Mouse,,,,,,,,,,,,,,,,,,,,,,,
Acer Monitor,Lenovo Desktop Computer,Bose Companion Speakers,Epson Printer,Apple Wireless Keyboard,Apple Earpods,HP Monitor,LG Touchscreen Laptop,Microsoft Headset,Microsoft Wireless Desktop Keyboard and Mouse,,,,,,,,,,,,,,,,,,,,,,
Apple MacBook Air,,,,,,,,,,,,,,,,,,,,,,,,,,,,,,,
Generic Black 3-Button,,,,,,,,,,,,,,,,,,,,,,,,,,,,,,,
Logitech ClearChat Headset,,,,,,,,,,,,,,,,,,,,,,,,,,,,,,,
HP Laptop,Brother Printer Toner,,,,,,,,,,,,,,,,,,,,,,,,,,,,,,
Otium Wireless Sports Bluetooth Headphone,HP Laptop,Slim Wireless Mouse,,,,,,,,,,,,,,,,,,,,,,,,,,,,,
Logitech Wireless Keyboard,,,,,,,,,,,,,,,,,,,,,,,,,,,,,,,
Samsung Monitor,Dell Desktop,ASUS Monitor,Cambridge Bluetooth Speaker,Cyber Acoustics,HP Monitor,,,,,,,,,,,,,,,,,,,,,,,,,,
iMac,Logitech 3-button Mouse,,,,,,,,,,,,,,,,,,,,,,,,,,,,,,
Apple Wireless Keyboard,Apple Wireless Keyboard,,,,,,,,,,,,,,,,,,,,,,,,,,,,,,
Dell Desktop,iMac,Microsoft Office Home and Student 2016,Dell KM117 Wireless Keyboard & Mouse,Epson Black Ink,,,,,,,,,,,,,,,,,,,,,,,,,,,
Samsung Monitor,Bose Companion Speakers,Logitech 3-button Mouse,Etekcity Power Extension Cord Cable,Apple MacBook Air,Kindle ,Microsoft Wireless Desktop Keyboard and Mouse,,,,,,,,,,,,,,,,,,,,,,,,,
CYBERPOWER Gamer Desktop,3-Button Mouse,,,,,,,,,,,,,,,,,,,,,,,,,,,,,,
Sonos,Brother Printer Toner,,,,,,,,,,,,,,,,,,,,,,,,,,,,,,
Monster Beats By Dr Dre,iMac,CYBERPOWER Gamer Desktop,Apple Earpods,,,,,,,,,,,,,,,,,,,,,,,,,,,,
Acer Monitor,Eluktronics Pro Gaming Laptop,Dell Desktop,HP Laptop,iMac,Lenovo Desktop Computer,Apple Magic Keyboard,CYBERPOWER Gamer Desktop,Multi Media Stand,Backlit LED Gaming Keyboard,,,,,,,,,,,,,,,,,,,,,,
Microsoft Headset,PC Gaming Headset,,,,,,,,,,,,,,,,,,,,,,,,,,,,,,
Apple Earpods,Slim Wireless Mouse,Rii LED Keyboard,iPad,,,,,,,,,,,,,,,,,,,,,,,,,,,,
ASUS Monitor,HP Wireless Printer,Lenovo Desktop Computer,CYBERPOWER Gamer Desktop,Belkin Mouse Pad,Microsoft Headset,,,,,,,,,,,,,,,,,,,,,,,,,,
HP Wireless Mouse,Dell Desktop,Acer Desktop,HP Laptop,,,,,,,,,,,,,,,,,,,,,,,,,,,,
Samsung Monitor,CYBERPOWER Gamer Desktop,Apple MacBook Pro,Apple Earpods,Backlit LED Gaming Keyboard,Microsoft Wireless Desktop Keyboard and Mouse,,,,,,,,,,,,,,,,,,,,,,,,,,
Apple Earpods,,,,,,,,,,,,,,,,,,,,,,,,,,,,,,,
Redragon Gaming Mouse,,,,,,,,,,,,,,,,,,,,,,,,,,,,,,,
Acer Desktop,Alienware Laptop,Bose Companion Speakers,Sonos,CYBERPOWER Gamer Desktop,Samsung Galaxy Tablet,Backlit LED Gaming Keyboard,,,,,,,,,,,,,,,,,,,,,,,,,
Koss Home Headphones,Sonos,,,,,,,,,,,,,,,,,,,,,,,,,,,,,,
iMac,AOC Monitor,Backlit LED Gaming Keyboard,,,,,,,,,,,,,,,,,,,,,,,,,,,,,
Apple Earpods,,,,,,,,,,,,,,,,,,,,,,,,,,,,,,,
HP Wireless Mouse,,,,,,,,,,,,,,,,,,,,,,,,,,,,,,,
HP Laptop,ASUS 2 Monitor,3-Button Mouse,Cyber Acoustics,Brother Printer,Halter Mesh Metal Monitor Stand,,,,,,,,,,,,,,,,,,,,,,,,,,
3-Button Mouse,Apple Wireless Keyboard,,,,,,,,,,,,,,,,,,,,,,,,,,,,,,
Sonos,Apple MacBook Air,Computer Game,JBL Splashproof Portable Bluetooth Speaker,Microsoft Wireless Desktop Keyboard and Mouse,,,,,,,,,,,,,,,,,,,,,,,,,,,
Samsung Monitor,,,,,,,,,,,,,,,,,,,,,,,,,,,,,,,
Acer Aspire,Lenovo Desktop Computer,Apple Magic Keyboard,Microsoft Wireless Desktop Keyboard and Mouse,,,,,,,,,,,,,,,,,,,,,,,,,,,,
Dell Laptop,,,,,,,,,,,,,,,,,,,,,,,,,,,,,,,
Slim 2TB Portable External Hard Drive,,,,,,,,,,,,,,,,,,,,,,,,,,,,,,,
Apple MacBook Pro,,,,,,,,,,,,,,,,,,,,,,,,,,,,,,,
Samsung Monitor,HP Laptop,HP Wireless Printer,,,,,,,,,,,,,,,,,,,,,,,,,,,,,
Apple Magic Keyboard,,,,,,,,,,,,,,,,,,,,,,,,,,,,,,,
ViewSonic Monitor,HP Laptop,iMac,CYBERPOWER Gamer Desktop,Dell Desktop,Generic Black 3-Button,Apple Earpods,Eluktronics Pro Gaming Laptop,,,,,,,,,,,,,,,,,,,,,,,,
Sonos,Apple Earpods,,,,,,,,,,,,,,,,,,,,,,,,,,,,,,
Otium Wireless Sports Bluetooth Headphone,Acer Desktop,iMac,ASUS 2 Monitor,Lenovo Desktop Computer,Cambridge Bluetooth Speaker,3-Button Mouse,Computer Game,HP Monitor,Apple MacBook Air,Slim Wireless Mouse,ASUS Desktop,Backlit LED Gaming Keyboard,,,,,,,,,,,,,,,,,,,
Acer Monitor,HDMI Cable 6ft,Dell Desktop,Acer Desktop,Logitech MK270 Wireless Keyboard and Mouse Combo,HP Laptop,iMac,Lenovo Desktop Computer,Panasonic In-Ear Headphone ,Cambridge Bluetooth Speaker,Ailihen Stereo Headphones,Logitech 3-button Mouse,,,,,,,,,,,,,,,,,,,,
Dell Desktop,HP Wireless Printer,Lenovo Desktop Computer,Panasonic In-Ear Headphone , Intel Desktop ,CYBERPOWER Gamer Desktop,Logitech 3-button Mouse,Full Motion Monitor Mount,HP Monitor,,,,,,,,,,,,,,,,,,,,,,,
HP Wireless Mouse,ViewSonic Monitor,HP Laptop,iMac,Epson Printer,Microsoft Office Home and Student 2016,Logitech 3-button Mouse,Full Motion Monitor Mount,,,,,,,,,,,,,,,,,,,,,,,,
ViewSonic Monitor,HP Laptop,AOC Monitor,Smart Light Bulb,,,,,,,,,,,,,,,,,,,,,,,,,,,,
HP Laptop,HP Monitor,Slim Wireless Mouse,iPad Pro ,,,,,,,,,,,,,,,,,,,,,,,,,,,,
Apple Wireless Keyboard,Logitech Multimedia Speakers,,,,,,,,,,,,,,,,,,,,,,,,,,,,,,
Apple Earpods,,,,,,,,,,,,,,,,,,,,,,,,,,,,,,,
HP Wireless Mouse,LG Monitor,Belkin Mouse Pad,Audio Cable,Apple MacBook Air,,,,,,,,,,,,,,,,,,,,,,,,,,,
Sonos,,,,,,,,,,,,,,,,,,,,,,,,,,,,,,,
Eluktronics Pro Gaming Laptop, Intel Desktop ,Logitech 3-button Mouse,,,,,,,,,,,,,,,,,,,,,,,,,,,,,
LG Monitor,CYBERPOWER Gamer Desktop,,,,,,,,,,,,,,,,,,,,,,,,,,,,,,
Sonos,,,,,,,,,,,,,,,,,,,,,,,,,,,,,,,
HP Laptop,Apple Wireless Keyboard,Apple Earpods,DYMO Label Manker  ,,,,,,,,,,,,,,,,,,,,,,,,,,,,
Apple MacBook Air,,,,,,,,,,,,,,,,,,,,,,,,,,,,,,,
Acer Desktop,JBL Splashproof Portable Bluetooth Speaker,,,,,,,,,,,,,,,,,,,,,,,,,,,,,,
ASUS Chromebook,Dell Desktop,iMac,Belkin Mouse Pad,Apple Earpods,Sceptre Monitor,,,,,,,,,,,,,,,,,,,,,,,,,,
iMac,XIBERIA Gaming Headset,HP Monitor,,,,,,,,,,,,,,,,,,,,,,,,,,,,,
HP Wireless Mouse,Lenovo Desktop Computer,Apple Magic Keyboard,,,,,,,,,,,,,,,,,,,,,,,,,,,,,
HP Wireless Printer,Dell Laptop,,,,,,,,,,,,,,,,,,,,,,,,,,,,,,
3-Button Mouse,Belkin Mouse Pad,Apple Wireless Keyboard,,,,,,,,,,,,,,,,,,,,,,,,,,,,,
Samsung Monitor,iMac,Lenovo Desktop Computer,,,,,,,,,,,,,,,,,,,,,,,,,,,,,
Computer Game,Cambridge Bluetooth Speaker,,,,,,,,,,,,,,,,,,,,,,,,,,,,,,
Dell Desktop,HP Laptop,Bose Companion Speakers,Microsoft Office Home and Student 2016,Logitech Keyboard,,,,,,,,,,,,,,,,,,,,,,,,,,,
Etekcity Power Extension Cord Cable,,,,,,,,,,,,,,,,,,,,,,,,,,,,,,,
Sonos,,,,,,,,,,,,,,,,,,,,,,,,,,,,,,,
Apple Earpods,,,,,,,,,,,,,,,,,,,,,,,,,,,,,,,
3-Button Mouse,Apple Earpods,,,,,,,,,,,,,,,,,,,,,,,,,,,,,,
Acer Desktop,ViewSonic Monitor,iMac,ASUS Monitor,ASUS 2 Monitor,Lenovo Desktop Computer,Bose Companion Speakers,Google Home,AOC Monitor,Belkin Mouse Pad,Generic Black 3-Button,Microsoft Basic Optical Mouse,Apple Wireless Keyboard,Rii LED Keyboard,,,,,,,,,,,,,,,,,,
Otium Wireless Sports Bluetooth Headphone,HP Laptop,iMac,Logitech MK550 Wireless Wave Keyboard and Mouse Combo,HP Monitor,ASUS Desktop,,,,,,,,,,,,,,,,,,,,,,,,,,
iMac,Logitech MK550 Wireless Wave Keyboard and Mouse Combo,CYBERPOWER Gamer Desktop,Apple MacBook Pro,,,,,,,,,,,,,,,,,,,,,,,,,,,,
3TB Portable External Hard Drive,,,,,,,,,,,,,,,,,,,,,,,,,,,,,,,
Large Mouse Pad,,,,,,,,,,,,,,,,,,,,,,,,,,,,,,,
Acer Desktop,iMac,,,,,,,,,,,,,,,,,,,,,,,,,,,,,,
Apple MacBook Air,,,,,,,,,,,,,,,,,,,,,,,,,,,,,,,
Logitech MK360 Wireless Keyboard and Mouse Combo,Apple Earpods,,,,,,,,,,,,,,,,,,,,,,,,,,,,,,
LG Monitor,Lenovo Desktop Computer,,,,,,,,,,,,,,,,,,,,,,,,,,,,,,
Alienware Laptop,,,,,,,,,,,,,,,,,,,,,,,,,,,,,,,
Etekcity Power Extension Cord Cable,,,,,,,,,,,,,,,,,,,,,,,,,,,,,,,
Otium Wireless Sports Bluetooth Headphone,LG Monitor,ASUS Monitor,Logitech 3-button Mouse,Dell Laptop,Multi Media Stand,,,,,,,,,,,,,,,,,,,,,,,,,,
Dell Desktop,Acer Desktop,iMac, Intel Desktop ,Epson Printer,Sonos,Apple MacBook Pro,Microsoft Wireless Desktop Keyboard and Mouse,,,,,,,,,,,,,,,,,,,,,,,,
Apple Earpods,Apple MacBook Air,,,,,,,,,,,,,,,,,,,,,,,,,,,,,,
Apple Earpods,,,,,,,,,,,,,,,,,,,,,,,,,,,,,,,
Otium Wireless Sports Bluetooth Headphone,iMac,Lenovo Desktop Computer,,,,,,,,,,,,,,,,,,,,,,,,,,,,,
Acer Monitor,Dell Desktop,HP Laptop,HP Wireless Printer,Bose Companion Speakers, Intel Desktop ,Logitech 3-button Mouse,3-Button Mouse,Brother Printer,,,,,,,,,,,,,,,,,,,,,,,
Apple Magic Keyboard,Epson Printer,,,,,,,,,,,,,,,,,,,,,,,,,,,,,,
Dell Desktop,ViewSonic Monitor,HP Laptop,iMac,Sonos,Cyber Acoustics,Full Motion Monitor Mount,Apple Earpods,Slim Wireless Mouse,,,,,,,,,,,,,,,,,,,,,,,
Samsung Monitor,Backlit LED Gaming Keyboard,,,,,,,,,,,,,,,,,,,,,,,,,,,,,,
Dell Desktop,Apple Magic Keyboard,Brother Printer,,,,,,,,,,,,,,,,,,,,,,,,,,,,,
LG Monitor,Dell Wired Keyboard,Apple MacBook Air,,,,,,,,,,,,,,,,,,,,,,,,,,,,,
Apple MacBook Air,Halter Mesh Metal Monitor Stand,,,,,,,,,,,,,,,,,,,,,,,,,,,,,,
iMac,Redragon Gaming Mouse,APIE Bluetooth Headphone,Apple Wireless Keyboard,Apple Earpods,Acer Desktop,Dell Laptop,,,,,,,,,,,,,,,,,,,,,,,,,
Epson Printer,,,,,,,,,,,,,,,,,,,,,,,,,,,,,,,
iMac,Dell Wired Keyboard,Apple Earpods,Rii LED Keyboard,Dell Laptop,HP Desktop,Microsoft Wireless Desktop Keyboard and Mouse,,,,,,,,,,,,,,,,,,,,,,,,,
Samsung Monitor,Dell Desktop,ViewSonic Monitor,HP Laptop,Logitech MK550 Wireless Wave Keyboard and Mouse Combo,HP Monitor,ASUS Desktop,Wireless Portable Mouse,,,,,,,,,,,,,,,,,,,,,,,,
LG Monitor,HP Laptop,iMac,Epson Printer,Logitech 3-button Mouse,iPad ,Full Motion Monitor Mount,EagleTec Wireless Combo Keyboard and Mouse,Dell Laptop,DYMO Label Manker  ,,,,,,,,,,,,,,,,,,,,,,
ASUS Chromebook,iMac,ASUS 2 Monitor,AOC Monitor,iPad Pro ,,,,,,,,,,,,,,,,,,,,,,,,,,,
Samsung Monitor,HP Wireless Mouse,Eluktronics Pro Gaming Laptop,HP Laptop,iMac,Alienware Laptop,Apple Magic Keyboard,AOC Monitor,,,,,,,,,,,,,,,,,,,,,,,,
Dell Desktop,Acer Desktop,Bose Companion Speakers, Intel Desktop ,Cyber Acoustics,Samsung Charging Cable,Smart Light Bulb,Redragon Gaming Mouse,APIE Bluetooth Headphone,Apple MacBook Pro,Apple MacBook Air,Slim Wireless Mouse,Microsoft Wireless Desktop Keyboard and Mouse,,,,,,,,,,,,,,,,,,,
iMac,Lenovo Desktop Computer,Microsoft Office Home and Student 2016,CYBERPOWER Gamer Desktop,HP Monitor,ASUS Desktop,Dell Laptop,HP Desktop,,,,,,,,,,,,,,,,,,,,,,,,
Apple MacBook Pro,Wireless Portable Mouse,Dell Laptop,,,,,,,,,,,,,,,,,,,,,,,,,,,,,
ASUS Chromebook,Dell Laptop,,,,,,,,,,,,,,,,,,,,,,,,,,,,,,
Logitech 3-button Mouse,,,,,,,,,,,,,,,,,,,,,,,,,,,,,,,
Apple MacBook Air,,,,,,,,,,,,,,,,,,,,,,,,,,,,,,,
Samsung Monitor,Dell Desktop,Lenovo Desktop Computer,Cambridge Bluetooth Speaker,Redragon Gaming Mouse,Apple MacBook Pro,Apple Earpods,Apple MacBook Air,Wireless Portable Mouse,,,,,,,,,,,,,,,,,,,,,,,
Acer Desktop,HP Laptop,iMac,ASUS Monitor,Apple Magic Keyboard,Panasonic In-Ear Headphone ,3-Button Mouse,Brother Printer,iPad Pro ,,,,,,,,,,,,,,,,,,,,,,,
Acer Monitor,CYBERPOWER Gamer Desktop,,,,,,,,,,,,,,,,,,,,,,,,,,,,,,
Bose Companion Speakers,Fire HD Tablet,,,,,,,,,,,,,,,,,,,,,,,,,,,,,,
iMac,Logitech 3-button Mouse,,,,,,,,,,,,,,,,,,,,,,,,,,,,,,
Alienware Laptop,Logitech 3-button Mouse,,,,,,,,,,,,,,,,,,,,,,,,,,,,,,
iMac,,,,,,,,,,,,,,,,,,,,,,,,,,,,,,,
HP Black & Tri-color Ink ,iMac,ASUS 2 Monitor,Redragon Gaming Mouse,Apple Earpods,,,,,,,,,,,,,,,,,,,,,,,,,,,
Dell Desktop,ViewSonic Monitor,HP Laptop,iMac,Lenovo Desktop Computer,Mackie CR Speakers,Etekcity Power Extension Cord Cable,1TB Portable External Hard Drive,,,,,,,,,,,,,,,,,,,,,,,,
HP Wireless Mouse,CYBERPOWER Gamer Desktop,Apple MacBook Pro,,,,,,,,,,,,,,,,,,,,,,,,,,,,,
ASUS 2 Monitor, Intel Desktop ,,Belkin Mouse Pad,Logitech Wireless Keyboard,Apple Earpods,,,,,,,,,,,,,,,,,,,,,,,,,,
LG Monitor,ASUS Chromebook,HP Laptop,iMac,Lenovo Desktop Computer,Belkin Mouse Pad,HP Monitor,,,,,,,,,,,,,,,,,,,,,,,,,
Eluktronics Pro Gaming Laptop,,,,,,,,,,,,,,,,,,,,,,,,,,,,,,,
Eluktronics Pro Gaming Laptop,Computer Game,Sonos,Acer Desktop,Microsoft Wireless Desktop Keyboard and Mouse,,,,,,,,,,,,,,,,,,,,,,,,,,,
ViewSonic Monitor,Computer Game,HP Wireless Printer,Height-Adjustable Standing Desk,Logitech 3-button Mouse,Lenovo Desktop Computer,Halter Acrylic Monitor Stand,Apple MacBook Pro,HP Monitor,Apple MacBook Air,Microsoft Wireless Comfort Keyboard and Mouse,,,,,,,,,,,,,,,,,,,,,
ASUS Monitor,Apple Wired Keyboard,Sonos,CYBERPOWER Gamer Desktop,Apple Earpods,ASUS Desktop,Dell Laptop,Logitech ClearChat Headset,,,,,,,,,,,,,,,,,,,,,,,,
Bose Companion Speakers,Dell Desktop,Apple Wireless Keyboard,Apple MacBook Air,,,,,,,,,,,,,,,,,,,,,,,,,,,,
iMac,Redragon Gaming Mouse,,,,,,,,,,,,,,,,,,,,,,,,,,,,,,
Samsung Monitor,Otium Wireless Sports Bluetooth Headphone,HP Wireless Mouse,ASUS Chromebook,Acer Aspire,ViewSonic Monitor,HP Black & Tri-color Ink ,iMac,ASUS Monitor,Microsoft Office Home and Student 2016,iPad ,Apple Wireless Keyboard,ASUS Desktop,Wireless Portable Mouse,,,,,,,,,,,,,,,,,,
Apple MacBook Air,HP Desktop,,,,,,,,,,,,,,,,,,,,,,,,,,,,,,
iMac,CYBERPOWER Gamer Desktop,Apple MacBook Air,Microsoft Headset,,,,,,,,,,,,,,,,,,,,,,,,,,,,
Etekcity Power Extension Cord Cable,,,,,,,,,,,,,,,,,,,,,,,,,,,,,,,
Samsung Monitor,Otium Wireless Sports Bluetooth Headphone,Dell 2 Desktop,Computer Game,HP Laptop,Koss Home Headphones,Logitech MK550 Wireless Wave Keyboard and Mouse Combo, Intel Desktop ,Height-Adjustable Standing Desk,Cambridge Bluetooth Speaker,Microsoft Office Home and Student 2016,CYBERPOWER Gamer Desktop,Fire HD Tablet,Halter Acrylic Monitor Stand,Microsoft Wireless Desktop Keyboard and Mouse,,,,,,,,,,,,,,,,,
Acer Monitor,Height-Adjustable Standing Desk,Belkin Mouse Pad,Fire HD Tablet,iPhone Charger Cable,PC Gaming Headset,,,,,,,,,,,,,,,,,,,,,,,,,,
Panasonic In-Ear Headphone ,CYBERPOWER Gamer Desktop,,,,,,,,,,,,,,,,,,,,,,,,,,,,,,
Samsung Monitor,Otium Wireless Sports Bluetooth Headphone,iMac,ASUS 2 Monitor,HP Wireless Printer,Lenovo Desktop Computer,Logitech 3-button Mouse,DYMO Label Manker  ,Samsung Galaxy Tablet,,,,,,,,,,,,,,,,,,,,,,,
HP Wireless Mouse,Acer Desktop,iMac,HP Wireless Printer,Belkin Mouse Pad,Apple Earpods,Apple MacBook Air,iPhone Charger Cable,Backlit LED Gaming Keyboard,,,,,,,,,,,,,,,,,,,,,,,
Alienware Laptop,Lenovo Desktop Computer,,,,,,,,,,,,,,,,,,,,,,,,,,,,,,
Acer Desktop,Lenovo Desktop Computer, Intel Desktop ,XIBERIA Gaming Headset,Apple Wireless Keyboard,Dell Laptop,PC Gaming Headset,Canon Ink ,Microsoft Wireless Desktop Keyboard and Mouse,,,,,,,,,,,,,,,,,,,,,,,
Samsung Monitor,Dell 2 Desktop,Panasonic In-Ear Headphone , Intel Desktop ,,,,,,,,,,,,,,,,,,,,,,,,,,,,
ASUS Monitor,Lenovo Desktop Computer,,,,,,,,,,,,,,,,,,,,,,,,,,,,,,
LG Monitor,HP Laptop,,,,,,,,,,,,,,,,,,,,,,,,,,,,,,
Redragon Gaming Mouse,,,,,,,,,,,,,,,,,,,,,,,,,,,,,,,
Eluktronics Pro Gaming Laptop,Dell 2 Desktop,HP Laptop,Bose Companion Speakers,Logitech MK550 Wireless Wave Keyboard and Mouse Combo,Dell Wired Keyboard,Full Motion Monitor Mount,Apple Earpods,Wireless Portable Mouse,HP Desktop,Backlit LED Gaming Keyboard,,,,,,,,,,,,,,,,,,,,,
Dell Desktop,iMac,Backlit LED Gaming Keyboard,,,,,,,,,,,,,,,,,,,,,,,,,,,,,
iMac,Lenovo Desktop Computer,Slim 2TB Portable External Hard Drive,CYBERPOWER Gamer Desktop,Apple MacBook Pro,HP Monitor,,,,,,,,,,,,,,,,,,,,,,,,,,
USB Cable,Backlit LED Gaming Keyboard,,,,,,,,,,,,,,,,,,,,,,,,,,,,,,
CYBERPOWER Gamer Desktop,3-Button Mouse,Brother Printer Toner,,,,,,,,,,,,,,,,,,,,,,,,,,,,,
Dell Desktop,iMac,,,,,,,,,,,,,,,,,,,,,,,,,,,,,,
HP Wireless Printer,Koss Home Headphones,Logitech 3-button Mouse,3-Button Mouse,Apple Earpods,ASUS Desktop,Brother Printer,Microsoft Wireless Desktop Keyboard and Mouse,,,,,,,,,,,,,,,,,,,,,,,,
Backlit LED Gaming Keyboard,,,,,,,,,,,,,,,,,,,,,,,,,,,,,,,
Eluktronics Pro Gaming Laptop,HP Black & Tri-color Ink ,Bose Companion Speakers,Microsoft Office Home and Student 2016,Etekcity Power Extension Cord Cable,Dell Laptop,,,,,,,,,,,,,,,,,,,,,,,,,,
HP Wireless Mouse,,,,,,,,,,,,,,,,,,,,,,,,,,,,,,,
HP Laptop,iMac,Google Home,,,,,,,,,,,,,,,,,,,,,,,,,,,,,
HP Monitor,,,,,,,,,,,,,,,,,,,,,,,,,,,,,,,
Dell Laptop,HP Desktop,iPad,iPad Pro ,Halter Mesh Metal Monitor Stand,,,,,,,,,,,,,,,,,,,,,,,,,,,
Belkin Mouse Pad,Acer Desktop,,,,,,,,,,,,,,,,,,,,,,,,,,,,,,
DYMO Labeling Tape ,,,,,,,,,,,,,,,,,,,,,,,,,,,,,,,
HP Wireless Mouse,ASUS Monitor,Epson Printer,Apple Earpods,Acer Desktop,Dell Laptop,Dell Laptop,,,,,,,,,,,,,,,,,,,,,,,,,
Lenovo Desktop Computer,Slim Wireless Mouse,,,,,,,,,,,,,,,,,,,,,,,,,,,,,,
Backlit LED Gaming Keyboard,,,,,,,,,,,,,,,,,,,,,,,,,,,,,,,
ViewSonic Monitor,,,,,,,,,,,,,,,,,,,,,,,,,,,,,,,
Acer Desktop,Acer Desktop,Microsoft Headset,Dell Laptop,Microsoft Wireless Desktop Keyboard and Mouse,,,,,,,,,,,,,,,,,,,,,,,,,,,
Samsung Monitor,Apple Wired Keyboard,Microsoft Office Home and Student 2016,Apple Earpods,Microsoft Wireless Desktop Keyboard and Mouse,,,,,,,,,,,,,,,,,,,,,,,,,,,
HP Laptop,iMac,Slim Wireless Mouse,,,,,,,,,,,,,,,,,,,,,,,,,,,,,
Dell Desktop,Acer Desktop,ViewSonic Monitor,Computer Game,HP Laptop,iMac,Apple Magic Keyboard,Acer Desktop,HP Monitor,Dell KM117 Wireless Keyboard & Mouse,Slim Wireless Mouse,Zombie Gaming Headset,Microsoft Wireless Desktop Keyboard and Mouse,,,,,,,,,,,,,,,,,,,
Backlit LED Gaming Keyboard,,,,,,,,,,,,,,,,,,,,,,,,,,,,,,,
Acer Monitor,Dell Wired Keyboard,Apple Earpods,,,,,,,,,,,,,,,,,,,,,,,,,,,,,
HP Monitor,,,,,,,,,,,,,,,,,,,,,,,,,,,,,,,
HDMI Cable 6ft,iMac,Logitech MK550 Wireless Wave Keyboard and Mouse Combo,Belkin Mouse Pad,Apple Wireless Keyboard,HP Monitor,,,,,,,,,,,,,,,,,,,,,,,,,,
Samsung Monitor,LG Monitor,ASUS Chromebook,Dell Desktop,HP Laptop,iMac,Alienware Laptop,Apple Magic Keyboard,iPad ,Apple MacBook Pro,Zombie Gaming Headset,Brother Printer,iPad Pro ,Epson Black Ink,,,,,,,,,,,,,,,,,,
Acer Monitor,ASUS Chromebook,iMac,,,,,,,,,,,,,,,,,,,,,,,,,,,,,
Ailihen Stereo Headphones,Bose Companion Speakers, Intel Desktop ,Sonos,,,,,,,,,,,,,,,,,,,,,,,,,,,,
Microsoft Headset,HP Desktop,,,,,,,,,,,,,,,,,,,,,,,,,,,,,,
Acer Aspire,CYBERPOWER Gamer Desktop,Apple Earpods,Microsoft Headset,Microsoft Wireless Desktop Keyboard and Mouse,,,,,,,,,,,,,,,,,,,,,,,,,,,
Apple MacBook Air,,,,,,,,,,,,,,,,,,,,,,,,,,,,,,,
Apple MacBook Air,,,,,,,,,,,,,,,,,,,,,,,,,,,,,,,
Apple MacBook Air,,,,,,,,,,,,,,,,,,,,,,,,,,,,,,,
Bose Companion Speakers,Apple Earpods,Zombie Gaming Headset,,,,,,,,,,,,,,,,,,,,,,,,,,,,,
Acer Aspire,Acer Desktop,HP Laptop,iMac,ASUS 2 Monitor,Ailihen Stereo Headphones,Microsoft Office Home and Student 2016,HDMI Adapter,JBL Splashproof Portable Bluetooth Speaker,,,,,,,,,,,,,,,,,,,,,,,
iMac,Apple MacBook Air,Large Mouse Pad,Brother Printer,,,,,,,,,,,,,,,,,,,,,,,,,,,,
Acer Aspire,,,,,,,,,,,,,,,,,,,,,,,,,,,,,,,
Apple MacBook Air,,,,,,,,,,,,,,,,,,,,,,,,,,,,,,,
HP Wireless Printer,,,,,,,,,,,,,,,,,,,,,,,,,,,,,,,
HDMI Cable 6ft,iMac,HP Wireless Printer,CYBERPOWER Gamer Desktop,Acer Desktop,Wireless Portable Mouse,Canon Office Printer,,,,,,,,,,,,,,,,,,,,,,,,,
Otium Wireless Sports Bluetooth Headphone,CYBERPOWER Gamer Desktop,Acer Desktop,,,,,,,,,,,,,,,,,,,,,,,,,,,,,
Acer Desktop,CYBERPOWER Gamer Desktop,Logitech Stereo Headset ,,,,,,,,,,,,,,,,,,,,,,,,,,,,,
Bose Companion Speakers,Microsoft Office Home and Student 2016,CYBERPOWER Gamer Desktop,HP Monitor,Backlit LED Gaming Keyboard,,,,,,,,,,,,,,,,,,,,,,,,,,,
Apple MacBook Air,,,,,,,,,,,,,,,,,,,,,,,,,,,,,,,
HP Laptop,iMac,Alienware Laptop,Belkin Mouse Pad,,,,,,,,,,,,,,,,,,,,,,,,,,,,
iMac,Alienware Laptop, Intel Desktop ,Apple Wireless Keyboard,,,,,,,,,,,,,,,,,,,,,,,,,,,,
Samsung Monitor,Acer Desktop,ViewSonic Monitor,iMac,Apple Wired Keyboard,CYBERPOWER Gamer Desktop,Belkin Mouse Pad,Apple MacBook Pro,,,,,,,,,,,,,,,,,,,,,,,,
Apple MacBook Air,,,,,,,,,,,,,,,,,,,,,,,,,,,,,,,
Lenovo Desktop Computer,CYBERPOWER Gamer Desktop,,,,,,,,,,,,,,,,,,,,,,,,,,,,,,
ViewSonic Monitor,Bose Companion Speakers,Microsoft Office Home and Student 2016,Cyber Acoustics,Belkin Mouse Pad,Computer Game,Redragon Gaming Mouse,Apple Wireless Keyboard,Apple MacBook Pro,Apple Earpods,Acer Desktop,EagleTec Wireless Combo Keyboard and Mouse,Dell Laptop,HP Desktop,PC Gaming Headset,2TB Portable External Hard Drive,Backlit LED Gaming Keyboard,,,,,,,,,,,,,,,
Apple MacBook Air,,,,,,,,,,,,,,,,,,,,,,,,,,,,,,,
Apple MacBook Air,Microsoft Wireless Desktop Keyboard and Mouse,,,,,,,,,,,,,,,,,,,,,,,,,,,,,,
LG Monitor,Dell Desktop,Acer Desktop,HP Laptop,Apple Magic Keyboard,Dell Laptop,Logitech ClearChat Headset,Microsoft Wireless Desktop Keyboard and Mouse,,,,,,,,,,,,,,,,,,,,,,,,
Apple MacBook Air,,,,,,,,,,,,,,,,,,,,,,,,,,,,,,,
Acer Desktop,Apple Earpods,,,,,,,,,,,,,,,,,,,,,,,,,,,,,,
Otium Wireless Sports Bluetooth Headphone,LG Monitor,Koss Home Headphones,Etekcity Power Extension Cord Cable,Belkin Mouse Pad,PC Gaming Headset,,,,,,,,,,,,,,,,,,,,,,,,,,
LG Monitor,Acer Desktop,Epson Printer,Logitech 3-button Mouse,,,,,,,,,,,,,,,,,,,,,,,,,,,,
HP Laptop,iMac,Height-Adjustable Standing Desk,Dell Monitor,3-Button Mouse,Belkin Mouse Pad,Smart Light Bulb,,,,,,,,,,,,,,,,,,,,,,,,,
iMac,Microsoft Office Home and Student 2016,,,,,,,,,,,,,,,,,,,,,,,,,,,,,,
Samsung Monitor,Apple MacBook Pro,,,,,,,,,,,,,,,,,,,,,,,,,,,,,,
Acer Desktop,,,,,,,,,,,,,,,,,,,,,,,,,,,,,,,
Apple MacBook Pro,Backlit LED Gaming Keyboard,,,,,,,,,,,,,,,,,,,,,,,,,,,,,,
ASUS Chromebook,Acer Desktop,iMac,ASUS Monitor,ASUS 2 Monitor,Lenovo Desktop Computer,Epson Black Ink,AOC Monitor,Zombie Gaming Headset,,,,,,,,,,,,,,,,,,,,,,,
Dell Desktop,Apple MacBook Pro,LG Touchscreen Laptop,Backlit LED Gaming Keyboard,,,,,,,,,,,,,,,,,,,,,,,,,,,,
CYBERPOWER Gamer Desktop,Logitech 3-button Mouse,Apple Earpods,Acer Desktop,Apple MacBook Air,,,,,,,,,,,,,,,,,,,,,,,,,,,
Apple MacBook Air,,,,,,,,,,,,,,,,,,,,,,,,,,,,,,,
Samsung Monitor,HP Laptop,Lenovo Desktop Computer,CYBERPOWER Gamer Desktop,Apple Earpods,Apple MacBook Air,,,,,,,,,,,,,,,,,,,,,,,,,,
Panasonic In-Ear Headphone ,Microsoft Office Home and Student 2016,CYBERPOWER Gamer Desktop,Apple MacBook Pro,Apple Earpods,Logitech Keyboard,,,,,,,,,,,,,,,,,,,,,,,,,,
LG Monitor,HP Laptop,iMac, Intel Desktop ,Ailihen Stereo Headphones,CYBERPOWER Gamer Desktop,3-Button Mouse,,,,,,,,,,,,,,,,,,,,,,,,,
Apple Earpods,,,,,,,,,,,,,,,,,,,,,,,,,,,,,,,
CYBERPOWER Gamer Desktop,,,,,,,,,,,,,,,,,,,,,,,,,,,,,,,
Apple Earpods,Apple MacBook Air,,,,,,,,,,,,,,,,,,,,,,,,,,,,,,
Dell Laptop,,,,,,,,,,,,,,,,,,,,,,,,,,,,,,,
HDMI Cable 6ft,Logitech Desktop MK120 Mouse and keyboard Combo,Epson Printer,3-Button Mouse,,,,,,,,,,,,,,,,,,,,,,,,,,,,
HP Laptop,iMac,Belkin Mouse Pad,HDMI Adapter,Slim Wireless Mouse,Microsoft Wireless Desktop Keyboard and Mouse,,,,,,,,,,,,,,,,,,,,,,,,,,
Apple MacBook Air,,,,,,,,,,,,,,,,,,,,,,,,,,,,,,,
Apple MacBook Air,,,,,,,,,,,,,,,,,,,,,,,,,,,,,,,
Apple MacBook Air,,,,,,,,,,,,,,,,,,,,,,,,,,,,,,,
Dell Desktop,Acer Desktop,ViewSonic Monitor,HP Laptop,iMac,ASUS 2 Monitor,Lenovo Desktop Computer,Logitech Multimedia Speakers,Apple MacBook Pro,Slim Wireless Mouse,Multi Media Stand,Backlit LED Gaming Keyboard,,,,,,,,,,,,,,,,,,,,
Dell Desktop,iMac,Slim 2TB Portable External Hard Drive,Apple Earpods,Slim Wireless Mouse,HP Desktop,Backlit LED Gaming Keyboard,,,,,,,,,,,,,,,,,,,,,,,,,
Apple MacBook Air,Wireless Portable Mouse,,,,,,,,,,,,,,,,,,,,,,,,,,,,,,
Apple MacBook Air,HP Desktop,,,,,,,,,,,,,,,,,,,,,,,,,,,,,,
Apple MacBook Pro,Apple Earpods,,,,,,,,,,,,,,,,,,,,,,,,,,,,,,
Acer Monitor,Eluktronics Pro Gaming Laptop,Logitech MK270 Wireless Keyboard and Mouse Combo,HP Laptop,iMac,Alienware Laptop,Apple Magic Keyboard,Height-Adjustable Standing Desk,AOC Monitor,iPad ,Samsung Charging Cable,Slim Wireless Mouse,Wireless Portable Mouse,Dell Laptop,,,,,,,,,,,,,,,,,,
Dell Desktop,ViewSonic Monitor,Computer Game,HP Laptop,ASUS 2 Monitor,Apple Magic Keyboard,Apple Wired Keyboard,AOC Monitor,Apple MacBook Pro,Apple Earpods,,,,,,,,,,,,,,,,,,,,,,
Monster Beats By Dr Dre,HP Laptop,ASUS Monitor,Lenovo Desktop Computer,Apple Magic Keyboard, Intel Desktop ,Belkin Mouse Pad,Smart Light Bulb,ASUS Desktop,1TB Portable External Hard Drive,,,,,,,,,,,,,,,,,,,,,,
Microsoft Wireless Desktop Keyboard and Mouse,,,,,,,,,,,,,,,,,,,,,,,,,,,,,,,
Dell Desktop,HP Laptop, Intel Desktop ,Smart Light Bulb,ASUS Desktop,,,,,,,,,,,,,,,,,,,,,,,,,,,
Acer Monitor,Samsung Monitor,Samsung Monitor,AOC Monitor,Logitech 3-button Mouse,Wireless Portable Mouse,Dell Laptop,,,,,,,,,,,,,,,,,,,,,,,,,
Acer Aspire,ASUS 2 Monitor,Lenovo Desktop Computer,Backlit LED Gaming Keyboard,,,,,,,,,,,,,,,,,,,,,,,,,,,,
iMac,ASUS 2 Monitor,Etekcity Power Extension Cord Cable,Belkin Mouse Pad,,,,,,,,,,,,,,,,,,,,,,,,,,,,
Dell Desktop,Dell 2 Desktop,ViewSonic Monitor,ASUS Monitor,Bose Companion Speakers,Apple MacBook Pro,Apple Earpods,,,,,,,,,,,,,,,,,,,,,,,,,
ASUS Chromebook,ViewSonic Monitor,Apple Earpods,HP Monitor,Zombie Gaming Headset,Backlit LED Gaming Keyboard,,,,,,,,,,,,,,,,,,,,,,,,,,
HP Monitor,Logitech Keyboard,,,,,,,,,,,,,,,,,,,,,,,,,,,,,,
Acer Monitor,Samsung Monitor,Dell Desktop,ViewSonic Monitor,iMac,3-Button Mouse,,,,,,,,,,,,,,,,,,,,,,,,,,
ASUS Chromebook,Acer Aspire,ViewSonic Monitor,iMac,Apple MacBook Pro,Backlit LED Gaming Keyboard,,,,,,,,,,,,,,,,,,,,,,,,,,
ASUS Chromebook,iMac,3-Button Mouse,Rii LED Gaming Keyboard & Mouse Combo ,Microsoft Basic Optical Mouse,,,,,,,,,,,,,,,,,,,,,,,,,,,
Apple MacBook Air,,,,,,,,,,,,,,,,,,,,,,,,,,,,,,,
Apple MacBook Air,,,,,,,,,,,,,,,,,,,,,,,,,,,,,,,
CYBERPOWER Gamer Desktop,,,,,,,,,,,,,,,,,,,,,,,,,,,,,,,
HP Laptop, Intel Desktop ,,,,,,,,,,,,,,,,,,,,,,,,,,,,,,
Samsung Monitor,iMac,Apple Wired Keyboard,Height-Adjustable Standing Desk,CYBERPOWER Gamer Desktop,3-Button Mouse,Microsoft Basic Optical Mouse,Apple MacBook Pro,Microsoft Wireless Desktop Keyboard and Mouse,,,,,,,,,,,,,,,,,,,,,,,
CYBERPOWER Gamer Desktop,,,,,,,,,,,,,,,,,,,,,,,,,,,,,,,
Lenovo Desktop Computer,Logitech Keyboard,CYBERPOWER Gamer Desktop,3-Button Mouse,Apple Earpods,HP Monitor,iPad Pro ,,,,,,,,,,,,,,,,,,,,,,,,,
LG Monitor,iMac,3-Button Mouse,Dell Desktop,Backlit LED Gaming Keyboard,,,,,,,,,,,,,,,,,,,,,,,,,,,
Dell Desktop,ViewSonic Monitor,iMac,Lenovo Desktop Computer,Apple Magic Keyboard,CYBERPOWER Gamer Desktop,Belkin Mouse Pad,Dell Desktop,Logitech MK360 Wireless Keyboard and Mouse Combo,Apple MacBook Pro,,,,,,,,,,,,,,,,,,,,,,
CYBERPOWER Gamer Desktop,Belkin Mouse Pad,Apple MacBook Pro,Philips Flexible Earhook Headphone,Dell KM117 Wireless Keyboard & Mouse,ASUS Desktop,Wireless Portable Mouse,Dell Laptop,,,,,,,,,,,,,,,,,,,,,,,,
Eluktronics Pro Gaming Laptop,iMac,Acer Desktop,Dell KM117 Wireless Keyboard & Mouse,,,,,,,,,,,,,,,,,,,,,,,,,,,,
Acer Desktop,3-Button Mouse,,,,,,,,,,,,,,,,,,,,,,,,,,,,,,
iMac,Apple MacBook Pro,Apple MacBook Air,Backlit LED Gaming Keyboard,,,,,,,,,,,,,,,,,,,,,,,,,,,,
3-Button Mouse,,,,,,,,,,,,,,,,,,,,,,,,,,,,,,,
iMac,Dell Desktop,Redragon Gaming Mouse,,,,,,,,,,,,,,,,,,,,,,,,,,,,,
Samsung Monitor,ViewSonic Monitor,iMac,Apple Magic Keyboard,CYBERPOWER Gamer Desktop,Fire HD Tablet,,,,,,,,,,,,,,,,,,,,,,,,,,
Apple MacBook Air,,,,,,,,,,,,,,,,,,,,,,,,,,,,,,,
ASUS Chromebook,CYBERPOWER Gamer Desktop,,,,,,,,,,,,,,,,,,,,,,,,,,,,,,
Apple MacBook Air,,,,,,,,,,,,,,,,,,,,,,,,,,,,,,,
Acer Monitor,ASUS Chromebook,HP Laptop, Intel Desktop ,Microsoft Office Home and Student 2016,Smart Light Bulb,Slim Wireless Mouse,Microsoft Wireless Desktop Keyboard and Mouse,,,,,,,,,,,,,,,,,,,,,,,,
3-Button Mouse,Apple Wireless Keyboard,Microsoft Headset,,,,,,,,,,,,,,,,,,,,,,,,,,,,,
Samsung Monitor,LG Monitor,Logitech MK550 Wireless Wave Keyboard and Mouse Combo,CYBERPOWER Gamer Desktop,Microsoft Basic Optical Mouse,Apple TV,,,,,,,,,,,,,,,,,,,,,,,,,,
Dell Desktop,Apple MacBook Pro,,,,,,,,,,,,,,,,,,,,,,,,,,,,,,
iMac,,,,,,,,,,,,,,,,,,,,,,,,,,,,,,,
Samsung Monitor,LG Monitor,LG Touchscreen Laptop,,,,,,,,,,,,,,,,,,,,,,,,,,,,,
ViewSonic Monitor,HP Laptop, Intel Desktop ,Dell Laptop,,,,,,,,,,,,,,,,,,,,,,,,,,,,
Cambridge Bluetooth Speaker,,,,,,,,,,,,,,,,,,,,,,,,,,,,,,,
HP Laptop,Apple MacBook Pro,Apple MacBook Air,Microsoft Headset,Backlit LED Gaming Keyboard,,,,,,,,,,,,,,,,,,,,,,,,,,,
HP Wireless Mouse,Eluktronics Pro Gaming Laptop,HP Black & Tri-color Ink ,HP Wireless Printer,Slim 2TB Portable External Hard Drive,Etekcity Power Extension Cord Cable,Apple Earpods,Apple TV,,,,,,,,,,,,,,,,,,,,,,,,
Apple MacBook Pro,Apple MacBook Air,,,,,,,,,,,,,,,,,,,,,,,,,,,,,,
iMac,Lenovo Desktop Computer,,,,,,,,,,,,,,,,,,,,,,,,,,,,,,
iMac,CYBERPOWER Gamer Desktop,Apple MacBook Pro,,,,,,,,,,,,,,,,,,,,,,,,,,,,,
Acer Monitor,LG Monitor,Logitech 3-button Mouse,Computer Game,,,,,,,,,,,,,,,,,,,,,,,,,,,,
ASUS Chromebook,Eluktronics Pro Gaming Laptop,Acer Desktop,Dell 2 Desktop,HP Laptop,CYBERPOWER Gamer Desktop,Brother Printer Toner,Smart Light Bulb,LG Touchscreen Laptop,iPad Pro ,DYMO Labeling Tape ,,,,,,,,,,,,,,,,,,,,,
Samsung Monitor,Dell 2 Desktop,CYBERPOWER Gamer Desktop,Microsoft Headset,Microsoft Wireless Desktop Keyboard and Mouse,,,,,,,,,,,,,,,,,,,,,,,,,,,
Samsung Monitor,HDMI Cable 6ft,Dell Desktop,iMac,ASUS Monitor,Dell Wired Keyboard,CYBERPOWER Gamer Desktop,Computer Game,Mackie CR Speakers,Belkin Mouse Pad,Generic Black 3-Button,Redragon Gaming Mouse,HP Monitor,Apple MacBook Air,Dell Laptop,iPad Pro ,,,,,,,,,,,,,,,,
iPad,,,,,,,,,,,,,,,,,,,,,,,,,,,,,,,
Samsung Monitor,HP Laptop,HP Wireless Printer,Lenovo Desktop Computer,Bose Companion Speakers, Intel Desktop ,Epson Printer,CYBERPOWER Gamer Desktop,Logitech 3-button Mouse,3-Button Mouse,HP Desktop,,,,,,,,,,,,,,,,,,,,,
Acer Aspire,HP Wireless Printer,Lenovo Desktop Computer,Bose Companion Speakers,Epson Printer,Ailihen Stereo Headphones,3TB Portable External Hard Drive,HP Notebook Touchscreen Laptop PC,Wireless Portable Mouse,,,,,,,,,,,,,,,,,,,,,,,
Samsung Monitor,HDMI Cable 6ft,Panasonic In-Ear Headphone ,Ailihen Stereo Headphones,CYBERPOWER Gamer Desktop,Belkin Mouse Pad,Fire HD Tablet,,,,,,,,,,,,,,,,,,,,,,,,,
HP Laptop,iMac,Lenovo Desktop Computer,Sonos,Logitech 3-button Mouse,3-Button Mouse,Apple Earpods,Backlit LED Gaming Keyboard,,,,,,,,,,,,,,,,,,,,,,,,
Samsung Monitor,iMac,CYBERPOWER Gamer Desktop,,,,,,,,,,,,,,,,,,,,,,,,,,,,,
HP Laptop,iMac,CYBERPOWER Gamer Desktop,Canon Office Printer,JBL Splashproof Portable Bluetooth Speaker,Halter Mesh Metal Monitor Stand,,,,,,,,,,,,,,,,,,,,,,,,,,
Apple MacBook Air,,,,,,,,,,,,,,,,,,,,,,,,,,,,,,,
Zombie Gaming Headset,Rokono Mini Speaker,,,,,,,,,,,,,,,,,,,,,,,,,,,,,,
Acer Aspire,Dell Desktop,Acer Desktop,ViewSonic Monitor,Logitech Wireless Mouse,HP Wireless Printer,Lenovo Desktop Computer,Bose Companion Speakers,Logitech MK550 Wireless Wave Keyboard and Mouse Combo,Height-Adjustable Standing Desk,Microsoft Office Home and Student 2016,HP Notebook Touchscreen Laptop PC,Full Motion Monitor Mount,HP Monitor,iPad,,,,,,,,,,,,,,,,,
ASUS Chromebook,ViewSonic Monitor,HP Black & Tri-color Ink ,HP Laptop,iMac,ASUS Monitor,CYBERPOWER Gamer Desktop,Logitech 3-button Mouse,Apple MacBook Air,ASUS Desktop,Logitech Keyboard,,,,,,,,,,,,,,,,,,,,,
HP Laptop,Logitech Wireless Mouse,Logitech 3-button Mouse,3-Button Mouse,Roku Express,Backlit LED Gaming Keyboard,,,,,,,,,,,,,,,,,,,,,,,,,,
Apple MacBook Air,,,,,,,,,,,,,,,,,,,,,,,,,,,,,,,
HP Laptop,iMac,,,,,,,,,,,,,,,,,,,,,,,,,,,,,,
HP Monitor,Wireless Portable Mouse,,,,,,,,,,,,,,,,,,,,,,,,,,,,,,
Acer Desktop,,,,,,,,,,,,,,,,,,,,,,,,,,,,,,,
Dell Desktop,Dell 2 Desktop,iMac,ASUS Monitor,Alienware Laptop,Logitech 3-button Mouse,,,,,,,,,,,,,,,,,,,,,,,,,,
Acer Desktop,3-Button Mouse,Belkin Mouse Pad,,,,,,,,,,,,,,,,,,,,,,,,,,,,,
Samsung Monitor,HP Wireless Mouse,HP Laptop,iMac,Apple Magic Keyboard,Microsoft Office Home and Student 2016,CYBERPOWER Gamer Desktop,Epson Black Ink,,,,,,,,,,,,,,,,,,,,,,,,
ViewSonic Monitor,iMac,Logitech MK550 Wireless Wave Keyboard and Mouse Combo,Samsung Charging Cable,Apple MacBook Pro,HP Monitor,,,,,,,,,,,,,,,,,,,,,,,,,,
3TB Portable External Hard Drive,Redragon Gaming Mouse,Apple TV,,,,,,,,,,,,,,,,,,,,,,,,,,,,,
HP Wireless Mouse,ASUS Chromebook,Dell Desktop,HP Laptop,Koss Home Headphones,Microsoft Basic Optical Mouse,Apple MacBook Pro,Zombie Gaming Headset,Backlit LED Gaming Keyboard,,,,,,,,,,,,,,,,,,,,,,,
Dell Desktop,Lenovo Desktop Computer,Bose Companion Speakers,Apple MacBook Pro,Apple Earpods,,,,,,,,,,,,,,,,,,,,,,,,,,,
Dell Desktop,Alienware Laptop,Slim 2TB Portable External Hard Drive,Apple MacBook Pro,HP Monitor,Slim Wireless Mouse,Microsoft Headset,iPad Pro ,Backlit LED Gaming Keyboard,Microsoft Wireless Desktop Keyboard and Mouse,,,,,,,,,,,,,,,,,,,,,,
ViewSonic Monitor,CYBERPOWER Gamer Desktop,,,,,,,,,,,,,,,,,,,,,,,,,,,,,,
Apple MacBook Air,,,,,,,,,,,,,,,,,,,,,,,,,,,,,,,
ASUS Chromebook,Acer Desktop,ViewSonic Monitor,iMac,Koss Home Headphones,Apple MacBook Air,Zombie Gaming Headset,,,,,,,,,,,,,,,,,,,,,,,,,
Eluktronics Pro Gaming Laptop,ViewSonic Monitor,iMac,Lenovo Desktop Computer,Logitech 3-button Mouse,3-Button Mouse,Apple MacBook Air,Dell Laptop,Halter Mesh Metal Monitor Stand,,,,,,,,,,,,,,,,,,,,,,,
HP Laptop,Sonos,Logitech 3-button Mouse,Apple Earpods,Epson Black Ink,Backlit LED Gaming Keyboard,,,,,,,,,,,,,,,,,,,,,,,,,,
Large Mouse Pad,,,,,,,,,,,,,,,,,,,,,,,,,,,,,,,
Acer Desktop,ViewSonic Monitor,Epson Printer,CYBERPOWER Gamer Desktop,Brother Printer Toner,Apple Earpods,LG Touchscreen Laptop,Backlit LED Gaming Keyboard,,,,,,,,,,,,,,,,,,,,,,,,
Backlit LED Gaming Keyboard,,,,,,,,,,,,,,,,,,,,,,,,,,,,,,,
Logitech Desktop MK120 Mouse and keyboard Combo,Dell Desktop,ViewSonic Monitor,HP Laptop,ASUS Monitor,Apple Magic Keyboard,Logitech MK550 Wireless Wave Keyboard and Mouse Combo,iPhone Charger Cable,HP Monitor,iPad,iPad Pro ,,,,,,,,,,,,,,,,,,,,,
CYBERPOWER Gamer Desktop,Belkin Mouse Pad,Apple MacBook Pro,Apple MacBook Air,,,,,,,,,,,,,,,,,,,,,,,,,,,,
Samsung Monitor,Apple Earpods,,,,,,,,,,,,,,,,,,,,,,,,,,,,,,
ASUS Chromebook,Belkin Mouse Pad,Apple MacBook Air,Halter Mesh Metal Monitor Stand,,,,,,,,,,,,,,,,,,,,,,,,,,,,
iMac,Lenovo Desktop Computer,Logitech 3-button Mouse,Dell Laptop,Backlit LED Gaming Keyboard,,,,,,,,,,,,,,,,,,,,,,,,,,,
iMac,CYBERPOWER Gamer Desktop,Smart Light Bulb,Dell Laptop,,,,,,,,,,,,,,,,,,,,,,,,,,,,
Acer Desktop,iMac,Epson Printer,Apple MacBook Pro,,,,,,,,,,,,,,,,,,,,,,,,,,,,
Otium Wireless Sports Bluetooth Headphone,iMac,CYBERPOWER Gamer Desktop,,,,,,,,,,,,,,,,,,,,,,,,,,,,,
Eluktronics Pro Gaming Laptop,iMac,Samsung Charging Cable,Ailihen Stereo Headphones,Sonos,Samsung Charging Cable,Slim Wireless Mouse,Multi Media Stand,,,,,,,,,,,,,,,,,,,,,,,,
Rokono Mini Speaker,,,,,,,,,,,,,,,,,,,,,,,,,,,,,,,
HP Laptop,,,,,,,,,,,,,,,,,,,,,,,,,,,,,,,
ViewSonic Monitor,AOC Monitor,Logitech 3-button Mouse,,,,,,,,,,,,,,,,,,,,,,,,,,,,,
HP Laptop,AOC Monitor,Microsoft Basic Optical Mouse,Apple Earpods,Microsoft Wireless Desktop Keyboard and Mouse,,,,,,,,,,,,,,,,,,,,,,,,,,,
Acer Aspire,Acer Desktop,HP Laptop,iMac,Epson Printer,Apple MacBook Pro,,,,,,,,,,,,,,,,,,,,,,,,,,
ASUS Chromebook,,,,,,,,,,,,,,,,,,,,,,,,,,,,,,,
Acer Monitor,iMac,Lenovo Desktop Computer,Epson Printer,Apple Wireless Keyboard,Apple MacBook Pro,Apple MacBook Air,,,,,,,,,,,,,,,,,,,,,,,,,
HDMI Cable 6ft,ASUS Chromebook,Dell Desktop,Redragon Gaming Mouse,,,,,,,,,,,,,,,,,,,,,,,,,,,,
Apple Earpods,Apple MacBook Air,HP Desktop,,,,,,,,,,,,,,,,,,,,,,,,,,,,,
Apple MacBook Air,Backlit LED Gaming Keyboard,,,,,,,,,,,,,,,,,,,,,,,,,,,,,,
Apple Earpods,Apple MacBook Air,,,,,,,,,,,,,,,,,,,,,,,,,,,,,,
Logitech Desktop MK120 Mouse and keyboard Combo,LG Monitor,ASUS Chromebook,HP Black & Tri-color Ink ,HP Laptop,Koss Home Headphones,Epson Printer,CYBERPOWER Gamer Desktop,Mackie CR Speakers,,,,,,,,,,,,,,,,,,,,,,,
LG Monitor,,,,,,,,,,,,,,,,,,,,,,,,,,,,,,,
Acer Aspire,Dell Desktop,Acer Desktop,HP Laptop,ASUS 2 Monitor,Alienware Laptop,Bose Companion Speakers,Cambridge Bluetooth Speaker,Logitech 3-button Mouse,Brother Printer Toner,HP Notebook Touchscreen Laptop PC,HP Monitor,Brother Printer,,,,,,,,,,,,,,,,,,,
Logitech MK270 Wireless Keyboard and Mouse Combo,HP Laptop,iMac,Dell Desktop,,,,,,,,,,,,,,,,,,,,,,,,,,,,
HP Laptop,iMac,ASUS Monitor,Microsoft Office Home and Student 2016,Wireless Portable Mouse,iPad,PC Gaming Headset,Zombie Gaming Headset,,,,,,,,,,,,,,,,,,,,,,,,
ViewSonic Monitor,HP Laptop,iMac,Lenovo Desktop Computer,Apple Magic Keyboard,Rii LED Gaming Keyboard & Mouse Combo ,ASUS Desktop,Microsoft Wireless Desktop Keyboard and Mouse,,,,,,,,,,,,,,,,,,,,,,,,
Dell Desktop,,,,,,,,,,,,,,,,,,,,,,,,,,,,,,,
CYBERPOWER Gamer Desktop,,,,,,,,,,,,,,,,,,,,,,,,,,,,,,,
Acer Aspire,HP Laptop,,,,,,,,,,,,,,,,,,,,,,,,,,,,,,
Lenovo Desktop Computer,Slim 2TB Portable External Hard Drive,Microsoft Office Home and Student 2016,CYBERPOWER Gamer Desktop,3-Button Mouse,Apple Earpods,ASUS Desktop,Dell Laptop,Logitech ClearChat Headset,iPad Pro ,,,,,,,,,,,,,,,,,,,,,,
HP Wireless Mouse,ASUS Chromebook,HP Laptop,,,,,,,,,,,,,,,,,,,,,,,,,,,,,
Dell Desktop,Apple Magic Keyboard,Apple MacBook Pro,Apple Earpods,Apple MacBook Air,Logitech Keyboard,,,,,,,,,,,,,,,,,,,,,,,,,,
Dell Desktop,iMac,Samsung Charging Cable,Fire TV Stick,Dell Laptop,Backlit LED Gaming Keyboard,,,,,,,,,,,,,,,,,,,,,,,,,,
HP Laptop,Logitech MK550 Wireless Wave Keyboard and Mouse Combo,Backlit LED Gaming Keyboard,,,,,,,,,,,,,,,,,,,,,,,,,,,,,
Belkin Mouse Pad,Acer Desktop,Apple MacBook Air,,,,,,,,,,,,,,,,,,,,,,,,,,,,,
LG Monitor,iMac,ASUS Monitor,Microsoft Office Home and Student 2016,Belkin Mouse Pad,VGA Monitor Cable,Backlit LED Gaming Keyboard,,,,,,,,,,,,,,,,,,,,,,,,,
Acer Monitor,Eluktronics Pro Gaming Laptop,Bose Companion Speakers,Height-Adjustable Standing Desk,CYBERPOWER Gamer Desktop,3-Button Mouse,Fire HD Tablet,iPhone Charger Cable,Logitech MK360 Wireless Keyboard and Mouse Combo,Apple Earpods,Apple TV,DYMO Label Manker  ,Microsoft Wireless Desktop Keyboard and Mouse,,,,,,,,,,,,,,,,,,,
HDMI Cable 6ft,HP Wireless Mouse,ViewSonic Monitor,Computer Game,HP Laptop,Lenovo Desktop Computer,Apple Magic Keyboard,Panasonic In-Ear Headphone ,Epson Printer,Cambridge Bluetooth Speaker,Sonos,Backlit LED Gaming Keyboard,,,,,,,,,,,,,,,,,,,,
 Intel Desktop ,Apple Wireless Keyboard,Dell Laptop,iPad,,Microsoft Wireless Desktop Keyboard and Mouse,,,,,,,,,,,,,,,,,,,,,,,,,,
Apple MacBook Pro,,,,,,,,,,,,,,,,,,,,,,,,,,,,,,,
Apple MacBook Air,,,,,,,,,,,,,,,,,,,,,,,,,,,,,,,
Dell Monitor,CYBERPOWER Gamer Desktop,Logitech 3-button Mouse,,,,,,,,,,,,,,,,,,,,,,,,,,,,,
Acer Desktop,,,,,,,,,,,,,,,,,,,,,,,,,,,,,,,
Acer Aspire,ViewSonic Monitor,HP Laptop,Apple Wireless Keyboard,iPhone Charger Cable,Dell Laptop,iPad,PC Gaming Headset,Halter Mesh Metal Monitor Stand,Microsoft Wireless Desktop Keyboard and Mouse,,,,,,,,,,,,,,,,,,,,,,
Acer Monitor,HP Wireless Mouse,LG Monitor,Dell Desktop,Acer Desktop,Lenovo Desktop Computer,Apple Magic Keyboard,Epson Printer,Brother Printer Toner,3TB Portable External Hard Drive,Rii LED Gaming Keyboard & Mouse Combo ,DOSS Touch Wireless Bluetooth,Belkin Mouse Pad,Microsoft Basic Optical Mouse,Apple MacBook Pro,Apple Earpods,Wireless Portable Mouse,Dell Laptop,Logitech ClearChat Headset,Zombie Gaming Headset,iPad Pro ,,,,,,,,,,,
HP Laptop,iMac,Belkin Mouse Pad,,,,,,,,,,,,,,,,,,,,,,,,,,,,,
HP Wireless Mouse,Dell Desktop,ViewSonic Monitor,HP Laptop,iMac,HP Wireless Printer,Lenovo Desktop Computer,3-Button Mouse,Backlit LED Gaming Keyboard,,,,,,,,,,,,,,,,,,,,,,,
Acer Desktop,HP Laptop,HP Monitor,,,,,,,,,,,,,,,,,,,,,,,,,,,,,
Acer Monitor,Acer Aspire,HP Laptop,Alienware Laptop,Lenovo Desktop Computer,Apple Magic Keyboard,CYBERPOWER Gamer Desktop,Logitech 3-button Mouse,Microsoft Basic Optical Mouse,Halter Acrylic Monitor Stand,Logitech Multimedia Speakers,,,,,,,,,,,,,,,,,,,,,
Cambridge Bluetooth Speaker,Sonos,Dell Monitor,,,,,,,,,,,,,,,,,,,,,,,,,,,,,
ViewSonic Monitor,Computer Game,iMac,ASUS 2 Monitor,Lenovo Desktop Computer,Apple Magic Keyboard,Koss Home Headphones, Intel Desktop ,ASUS 2 Monitor,Ailihen Stereo Headphones,CYBERPOWER Gamer Desktop,Wireless Portable Mouse,,,,,,,,,,,,,,,,,,,,
ASUS Chromebook,,,,,,,,,,,,,,,,,,,,,,,,,,,,,,,
Samsung Monitor,Ailihen Stereo Headphones,ASUS 2 Monitor,Dell Wired Keyboard,3-Button Mouse,,,,,,,,,,,,,,,,,,,,,,,,,,,
iMac,Ailihen Stereo Headphones,CYBERPOWER Gamer Desktop,Microsoft Basic Optical Mouse,,,,,,,,,,,,,,,,,,,,,,,,,,,,
ASUS Chromebook,ViewSonic Monitor,HP Laptop,iMac,Lenovo Desktop Computer,Apple Magic Keyboard, Intel Desktop ,Redragon Gaming Mouse,iPad Pro ,,,,,,,,,,,,,,,,,,,,,,,
LG Monitor,Microsoft Office Home and Student 2016,Apple Earpods,,,,,,,,,,,,,,,,,,,,,,,,,,,,,
Microsoft Office Home and Student 2016,,,,,,,,,,,,,,,,,,,,,,,,,,,,,,,
Acer Monitor,HDMI Cable 6ft,Dell Desktop,Lenovo Desktop Computer,ASUS 2 Monitor,Ailihen Stereo Headphones,3TB Portable External Hard Drive,Belkin Mouse Pad,HP Monitor,,,,,,,,,,,,,,,,,,,,,,,
CYBERPOWER Gamer Desktop,Halter Acrylic Monitor Stand,Apple MacBook Air,,,,,,,,,,,,,,,,,,,,,,,,,,,,,
Apple MacBook Air,Backlit LED Gaming Keyboard,,,,,,,,,,,,,,,,,,,,,,,,,,,,,,
Height-Adjustable Standing Desk,CYBERPOWER Gamer Desktop,Apple Earpods,Dell Laptop,,,,,,,,,,,,,,,,,,,,,,,,,,,,
CYBERPOWER Gamer Desktop,HP Monitor,,,,,,,,,,,,,,,,,,,,,,,,,,,,,,
Samsung Monitor,Panasonic In-Ear Headphone ,Apple MacBook Air,,,,,,,,,,,,,,,,,,,,,,,,,,,,,
Logitech MK550 Wireless Wave Keyboard and Mouse Combo,Sceptre Monitor,,,,,,,,,,,,,,,,,,,,,,,,,,,,,,
Acer Monitor,iMac,AOC Monitor,Belkin Mouse Pad,Apple MacBook Air,Zombie Gaming Headset,Logitech Keyboard,,,,,,,,,,,,,,,,,,,,,,,,,
Acer Monitor,Otium Wireless Sports Bluetooth Headphone,iMac,Apple Magic Keyboard,Bose Companion Speakers,Logitech MK550 Wireless Wave Keyboard and Mouse Combo,Apple Wireless Keyboard,Wireless Portable Mouse,iPad Pro ,,,,,,,,,,,,,,,,,,,,,,,
Apple MacBook Pro,Backlit LED Gaming Keyboard,,,,,,,,,,,,,,,,,,,,,,,,,,,,,,
Samsung Monitor,Acer Desktop,iMac,AOC Monitor,Lenovo Desktop Computer,Cyber Acoustics,Etekcity Power Extension Cord Cable,Dell Desktop,Apple MacBook Pro,Apple Earpods,Apple MacBook Air,,,,,,,,,,,,,,,,,,,,,
iMac,,,,,,,,,,,,,,,,,,,,,,,,,,,,,,,
Acer Aspire,Microsoft Office Home and Student 2016,HDMI Adapter,,,,,,,,,,,,,,,,,,,,,,,,,,,,,
LG Monitor,,,,,,,,,,,,,,,,,,,,,,,,,,,,,,,
Epson Black Ink,Belkin Mouse Pad,HP Monitor,Apple MacBook Air,,,,,,,,,,,,,,,,,,,,,,,,,,,,
Samsung Monitor,Kensington Headphones ,LG Monitor,Dell Desktop,HP Laptop,iMac,Lenovo Desktop Computer,Apple Magic Keyboard, Intel Desktop ,AOC Monitor,Smart Light Bulb,ASUS Desktop,Epson Black Ink,Logitech Keyboard,,,,,,,,,,,,,,,,,,
Logitech 3-button Mouse,Apple MacBook Air,,,,,,,,,,,,,,,,,,,,,,,,,,,,,,
iMac,ASUS Monitor,Apple Wireless Keyboard,Apple MacBook Pro,PC Gaming Headset,Sceptre Monitor,,,,,,,,,,,,,,,,,,,,,,,,,,
Acer Monitor,Samsung Monitor,CYBERPOWER Gamer Desktop,Logitech 3-button Mouse,Apple Earpods,Microsoft Wireless Desktop Keyboard and Mouse,,,,,,,,,,,,,,,,,,,,,,,,,,
Microsoft Office Home and Student 2016,Dell Laptop,,,,,,,,,,,,,,,,,,,,,,,,,,,,,,
Samsung Monitor,ViewSonic Monitor,Slim 2TB Portable External Hard Drive,CYBERPOWER Gamer Desktop,Apple Earpods,,,,,,,,,,,,,,,,,,,,,,,,,,,
HP Laptop,iMac,Lenovo Desktop Computer,CYBERPOWER Gamer Desktop,2TB Portable External Hard Drive,Brother Printer,,,,,,,,,,,,,,,,,,,,,,,,,,
LG Monitor,Brother Printer Toner,Apple Earpods,,,,,,,,,,,,,,,,,,,,,,,,,,,,,
HP Laptop,iMac,ASUS 2 Monitor,Apple Magic Keyboard,Epson Printer,iPad ,Brother Printer Toner,Slim Wireless Mouse,PC Gaming Headset,,,,,,,,,,,,,,,,,,,,,,,
Acer Monitor,Acer Aspire,CYBERPOWER Gamer Desktop,Apple Earpods,,,,,,,,,,,,,,,,,,,,,,,,,,,,
ASUS Chromebook,ViewSonic Monitor,Epson Printer,Logitech 3-button Mouse,Acer Desktop,,,,,,,,,,,,,,,,,,,,,,,,,,,
LG Monitor,USB Cable,Etekcity Power Extension Cord Cable,Samsung Charging Cable,Apple Wireless Keyboard,Apple Earpods,Apple MacBook Air,Large Mouse Pad,iPad,Backlit LED Gaming Keyboard,,,,,,,,,,,,,,,,,,,,,,
AOC Monitor,Acer Desktop,ASUS Desktop,,,,,,,,,,,,,,,,,,,,,,,,,,,,,
HP Wireless Printer,,,,,,,,,,,,,,,,,,,,,,,,,,,,,,,
Acer Desktop,ViewSonic Monitor,Bose Companion Speakers,Epson Black Ink,Ailihen Stereo Headphones,iPad,,,,,,,,,,,,,,,,,,,,,,,,,,
Samsung Monitor,Dell Desktop,iMac,Apple Magic Keyboard,Google Home,Apple Earpods,Canon Office Printer,,,,,,,,,,,,,,,,,,,,,,,,,
Acer Monitor,CYBERPOWER Gamer Desktop,Apple MacBook Pro,,,,,,,,,,,,,,,,,,,,,,,,,,,,,
HP Wireless Mouse,Logitech MK270 Wireless Keyboard and Mouse Combo,ViewSonic Monitor,iMac,Microsoft Office Home and Student 2016,Zombie Gaming Headset,Backlit LED Gaming Keyboard,,,,,,,,,,,,,,,,,,,,,,,,,
HP Wireless Mouse,Acer Desktop,HP Laptop,ASUS Monitor,Koss Home Headphones,Epson Printer,ASUS Desktop,Sceptre Monitor,,,,,,,,,,,,,,,,,,,,,,,,
HP Laptop,,,,,,,,,,,,,,,,,,,,,,,,,,,,,,,
Epson Black Ink,,,,,,,,,,,,,,,,,,,,,,,,,,,,,,,
LG Monitor,iMac,Apple MacBook Pro,Apple Earpods,iPad Pro ,,,,,,,,,,,,,,,,,,,,,,,,,,,
1TB Portable External Hard Drive,,,,,,,,,,,,,,,,,,,,,,,,,,,,,,,
Slim 2TB Portable External Hard Drive,Backlit LED Gaming Keyboard,,,,,,,,,,,,,,,,,,,,,,,,,,,,,,
ASUS Monitor,Logitech 3-button Mouse,PC Gaming Headset,,,,,,,,,,,,,,,,,,,,,,,,,,,,,
Samsung Monitor,Dell Desktop,Acer Desktop,iMac,Koss Home Headphones,Dell Wired Keyboard,AOC Monitor,3-Button Mouse,Brother Printer Toner,Etekcity Power Extension Cord Cable,Fire HD Tablet,iPhone Charger Cable,Apple Earpods,Acer Desktop,ASUS Desktop,Wireless Portable Mouse,Dell Laptop,Dell Laptop,Zombie Gaming Headset,iPad Pro ,Epson Black Ink,,,,,,,,,,,
Apple MacBook Air,Microsoft Wireless Desktop Keyboard and Mouse,,,,,,,,,,,,,,,,,,,,,,,,,,,,,,
Lenovo Desktop Computer,DYMO Labeling Tape ,,,,,,,,,,,,,,,,,,,,,,,,,,,,,,
ASUS Chromebook,ViewSonic Monitor,iMac,Belkin Mouse Pad,,,,,,,,,,,,,,,,,,,,,,,,,,,,
Microsoft Wireless Desktop Keyboard and Mouse,,,,,,,,,,,,,,,,,,,,,,,,,,,,,,,
ASUS 2 Monitor,Brother Printer Toner,Smart Light Bulb,,,,,,,,,,,,,,,,,,,,,,,,,,,,,
HP Monitor,Microsoft Headset,,,,,,,,,,,,,,,,,,,,,,,,,,,,,,
Samsung Monitor,Apple Magic Keyboard,Apple MacBook Pro,Logitech Keyboard,,,,,,,,,,,,,,,,,,,,,,,,,,,,
Samsung Monitor,Lenovo Desktop Computer,,,,,,,,,,,,,,,,,,,,,,,,,,,,,,
Samsung Monitor,Acer Desktop,ViewSonic Monitor,Computer Game,iMac,ASUS Monitor,HP Wireless Printer,Koss Home Headphones, Intel Desktop ,Google Home,Microsoft Office Home and Student 2016,Lenovo Desktop Computer,Cyber Acoustics,DOSS Touch Wireless Bluetooth,Etekcity Power Extension Cord Cable,Fire HD Tablet,iPhone Charger Cable,Full Motion Monitor Mount,Microsoft Basic Optical Mouse,Halter Acrylic Monitor Stand,Apple Wireless Keyboard,Logitech Multimedia Speakers,Acer Desktop,Apple MacBook Air,LG Touchscreen Laptop,Dell Laptop,Gaming Mouse Professional,Brother Printer,,,,
Logitech MK270 Wireless Keyboard and Mouse Combo,iMac,ASUS Monitor,CYBERPOWER Gamer Desktop,Apple Wireless Keyboard,Apple MacBook Pro,Apple Earpods,Acer Desktop,Logitech Keyboard,,,,,,,,,,,,,,,,,,,,,,,
Acer Monitor,iMac, Intel Desktop ,Dell Laptop,,,,,,,,,,,,,,,,,,,,,,,,,,,,
Dell 2 Desktop,HP Laptop,Lenovo Desktop Computer,Apple Magic Keyboard,Apple MacBook Pro,Wireless Portable Mouse,PC Gaming Headset,,,,,,,,,,,,,,,,,,,,,,,,,
Acer Aspire,ViewSonic Monitor,HP Laptop,,,,,,,,,,,,,,,,,,,,,,,,,,,,,
Apple MacBook Air,,,,,,,,,,,,,,,,,,,,,,,,,,,,,,,
Apple MacBook Air,,,,,,,,,,,,,,,,,,,,,,,,,,,,,,,
Dell Desktop,ASUS 2 Monitor,,,,,,,,,,,,,,,,,,,,,,,,,,,,,,
iMac,Logitech 3-button Mouse,HP USB Keyboard ,Dell Laptop,Brother Printer,Logitech Keyboard,,,,,,,,,,,,,,,,,,,,,,,,,,
iMac,CYBERPOWER Gamer Desktop,Apple Earpods,Apple MacBook Air,iPhone Charger Cable,Microsoft Wireless Desktop Keyboard and Mouse,,,,,,,,,,,,,,,,,,,,,,,,,,
HP Laptop,Apple MacBook Air,Epson Black Ink,,,,,,,,,,,,,,,,,,,,,,,,,,,,,
Acer Aspire,ViewSonic Monitor,HP Laptop,iMac,,,,,,,,,,,,,,,,,,,,,,,,,,,,
LG Monitor,ASUS Chromebook,ViewSonic Monitor,HP Laptop,iMac,Bose Companion Speakers,Epson Printer,Mackie CR Speakers,Smart Light Bulb,HP USB Keyboard ,Apple Earpods,,,,,,,,,,,,,,,,,,,,,
ASUS Chromebook,HP Laptop,Apple Magic Keyboard,Backlit LED Gaming Keyboard,,,,,,,,,,,,,,,,,,,,,,,,,,,,
Otium Wireless Sports Bluetooth Headphone,Acer Desktop,HP Laptop,Logitech 3-button Mouse,iPad ,Apple Earpods,,,,,,,,,,,,,,,,,,,,,,,,,,
Apple MacBook Air,,,,,,,,,,,,,,,,,,,,,,,,,,,,,,,
iMac,ASUS Monitor,CYBERPOWER Gamer Desktop,,,,,,,,,,,,,,,,,,,,,,,,,,,,,
ASUS 2 Monitor,Apple MacBook Pro,LG Touchscreen Laptop,,,,,,,,,,,,,,,,,,,,,,,,,,,,,
Acer Aspire,Dell Desktop,Computer Game,Bose Companion Speakers,Audio Cable,Apple Wireless Keyboard,Apple MacBook Pro,Apple Earpods,HP Monitor,Apple MacBook Air,Slim Wireless Mouse,Backlit LED Gaming Keyboard,,,,,,,,,,,,,,,,,,,,
Dell Laptop,,,,,,,,,,,,,,,,,,,,,,,,,,,,,,,
iMac,Apple MacBook Pro,,,,,,,,,,,,,,,,,,,,,,,,,,,,,,
Dell Desktop,,,,,,,,,,,,,,,,,,,,,,,,,,,,,,,
HP Wireless Mouse,Epson Printer,Cambridge Bluetooth Speaker,Logitech Keyboard,,,,,,,,,,,,,,,,,,,,,,,,,,,,
Acer Aspire,Dell Desktop,HP Laptop,iMac,ASUS 2 Monitor,CYBERPOWER Gamer Desktop,,,,,,,,,,,,,,,,,,,,,,,,,,
Samsung Monitor,HP Wireless Mouse,HP Black & Tri-color Ink ,HP Laptop,iMac,Apple Magic Keyboard,Panasonic In-Ear Headphone ,Microsoft Office Home and Student 2016,CYBERPOWER Gamer Desktop,Logitech 3-button Mouse,Belkin Mouse Pad,Apple Earpods,Wireless Portable Mouse,Logitech ClearChat Headset,,,,,,,,,,,,,,,,,,
iMac,CYBERPOWER Gamer Desktop,,,,,,,,,,,,,,,,,,,,,,,,,,,,,,
iMac,,,,,,,,,,,,,,,,,,,,,,,,,,,,,,,
CYBERPOWER Gamer Desktop,,,,,,,,,,,,,,,,,,,,,,,,,,,,,,,
LG Monitor,ViewSonic Monitor,iMac,Microsoft Office Home and Student 2016,Cyber Acoustics,iPhone Charger Cable,Brother Printer,Backlit LED Gaming Keyboard,,,,,,,,,,,,,,,,,,,,,,,,
ViewSonic Monitor,Computer Game,iMac,Apple Magic Keyboard,Microsoft Basic Optical Mouse,,,,,,,,,,,,,,,,,,,,,,,,,,,
Acer Aspire,ViewSonic Monitor,HP Laptop,iMac,Belkin Mouse Pad,Audio Cable,Brother Printer,,,,,,,,,,,,,,,,,,,,,,,,,
Acer Aspire,Dell Desktop,iMac,Lenovo Desktop Computer,Apple Magic Keyboard,,,,,,,,,,,,,,,,,,,,,,,,,,,
iMac,Alienware Laptop,,,,,,,,,,,,,,,,,,,,,,,,,,,,,,
LG Monitor,ASUS Chromebook,HP Laptop,Apple Magic Keyboard,Wireless Portable Mouse,Microsoft Headset,,,,,,,,,,,,,,,,,,,,,,,,,,
Acer Aspire,HP Laptop,Apple MacBook Pro,HP Monitor,Microsoft Wireless Desktop Keyboard and Mouse,,,,,,,,,,,,,,,,,,,,,,,,,,,
Acer Monitor,Acer Desktop,ViewSonic Monitor,HP Laptop,ASUS 2 Monitor,Alienware Laptop,Apple Wired Keyboard,Computer Game,Epson Black Ink,,,,,,,,,,,,,,,,,,,,,,,
Acer Aspire,HP Laptop,Lenovo Desktop Computer,,,,,,,,,,,,,,,,,,,,,,,,,,,,,
Samsung Monitor,Otium Wireless Sports Bluetooth Headphone,LG Monitor,ASUS Chromebook,ViewSonic Monitor,HP Laptop,Bose Companion Speakers,Rii LED Gaming Keyboard & Mouse Combo ,Zombie Gaming Headset,Microsoft Wireless Desktop Keyboard and Mouse,,,,,,,,,,,,,,,,,,,,,,
HP Wireless Mouse,ASUS 2 Monitor,Alienware Laptop,Bose Companion Speakers,CYBERPOWER Gamer Desktop,HP Monitor,Backlit LED Gaming Keyboard,,,,,,,,,,,,,,,,,,,,,,,,,
HP Laptop,iMac,Lenovo Desktop Computer,CYBERPOWER Gamer Desktop,,,,,,,,,,,,,,,,,,,,,,,,,,,,
Computer Game,HP Laptop,CYBERPOWER Gamer Desktop,Apple Wireless Keyboard,Dell Laptop,,,,,,,,,,,,,,,,,,,,,,,,,,,
Eluktronics Pro Gaming Laptop,HP Wireless Printer,Apple Earpods,HP Monitor,,,,,,,,,,,,,,,,,,,,,,,,,,,,
Acer Monitor,ASUS 2 Monitor,CYBERPOWER Gamer Desktop,Logitech 3-button Mouse,Fire HD Tablet,iPad,,,,,,,,,,,,,,,,,,,,,,,,,,
Apple MacBook Air,,,,,,,,,,,,,,,,,,,,,,,,,,,,,,,
Apple MacBook Pro,Apple MacBook Air,LG Touchscreen Laptop,,,,,,,,,,,,,,,,,,,,,,,,,,,,,
Apple Earpods,,,,,,,,,,,,,,,,,,,,,,,,,,,,,,,
Logitech Desktop MK120 Mouse and keyboard Combo,HP Laptop,ASUS Monitor,CYBERPOWER Gamer Desktop,3-Button Mouse,Etekcity Power Extension Cord Cable,,,,,,,,,,,,,,,,,,,,,,,,,,
CYBERPOWER Gamer Desktop,HP Monitor,,,,,,,,,,,,,,,,,,,,,,,,,,,,,,
Epson Printer,CYBERPOWER Gamer Desktop,,,,,,,,,,,,,,,,,,,,,,,,,,,,,,
HP Laptop,ASUS 2 Monitor,Belkin Mouse Pad,,,,,,,,,,,,,,,,,,,,,,,,,,,,,
LG Monitor,Eluktronics Pro Gaming Laptop,Dell Desktop,Acer Desktop,HP Laptop,Apple Magic Keyboard,Slim 2TB Portable External Hard Drive,AOC Monitor,,,,,,,,,,,,,,,,,,,,,,,,
Apple Earpods,,,,,,,,,,,,,,,,,,,,,,,,,,,,,,,
Logitech Desktop MK120 Mouse and keyboard Combo,ViewSonic Monitor,HP Laptop,iMac,Alienware Laptop,Bose Companion Speakers,Logitech 3-button Mouse,Apple MacBook Pro,,,,,,,,,,,,,,,,,,,,,,,,
Samsung Monitor,CYBERPOWER Gamer Desktop,3-Button Mouse,Apple MacBook Pro,,,,,,,,,,,,,,,,,,,,,,,,,,,,
iMac,Apple Magic Keyboard,Microsoft Office Home and Student 2016,AOC Monitor,Rokono Mini Speaker,,,,,,,,,,,,,,,,,,,,,,,,,,,
Backlit LED Gaming Keyboard,,,,,,,,,,,,,,,,,,,,,,,,,,,,,,,
Apple Wireless Keyboard,,,,,,,,,,,,,,,,,,,,,,,,,,,,,,,
Eluktronics Pro Gaming Laptop,ViewSonic Monitor,HP Laptop,iMac,Panasonic In-Ear Headphone ,,,,,,,,,,,,,,,,,,,,,,,,,,,
Logitech Desktop MK120 Mouse and keyboard Combo,Acer Desktop,HP Laptop,iMac,Epson Printer,,,,,,,,,,,,,,,,,,,,,,,,,,,
Samsung Monitor,Dell Desktop,HP Laptop,Slim 2TB Portable External Hard Drive,Dell Wired Keyboard,CYBERPOWER Gamer Desktop,Apple Earpods,Microsoft Headset,,,,,,,,,,,,,,,,,,,,,,,,
iMac,Alienware Laptop,Lenovo Desktop Computer,Dell Desktop,Apple Earpods,ASUS Desktop,Wireless Portable Mouse,,,,,,,,,,,,,,,,,,,,,,,,,
Samsung Monitor,LG Monitor,Eluktronics Pro Gaming Laptop,Acer Aspire,HP Laptop,iMac,Koss Home Headphones,Microsoft Office Home and Student 2016,CYBERPOWER Gamer Desktop,Dell Desktop,Redragon Gaming Mouse,Dell Laptop,,,,,,,,,,,,,,,,,,,,
HP Laptop,iMac,Apple MacBook Pro,,,,,,,,,,,,,,,,,,,,,,,,,,,,,
Microsoft Wireless Desktop Keyboard and Mouse,,,,,,,,,,,,,,,,,,,,,,,,,,,,,,,
LG Monitor,iMac,ASUS 2 Monitor,Epson Printer,Redragon Gaming Mouse,,,,,,,,,,,,,,,,,,,,,,,,,,,
LG Monitor,Apple Earpods,,,,,,,,,,,,,,,,,,,,,,,,,,,,,,
ASUS Chromebook,Eluktronics Pro Gaming Laptop,HP Laptop,Panasonic In-Ear Headphone ,,,,,,,,,,,,,,,,,,,,,,,,,,,,
Samsung Monitor,HP Wireless Mouse,Dell Desktop,Dell 2 Desktop,ViewSonic Monitor,Computer Game,iMac,ASUS Monitor,Lenovo Desktop Computer,Logitech MK550 Wireless Wave Keyboard and Mouse Combo,Microsoft Office Home and Student 2016,DOSS Touch Wireless Bluetooth,HP Notebook Touchscreen Laptop PC,ASUS Desktop,Apple TV,Backlit LED Gaming Keyboard,,,,,,,,,,,,,,,,
iMac,Apple MacBook Air,,,,,,,,,,,,,,,,,,,,,,,,,,,,,,
Apple Earpods,,,,,,,,,,,,,,,,,,,,,,,,,,,,,,,
Apple MacBook Air,,,,,,,,,,,,,,,,,,,,,,,,,,,,,,,
ASUS Chromebook,Dell 2 Desktop,ViewSonic Monitor,Computer Game,Rii LED Gaming Keyboard & Mouse Combo ,Fire HD Tablet,Apple Earpods,Apple MacBook Air,Slim Wireless Mouse,Microsoft Wireless Comfort Keyboard and Mouse,,,,,,,,,,,,,,,,,,,,,,
Acer Monitor,Kensington Headphones ,HP Wireless Mouse,HP Laptop,iMac,ASUS 2 Monitor,Rii LED Gaming Keyboard & Mouse Combo ,Cyber Acoustics,Slim Wireless Mouse,,,,,,,,,,,,,,,,,,,,,,,
HP Laptop,,,,,,,,,,,,,,,,,,,,,,,,,,,,,,,
HP Laptop,iMac,ASUS 2 Monitor,Lenovo Desktop Computer, Intel Desktop ,3-Button Mouse,Slim Wireless Mouse,,,,,,,,,,,,,,,,,,,,,,,,,
ViewSonic Monitor,iMac,Microsoft Office Home and Student 2016,2TB Portable External Hard Drive,Backlit LED Gaming Keyboard,,,,,,,,,,,,,,,,,,,,,,,,,,,
Acer Desktop,Apple Earpods,Apple MacBook Air,Apple MacBook Air,Wireless Portable Mouse,Dell Laptop,,,,,,,,,,,,,,,,,,,,,,,,,,
Samsung Monitor,LG Monitor,Dell Desktop,ViewSonic Monitor,HP Black & Tri-color Ink ,iMac,ASUS 2 Monitor,Lenovo Desktop Computer,Apple Magic Keyboard,Microsoft Headset,Samsung Galaxy Tablet,Backlit LED Gaming Keyboard,,,,,,,,,,,,,,,,,,,,
HP Laptop,ASUS Monitor,Apple Earpods,Apple MacBook Air,iPhone Charger Cable,Philips Flexible Earhook Headphone,Logitech ClearChat Headset,Brother Printer,Backlit LED Gaming Keyboard,,,,,,,,,,,,,,,,,,,,,,,
LG Monitor,,,,,,,,,,,,,,,,,,,,,,,,,,,,,,,
Otium Wireless Sports Bluetooth Headphone,iMac,Panasonic In-Ear Headphone ,Logitech 3-button Mouse,3-Button Mouse,HP Monitor,Backlit LED Gaming Keyboard,,,,,,,,,,,,,,,,,,,,,,,,,
LG Monitor,HP Laptop,iMac,ASUS Monitor,Apple Magic Keyboard,Logitech MK550 Wireless Wave Keyboard and Mouse Combo,Redragon Gaming Mouse,APIE Bluetooth Headphone,Apple Wireless Keyboard,iPhone Charger Cable,iPad Pro ,JBL Splashproof Portable Bluetooth Speaker,Multi Media Stand,,,,,,,,,,,,,,,,,,,
HP Wireless Printer,CYBERPOWER Gamer Desktop,iPad Pro ,Backlit LED Gaming Keyboard,Microsoft Wireless Desktop Keyboard and Mouse,,,,,,,,,,,,,,,,,,,,,,,,,,,
HP Laptop, Intel Desktop ,Belkin Mouse Pad,Full Motion Monitor Mount,Apple MacBook Air,,,,,,,,,,,,,,,,,,,,,,,,,,,
Epson Black Ink,CYBERPOWER Gamer Desktop,Logitech 3-button Mouse,Apple Wireless Keyboard,Apple MacBook Pro,Apple Earpods,,,,,,,,,,,,,,,,,,,,,,,,,,
Sonos,Logitech 3-button Mouse,,,,,,,,,,,,,,,,,,,,,,,,,,,,,,
HP Wireless Mouse,iMac,Cambridge Bluetooth Speaker,Microsoft Office Home and Student 2016,Logitech 3-button Mouse,iPhone Charger Cable,HP USB Keyboard ,Acer Desktop,iPad Pro ,,,,,,,,,,,,,,,,,,,,,,,
ViewSonic Monitor,iMac,Epson Black Ink,Epson Printer,CYBERPOWER Gamer Desktop,AOC Monitor,,,,,,,,,,,,,,,,,,,,,,,,,,
Acer Monitor,HP Wireless Mouse,ASUS Chromebook,Acer Aspire,Dell Desktop,ViewSonic Monitor,HP Laptop,ASUS 2 Monitor,HP Wireless Printer,Apple Magic Keyboard,Koss Home Headphones, Intel Desktop ,Epson Printer,Cambridge Bluetooth Speaker,Dell Monitor,Microsoft Office Home and Student 2016,AOC Monitor,Brother Printer Toner,Etekcity Power Extension Cord Cable,Apple Wireless Keyboard,Apple Earpods,HP Monitor,Halter Mesh Metal Monitor Stand,,,,,,,,,
Eluktronics Pro Gaming Laptop,,,,,,,,,,,,,,,,,,,,,,,,,,,,,,,
Bose Companion Speakers,Sonos,Apple MacBook Pro,Apple Earpods,Microsoft Wireless Desktop Keyboard and Mouse,,,,,,,,,,,,,,,,,,,,,,,,,,,
Acer Monitor,Samsung Monitor,HP Wireless Mouse,Acer Aspire,ViewSonic Monitor,HP Laptop,Epson Printer,Mackie CR Speakers,Backlit LED Gaming Keyboard,,,,,,,,,,,,,,,,,,,,,,,
3-Button Mouse,Apple Earpods,,,,,,,,,,,,,,,,,,,,,,,,,,,,,,
HP Laptop,CYBERPOWER Gamer Desktop,Apple MacBook Air,,,,,,,,,,,,,,,,,,,,,,,,,,,,,
Computer Game,HP Laptop,Apple Earpods,HP Monitor,,,,,,,,,,,,,,,,,,,,,,,,,,,,
3-Button Mouse,Apple MacBook Air,Samsung Galaxy Tablet,Backlit LED Gaming Keyboard,,,,,,,,,,,,,,,,,,,,,,,,,,,,
Acer Aspire,ViewSonic Monitor,iMac,Lenovo Desktop Computer,Apple Magic Keyboard,Epson Black Ink,CYBERPOWER Gamer Desktop,Rii LED Gaming Keyboard & Mouse Combo ,ASUS Desktop,,,,,,,,,,,,,,,,,,,,,,,
Eluktronics Pro Gaming Laptop,,,,,,,,,,,,,,,,,,,,,,,,,,,,,,,
HP Wireless Mouse,Acer Aspire,ViewSonic Monitor,HP Laptop,ASUS Monitor,Fire TV Stick,Apple Wireless Keyboard,,,,,,,,,,,,,,,,,,,,,,,,,
iMac,AOC Monitor,Rii LED Gaming Keyboard & Mouse Combo ,Dell Desktop,Logitech Keyboard,,,,,,,,,,,,,,,,,,,,,,,,,,,
HP Wireless Mouse,iMac,Brother Printer Toner,HDMI Adapter,Apple Wireless Keyboard,Apple Earpods,iPad Pro ,Microsoft Wireless Desktop Keyboard and Mouse,,,,,,,,,,,,,,,,,,,,,,,,
Microsoft Wireless Desktop Keyboard and Mouse,,,,,,,,,,,,,,,,,,,,,,,,,,,,,,,
Acer Aspire,ViewSonic Monitor,Belkin Mouse Pad,Acer Desktop,ASUS Desktop,Wireless Portable Mouse,,,,,,,,,,,,,,,,,,,,,,,,,,
Acer Aspire,ViewSonic Monitor,HP Black & Tri-color Ink ,HP Laptop,ASUS Monitor,Apple Magic Keyboard,Height-Adjustable Standing Desk,Philips Flexible Earhook Headphone,Wireless Portable Mouse,,,,,,,,,,,,,,,,,,,,,,,
HP Wireless Mouse,Lenovo Desktop Computer,Apple Magic Keyboard,Logitech Keyboard,Apple Earpods,Logitech Keyboard,,,,,,,,,,,,,,,,,,,,,,,,,,
Apple MacBook Air,,,,,,,,,,,,,,,,,,,,,,,,,,,,,,,
Dell Laptop,,,,,,,,,,,,,,,,,,,,,,,,,,,,,,,
HP Laptop,iMac,Lenovo Desktop Computer,,,,,,,,,,,,,,,,,,,,,,,,,,,,,
LG Monitor,ViewSonic Monitor,iMac,Bose Companion Speakers,Cambridge Bluetooth Speaker,USB Cable,Microsoft Wireless Desktop Keyboard and Mouse,,,,,,,,,,,,,,,,,,,,,,,,,
iMac,,,,,,,,,,,,,,,,,,,,,,,,,,,,,,,
ASUS Chromebook,Dell Desktop,Acer Desktop,ViewSonic Monitor,HP Laptop,iMac,Lenovo Desktop Computer,Apple Magic Keyboard,Height-Adjustable Standing Desk,,,,,,,,,,,,,,,,,,,,,,,
Samsung Monitor,Otium Wireless Sports Bluetooth Headphone,Dell Desktop,CYBERPOWER Gamer Desktop,Belkin Mouse Pad,Apple MacBook Pro,Apple MacBook Air,Canon Office Printer,Brother Printer,Microsoft Wireless Desktop Keyboard and Mouse,,,,,,,,,,,,,,,,,,,,,,
ViewSonic Monitor,HP Black & Tri-color Ink ,HP Laptop,iMac,Alienware Laptop,Apple Magic Keyboard,Microsoft Wireless Desktop Keyboard and Mouse,,,,,,,,,,,,,,,,,,,,,,,,,
HP Wireless Mouse,Acer Desktop,iMac,CYBERPOWER Gamer Desktop,Logitech 3-button Mouse,3-Button Mouse,Brother Printer Toner,Belkin Mouse Pad,Apple MacBook Pro,Backlit LED Gaming Keyboard,,,,,,,,,,,,,,,,,,,,,,
Logitech Desktop MK120 Mouse and keyboard Combo,ASUS Chromebook,HP Laptop,Apple Magic Keyboard,Smart Light Bulb,Redragon Gaming Mouse,Dell Laptop,,,,,,,,,,,,,,,,,,,,,,,,,
Apple Earpods,,,,,,,,,,,,,,,,,,,,,,,,,,,,,,,
ViewSonic Monitor,HP Black & Tri-color Ink ,iMac,ASUS Monitor,ASUS 2 Monitor,CYBERPOWER Gamer Desktop,Apple Earpods,Dell Laptop,iPad,,,,,,,,,,,,,,,,,,,,,,,
Samsung Monitor,iMac,Brother Printer Toner,Rii LED Gaming Keyboard & Mouse Combo ,HP Monitor,iPad Pro ,,,,,,,,,,,,,,,,,,,,,,,,,,
3-Button Mouse,Apple Earpods,Apple MacBook Air,LG Touchscreen Laptop,Backlit LED Gaming Keyboard,,,,,,,,,,,,,,,,,,,,,,,,,,,
Samsung Monitor,Acer Aspire,Acer Desktop,iMac,HP Wireless Printer,Microsoft Office Home and Student 2016,Logitech 3-button Mouse,Belkin Mouse Pad,Dell Laptop,,,,,,,,,,,,,,,,,,,,,,,
Lenovo Desktop Computer,CYBERPOWER Gamer Desktop,,,,,,,,,,,,,,,,,,,,,,,,,,,,,,
Acer Desktop,ViewSonic Monitor,HP Laptop,iMac,ASUS Monitor,Apple Magic Keyboard,Panasonic In-Ear Headphone ,Microsoft Office Home and Student 2016,Computer Game,Apple Wireless Keyboard,Zombie Gaming Headset,,,,,,,,,,,,,,,,,,,,,
Samsung Monitor,iMac,Lenovo Desktop Computer,Logitech MK550 Wireless Wave Keyboard and Mouse Combo,Microsoft Office Home and Student 2016,Logitech 3-button Mouse,Slim Wireless Mouse,Wireless Portable Mouse,Dell Laptop,Backlit LED Gaming Keyboard,,,,,,,,,,,,,,,,,,,,,,
HDMI Cable 6ft,HP Wireless Mouse,Acer Aspire,HP Laptop,iMac,Lenovo Desktop Computer,Apple Magic Keyboard,Apple MacBook Air,Dell Laptop,USB Cable,Logitech Keyboard,,,,,,,,,,,,,,,,,,,,,
Otium Wireless Sports Bluetooth Headphone,iMac,HP Wireless Printer,Koss Home Headphones,Cambridge Bluetooth Speaker,CYBERPOWER Gamer Desktop,Acer Desktop,ASUS Desktop,Dell Laptop,HP Desktop,,,,,,,,,,,,,,,,,,,,,,
HP Laptop,ASUS Monitor,HP Monitor,Slim Wireless Mouse,Dell Laptop,,,,,,,,,,,,,,,,,,,,,,,,,,,
Otium Wireless Sports Bluetooth Headphone,HP Wireless Mouse,Acer Aspire,HP Laptop,iMac,Lenovo Desktop Computer,Epson Printer,AOC Monitor,iPad Pro ,,,,,,,,,,,,,,,,,,,,,,,
CYBERPOWER Gamer Desktop,,,,,,,,,,,,,,,,,,,,,,,,,,,,,,,
HP Wireless Mouse,Eluktronics Pro Gaming Laptop,Logitech MK270 Wireless Keyboard and Mouse Combo,HP Laptop,Apple Magic Keyboard,Logitech 3-button Mouse,Apple MacBook Air,EagleTec Wireless Combo Keyboard and Mouse,Halter Mesh Metal Monitor Stand,,,,,,,,,,,,,,,,,,,,,,,
Samsung Monitor,ViewSonic Monitor,iMac,Lenovo Desktop Computer,,,,,,,,,,,,,,,,,,,,,,,,,,,,
Apple MacBook Air,,,,,,,,,,,,,,,,,,,,,,,,,,,,,,,
Lenovo Desktop Computer,,,,,,,,,,,,,,,,,,,,,,,,,,,,,,,
HP Wireless Mouse,Eluktronics Pro Gaming Laptop,HP Laptop,Epson Printer,CYBERPOWER Gamer Desktop,3-Button Mouse,,,,,,,,,,,,,,,,,,,,,,,,,,
Eluktronics Pro Gaming Laptop,Microsoft Wireless Desktop Keyboard and Mouse,,,,,,,,,,,,,,,,,,,,,,,,,,,,,,
iMac,ASUS 2 Monitor,3-Button Mouse,,,,,,,,,,,,,,,,,,,,,,,,,,,,,
Acer Monitor,Acer Desktop,iMac,Apple Earpods,,,,,,,,,,,,,,,,,,,,,,,,,,,,
Backlit LED Gaming Keyboard,,,,,,,,,,,,,,,,,,,,,,,,,,,,,,,
iMac,Height-Adjustable Standing Desk,Apple Earpods,Backlit LED Gaming Keyboard,,,,,,,,,,,,,,,,,,,,,,,,,,,,
CYBERPOWER Gamer Desktop,Apple MacBook Air,,,,,,,,,,,,,,,,,,,,,,,,,,,,,,
HP Laptop,iMac,Lenovo Desktop Computer,Apple Magic Keyboard,CYBERPOWER Gamer Desktop,Wireless Portable Mouse,PC Gaming Headset,,,,,,,,,,,,,,,,,,,,,,,,,
Samsung Monitor,ASUS Monitor,,,,,,,,,,,,,,,,,,,,,,,,,,,,,,
Samsung Monitor,Dell Desktop,ViewSonic Monitor,HP Laptop,iMac,Epson Printer,Microsoft Office Home and Student 2016,Rii LED Gaming Keyboard & Mouse Combo ,Belkin Mouse Pad,Dell Desktop,iPhone Charger Cable,Smart Light Bulb,Full Motion Monitor Mount,Apple MacBook Pro,Dell Laptop,Backlit LED Gaming Keyboard,,,,,,,,,,,,,,,,
Apple MacBook Air,,,,,,,,,,,,,,,,,,,,,,,,,,,,,,,
Dell Desktop,Dell 2 Desktop,ViewSonic Monitor,HP Laptop,iMac, Intel Desktop ,Cambridge Bluetooth Speaker,AOC Monitor,Apple Earpods,Slim Wireless Mouse,iPad Pro ,Microsoft Wireless Desktop Keyboard and Mouse,,,,,,,,,,,,,,,,,,,,
Epson Black Ink,Apple Earpods,,,,,,,,,,,,,,,,,,,,,,,,,,,,,,
Belkin Mouse Pad,ASUS Desktop,Sceptre Monitor,,,,,,,,,,,,,,,,,,,,,,,,,,,,,
iMac,APIE Bluetooth Headphone,,,,,,,,,,,,,,,,,,,,,,,,,,,,,,
Lenovo Desktop Computer,Apple MacBook Pro,Apple MacBook Air,iPad Pro ,,,,,,,,,,,,,,,,,,,,,,,,,,,,
Dell Wired Keyboard,CYBERPOWER Gamer Desktop,Apple Earpods,Halter Mesh Metal Monitor Stand,,,,,,,,,,,,,,,,,,,,,,,,,,,,
Logitech MK270 Wireless Keyboard and Mouse Combo,CYBERPOWER Gamer Desktop,3-Button Mouse,Apple MacBook Air,,,,,,,,,,,,,,,,,,,,,,,,,,,,
Apple MacBook Air,,,,,,,,,,,,,,,,,,,,,,,,,,,,,,,
Apple Earpods,,,,,,,,,,,,,,,,,,,,,,,,,,,,,,,
iMac,CYBERPOWER Gamer Desktop,Backlit LED Gaming Keyboard,,,,,,,,,,,,,,,,,,,,,,,,,,,,,
Samsung Monitor,HP Laptop,iMac,Lenovo Desktop Computer,iPhone Charger Cable,Epson Printer,Dell Monitor,iPad ,Mackie CR Speakers,Redragon Gaming Mouse,Acer Desktop,HP Monitor,Apple MacBook Air,Slim Wireless Mouse,Dell Laptop,,,,,,,,,,,,,,,,,
LG Monitor,Slim 2TB Portable External Hard Drive,AOC Monitor,,,,,,,,,,,,,,,,,,,,,,,,,,,,,
LG Monitor,Acer Desktop,ViewSonic Monitor,ASUS 2 Monitor,Lenovo Desktop Computer,Apple Magic Keyboard,Bose Companion Speakers,Microsoft Office Home and Student 2016,Lenovo Desktop Computer,Belkin Mouse Pad,iPhone Charger Cable,,,,,,,,,,,,,,,,,,,,,
Logitech Desktop MK120 Mouse and keyboard Combo,ASUS Chromebook,Brother Printer Toner,,,,,,,,,,,,,,,,,,,,,,,,,,,,,
HP Laptop,iPad Pro ,,,,,,,,,,,,,,,,,,,,,,,,,,,,,,
Apple Magic Keyboard,,,,,,,,,,,,,,,,,,,,,,,,,,,,,,,
Logitech MK550 Wireless Wave Keyboard and Mouse Combo,Lenovo Desktop Computer,Full Motion Monitor Mount,,,,,,,,,,,,,,,,,,,,,,,,,,,,,
LG Monitor,Eluktronics Pro Gaming Laptop,HP Laptop,iMac,Logitech 3-button Mouse,Belkin Mouse Pad,Apple MacBook Pro,Apple MacBook Air,Halter Mesh Metal Monitor Stand,,,,,,,,,,,,,,,,,,,,,,,
Acer Aspire,Dell 2 Desktop,ASUS 2 Monitor,Lenovo Desktop Computer,Apple Earpods,,,,,,,,,,,,,,,,,,,,,,,,,,,
Samsung Monitor,Logitech Keyboard,,,,,,,,,,,,,,,,,,,,,,,,,,,,,,
Acer Aspire,HP Laptop,Cambridge Bluetooth Speaker,Microsoft Office Home and Student 2016,HP Monitor,Logitech Keyboard,,,,,,,,,,,,,,,,,,,,,,,,,,
HP Laptop,ASUS 2 Monitor,,,,,,,,,,,,,,,,,,,,,,,,,,,,,,
Logitech MK360 Wireless Keyboard and Mouse Combo,ASUS Desktop,Dell Laptop,DYMO Labeling Tape ,Epson Black Ink,,,,,,,,,,,,,,,,,,,,,,,,,,,
Samsung Monitor,ViewSonic Monitor,Sonos,AOC Monitor,Lenovo Desktop Computer,,,,,,,,,,,,,,,,,,,,,,,,,,,
Acer Monitor,Acer Desktop,Logitech MK550 Wireless Wave Keyboard and Mouse Combo,Apple MacBook Pro,Dell Laptop,,,,,,,,,,,,,,,,,,,,,,,,,,,
HP Wireless Mouse,Halter Mesh Metal Monitor Stand,,,,,,,,,,,,,,,,,,,,,,,,,,,,,,
HP Laptop,Backlit LED Gaming Keyboard,,,,,,,,,,,,,,,,,,,,,,,,,,,,,,
HP Wireless Mouse,Logitech Desktop MK120 Mouse and keyboard Combo,Acer Aspire,Dell Desktop,Dell 2 Desktop,Computer Game,iMac,Lenovo Desktop Computer,Apple Magic Keyboard,CYBERPOWER Gamer Desktop,3-Button Mouse,Belkin Mouse Pad,Redragon Gaming Mouse,Apple Earpods,,Logitech Keyboard,,,,,,,,,,,,,,,,
HP Wireless Mouse,HP Laptop,HP Wireless Printer,Apple Earpods,,,,,,,,,,,,,,,,,,,,,,,,,,,,
HDMI Cable 6ft,Dell Desktop,ASUS Monitor, Intel Desktop ,Microsoft Office Home and Student 2016,AOC Monitor,3-Button Mouse,Logitech Multimedia Speakers,HP Monitor,Dell Laptop,Microsoft Wireless Desktop Keyboard and Mouse,,,,,,,,,,,,,,,,,,,,,
Acer Desktop,iMac,Lenovo Desktop Computer,Google Home,Microsoft Office Home and Student 2016,Slim Wireless Mouse,Rokono Mini Speaker,,,,,,,,,,,,,,,,,,,,,,,,,
Samsung Monitor,HP Wireless Mouse,LG Monitor,ViewSonic Monitor,HP Laptop,iMac,CYBERPOWER Gamer Desktop,HP Monitor,Apple MacBook Air,,,,,,,,,,,,,,,,,,,,,,,
HDMI Cable 6ft,ASUS Chromebook,HP Laptop,Lenovo Desktop Computer,Halter Acrylic Monitor Stand,,,,,,,,,,,,,,,,,,,,,,,,,,,
HP Laptop,,,,,,,,,,,,,,,,,,,,,,,,,,,,,,,
Samsung Monitor,Acer Aspire,HP Laptop,,,,,,,,,,,,,,,,,,,,,,,,,,,,,
Dell Desktop,HP Laptop,iMac,HP Wireless Printer,Apple MacBook Pro,Apple Earpods,Apple MacBook Air,PC Gaming Headset,,,,,,,,,,,,,,,,,,,,,,,,
HDMI Cable 6ft,Dell Desktop,Backlit LED Gaming Keyboard,,,,,,,,,,,,,,,,,,,,,,,,,,,,,
Dell Desktop,CYBERPOWER Gamer Desktop,Dell Laptop,Logitech ClearChat Headset,Backlit LED Gaming Keyboard,,,,,,,,,,,,,,,,,,,,,,,,,,,
Apple MacBook Air,,,,,,,,,,,,,,,,,,,,,,,,,,,,,,,
Dell Desktop,LG Touchscreen Laptop,Backlit LED Gaming Keyboard,,,,,,,,,,,,,,,,,,,,,,,,,,,,,
Apple MacBook Pro,Apple Earpods,,,,,,,,,,,,,,,,,,,,,,,,,,,,,,
iMac,Lenovo Desktop Computer,Apple MacBook Air,,,,,,,,,,,,,,,,,,,,,,,,,,,,,
Acer Desktop,HP Laptop,Alienware Laptop,Google Home,Epson Printer,AOC Monitor,Dell Desktop,Apple Wireless Keyboard,,,,,,,,,,,,,,,,,,,,,,,,
CYBERPOWER Gamer Desktop,Apple Wireless Keyboard,Slim Wireless Mouse,ASUS Desktop,Wireless Portable Mouse,,,,,,,,,,,,,,,,,,,,,,,,,,,
iMac,Apple Magic Keyboard,Microsoft Office Home and Student 2016,Apple MacBook Pro,Apple Earpods,Dell Laptop,Logitech Keyboard,,,,,,,,,,,,,,,,,,,,,,,,,
Eluktronics Pro Gaming Laptop,Dell 2 Desktop,HP Laptop,,,,,,,,,,,,,,,,,,,,,,,,,,,,,
Apple Earpods,iPad,,,,,,,,,,,,,,,,,,,,,,,,,,,,,,
Apple Magic Keyboard,ASUS Desktop,iPad Pro ,Logitech Keyboard,,,,,,,,,,,,,,,,,,,,,,,,,,,,
Samsung Monitor,HP Laptop,Large Mouse Pad,Dell KM117 Wireless Keyboard & Mouse,,,,,,,,,,,,,,,,,,,,,,,,,,,,
Computer Game,HP Laptop,,,,,,,,,,,,,,,,,,,,,,,,,,,,,,
Samsung Monitor,HP Wireless Mouse,LG Monitor,HP Laptop,iMac,ASUS Monitor,Lenovo Desktop Computer,Belkin Mouse Pad,HP Monitor,Apple MacBook Air,,,,,,,,,,,,,,,,,,,,,,
Samsung Monitor,ASUS Chromebook,Acer Aspire,Dell Desktop,Dell 2 Desktop,ViewSonic Monitor,iMac,AOC Monitor,Logitech 3-button Mouse,HP Monitor,Apple MacBook Air,DYMO Labeling Tape ,,,,,,,,,,,,,,,,,,,,
ViewSonic Monitor,HP Laptop,iMac,3-Button Mouse,DYMO Labeling Tape ,Microsoft Wireless Desktop Keyboard and Mouse,,,,,,,,,,,,,,,,,,,,,,,,,,
ViewSonic Monitor,HP Laptop,ASUS Monitor,CYBERPOWER Gamer Desktop,Rii LED Gaming Keyboard & Mouse Combo ,Apple MacBook Pro,iPhone Charger Cable,iPad,,,,,,,,,,,,,,,,,,,,,,,,
LG Monitor,Computer Game,HP Laptop,ASUS Monitor,HP Wireless Printer,Slim 2TB Portable External Hard Drive,Bose Companion Speakers,Google Home,Epson Printer,CYBERPOWER Gamer Desktop,Apple Wireless Keyboard,Microsoft Wireless Desktop Keyboard and Mouse,,,,,,,,,,,,,,,,,,,,
iMac,ASUS 2 Monitor,Apple Earpods,Roku Express,Logitech Keyboard,Microsoft Wireless Desktop Keyboard and Mouse,,,,,,,,,,,,,,,,,,,,,,,,,,
HDMI Cable 6ft,Samsung Monitor,Dell Desktop,Acer Desktop,Computer Game,HP Laptop,iMac,ASUS Monitor,ASUS 2 Monitor,Lenovo Desktop Computer,Panasonic In-Ear Headphone ,Lenovo Desktop Computer,Belkin Mouse Pad,HDMI Adapter,Apple MacBook Air,Microsoft Headset,Gaming Mouse Professional,,,,,,,,,,,,,,,
Acer Monitor,Otium Wireless Sports Bluetooth Headphone,ASUS Chromebook,HP Laptop,Epson Printer,AOC Monitor,3-Button Mouse,Computer Game,Microsoft Basic Optical Mouse,ViewSonic Monitor,Redragon Gaming Mouse,Apple Earpods,,,,,,,,,,,,,,,,,,,,
Bose Companion Speakers,Apple MacBook Pro,Microsoft Headset,DYMO Labeling Tape ,Microsoft Wireless Desktop Keyboard and Mouse,,,,,,,,,,,,,,,,,,,,,,,,,,,
Epson Printer,Apple Earpods,,,,,,,,,,,,,,,,,,,,,,,,,,,,,,
Acer Desktop,Cambridge Bluetooth Speaker,Sonos,HP Monitor,,,,,,,,,,,,,,,,,,,,,,,,,,,,
Dell Desktop,ViewSonic Monitor,Microsoft Office Home and Student 2016,,,,,,,,,,,,,,,,,,,,,,,,,,,,,
Otium Wireless Sports Bluetooth Headphone,Samsung Monitor,Acer Aspire,iMac,Etekcity Power Extension Cord Cable,Computer Game,,,,,,,,,,,,,,,,,,,,,,,,,,
HP Laptop,AOC Monitor,Apple Earpods,Apple MacBook Air,,,,,,,,,,,,,,,,,,,,,,,,,,,,
ViewSonic Monitor,HP Laptop,EagleTec Wireless Combo Keyboard and Mouse,Microsoft Wireless Comfort Keyboard and Mouse,Microsoft Wireless Desktop Keyboard and Mouse,,,,,,,,,,,,,,,,,,,,,,,,,,,
iPhone Charger Cable,,,,,,,,,,,,,,,,,,,,,,,,,,,,,,,
Apple Earpods,,,,,,,,,,,,,,,,,,,,,,,,,,,,,,,
Belkin Mouse Pad,Apple Earpods,,,,,,,,,,,,,,,,,,,,,,,,,,,,,,
Acer Monitor,ASUS Chromebook,Acer Desktop,ViewSonic Monitor,HP Laptop,ASUS 2 Monitor,Lenovo Desktop Computer,Belkin Mouse Pad,Dell Desktop,,,,,,,,,,,,,,,,,,,,,,,
Dell Desktop,,,,,,,,,,,,,,,,,,,,,,,,,,,,,,,
Samsung Monitor,Dell Desktop,Alienware Laptop,Apple Wired Keyboard,Samsung Charging Cable,Apple MacBook Pro,Apple Earpods,Apple MacBook Air,,,,,,,,,,,,,,,,,,,,,,,,
HP Wireless Mouse,ViewSonic Monitor,HP Laptop,Apple Magic Keyboard,Belkin Mouse Pad,Samsung Charging Cable,Apple MacBook Air,Microsoft Wireless Desktop Keyboard and Mouse,,,,,,,,,,,,,,,,,,,,,,,,
Microsoft Office Home and Student 2016,3-Button Mouse,,,,,,,,,,,,,,,,,,,,,,,,,,,,,,
Epson Black Ink,3-Button Mouse,2TB Portable External Hard Drive,Microsoft Wireless Desktop Keyboard and Mouse,,,,,,,,,,,,,,,,,,,,,,,,,,,,
Apple MacBook Air,Microsoft Wireless Desktop Keyboard and Mouse,,,,,,,,,,,,,,,,,,,,,,,,,,,,,,
Acer Monitor,Otium Wireless Sports Bluetooth Headphone,LG Monitor,Acer Aspire,Lenovo Desktop Computer,Apple Magic Keyboard,Epson Printer,Dell Monitor,Apple Earpods,,,,,,,,,,,,,,,,,,,,,,,
LG Monitor,Dell Desktop,Lenovo Desktop Computer,Dell Desktop,Apple MacBook Pro,Roku Express,,,,,,,,,,,,,,,,,,,,,,,,,,
iMac,,,,,,,,,,,,,,,,,,,,,,,,,,,,,,,
Dell Desktop,iMac,Slim 2TB Portable External Hard Drive,CYBERPOWER Gamer Desktop,,,,,,,,,,,,,,,,,,,,,,,,,,,,
LG Monitor,Dell Desktop,Lenovo Desktop Computer,AOC Monitor,HP Monitor,,,,,,,,,,,,,,,,,,,,,,,,,,,
ViewSonic Monitor,HP Laptop,Dell Laptop,,,,,,,,,,,,,,,,,,,,,,,,,,,,,
Acer Aspire,Apple Earpods,Acer Desktop,,,,,,,,,,,,,,,,,,,,,,,,,,,,,
Epson Black Ink,,,,,,,,,,,,,,,,,,,,,,,,,,,,,,,
Acer Desktop,,,,,,,,,,,,,,,,,,,,,,,,,,,,,,,
HDMI Cable 6ft,Acer Desktop,Lenovo Desktop Computer,Cambridge Bluetooth Speaker,Apple MacBook Pro,Apple Earpods,iPad Pro ,,,,,,,,,,,,,,,,,,,,,,,,,
Wireless Portable Mouse,Backlit LED Gaming Keyboard,,,,,,,,,,,,,,,,,,,,,,,,,,,,,,
Slim 2TB Portable External Hard Drive,Bose Companion Speakers,3TB Portable External Hard Drive,Acer Desktop,,,,,,,,,,,,,,,,,,,,,,,,,,,,
Slim 2TB Portable External Hard Drive,,,,,,,,,,,,,,,,,,,,,,,,,,,,,,,
Acer Aspire,Acer Desktop,Dell 2 Desktop,Ailihen Stereo Headphones,AOC Monitor,3-Button Mouse,ASUS Desktop,Wireless Portable Mouse,HP Desktop,Backlit LED Gaming Keyboard,,,,,,,,,,,,,,,,,,,,,,
Sonos,AOC Monitor,Dell KM117 Wireless Keyboard & Mouse,Slim Wireless Mouse,Dell Laptop,Dell Laptop,DYMO Label Manker  ,,,,,,,,,,,,,,,,,,,,,,,,,
Slim Wireless Mouse,Dell Laptop,,,,,,,,,,,,,,,,,,,,,,,,,,,,,,
CYBERPOWER Gamer Desktop,,,,,,,,,,,,,,,,,,,,,,,,,,,,,,,
AOC Monitor,Logitech 3-button Mouse,,,,,,,,,,,,,,,,,,,,,,,,,,,,,,
Dell Desktop,Acer Desktop,Dell 2 Desktop,Sonos,AOC Monitor,,,,,,,,,,,,,,,,,,,,,,,,,,,
Dell Laptop,,,,,,,,,,,,,,,,,,,,,,,,,,,,,,,
iMac,Epson Printer,3-Button Mouse,Apple TV,,,,,,,,,,,,,,,,,,,,,,,,,,,,
Lenovo Desktop Computer,,,,,,,,,,,,,,,,,,,,,,,,,,,,,,,
Apple Wireless Keyboard,Dell KM117 Wireless Keyboard & Mouse,,,,,,,,,,,,,,,,,,,,,,,,,,,,,,
Apple Earpods,,,,,,,,,,,,,,,,,,,,,,,,,,,,,,,
Alienware Laptop,Logitech MK550 Wireless Wave Keyboard and Mouse Combo,Apple Wireless Keyboard,,,,,,,,,,,,,,,,,,,,,,,,,,,,,
LG Monitor,ViewSonic Monitor,HP Laptop,3-Button Mouse,,,,,,,,,,,,,,,,,,,,,,,,,,,,
Epson Black Ink,Samsung Charging Cable,CYBERPOWER Gamer Desktop,Apple Wireless Keyboard,Apple MacBook Pro,Apple Earpods,Acer Desktop,Rii LED Keyboard,,,,,,,,,,,,,,,,,,,,,,,,
Dell Desktop,Apple Wireless Keyboard,,,,,,,,,,,,,,,,,,,,,,,,,,,,,,
Acer Monitor,Samsung Monitor,Computer Game,HP Laptop,ASUS 2 Monitor,HP Wireless Printer,Epson Black Ink,Koss Home Headphones,CYBERPOWER Gamer Desktop,3-Button Mouse,Computer Game,Apple Earpods,Philips Flexible Earhook Headphone,Dell Laptop,Microsoft Wireless Desktop Keyboard and Mouse,,,,,,,,,,,,,,,,,
Samsung Monitor,Logitech Wireless Mouse,Lenovo Desktop Computer,CYBERPOWER Gamer Desktop,PC Gaming Headset,,,,,,,,,,,,,,,,,,,,,,,,,,,
Apple MacBook Pro,,,,,,,,,,,,,,,,,,,,,,,,,,,,,,,
Samsung Monitor,ASUS Chromebook,Dell Desktop,ViewSonic Monitor,HP Laptop,iMac,Logitech 3-button Mouse,Backlit LED Gaming Keyboard,,,,,,,,,,,,,,,,,,,,,,,,
Slim Wireless Mouse,,,,,,,,,,,,,,,,,,,,,,,,,,,,,,,
Roku Express,,,,,,,,,,,,,,,,,,,,,,,,,,,,,,,
Computer Game,iMac,Apple MacBook Air,Brother Printer,Microsoft Wireless Desktop Keyboard and Mouse,,,,,,,,,,,,,,,,,,,,,,,,,,,
Dell Desktop,iMac,Lenovo Desktop Computer,Sonos,Apple MacBook Pro,Apple Earpods,Brother Printer,iPad Pro ,,,,,,,,,,,,,,,,,,,,,,,,
Computer Game,Full Motion Monitor Mount,,,,,,,,,,,,,,,,,,,,,,,,,,,,,,
iMac,,,,,,,,,,,,,,,,,,,,,,,,,,,,,,,
Apple MacBook Pro,Apple Earpods,2TB Portable External Hard Drive,,,,,,,,,,,,,,,,,,,,,,,,,,,,,
HP Laptop,iMac,Logitech 3-button Mouse,,,,,,,,,,,,,,,,,,,,,,,,,,,,,
Apple Earpods,Apple MacBook Air,iPhone Charger Cable,,,,,,,,,,,,,,,,,,,,,,,,,,,,,
Acer Monitor,HP Laptop,,,,,,,,,,,,,,,,,,,,,,,,,,,,,,
Microsoft Office Home and Student 2016,3-Button Mouse,Brother Printer,,,,,,,,,,,,,,,,,,,,,,,,,,,,,
ASUS 2 Monitor,Apple MacBook Air,,,,,,,,,,,,,,,,,,,,,,,,,,,,,,
ASUS Monitor,Logitech MK550 Wireless Wave Keyboard and Mouse Combo,AOC Monitor,Dell Laptop,iPad,,,,,,,,,,,,,,,,,,,,,,,,,,,
iMac, Intel Desktop ,iPad ,iPad Pro ,JBL Splashproof Portable Bluetooth Speaker,DYMO Labeling Tape ,,,,,,,,,,,,,,,,,,,,,,,,,,
3-Button Mouse,,,,,,,,,,,,,,,,,,,,,,,,,,,,,,,
Dell Desktop,Etekcity Power Extension Cord Cable,,,,,,,,,,,,,,,,,,,,,,,,,,,,,,
Acer Desktop,Apple MacBook Air,,,,,,,,,,,,,,,,,,,,,,,,,,,,,,
HP Laptop,,,,,,,,,,,,,,,,,,,,,,,,,,,,,,,
ViewSonic Monitor,Apple MacBook Air,Dell Laptop,,,,,,,,,,,,,,,,,,,,,,,,,,,,,
HDMI Cable 6ft,Dell Desktop,HP USB Keyboard ,Apple Earpods,Apple MacBook Air,,,,,,,,,,,,,,,,,,,,,,,,,,,
CYBERPOWER Gamer Desktop,,,,,,,,,,,,,,,,,,,,,,,,,,,,,,,
3-Button Mouse,Apple Earpods,,,,,,,,,,,,,,,,,,,,,,,,,,,,,,
HP Monitor,,,,,,,,,,,,,,,,,,,,,,,,,,,,,,,
Microsoft Headset,,,,,,,,,,,,,,,,,,,,,,,,,,,,,,,
Samsung Monitor,ViewSonic Monitor,Logitech Wireless Mouse,Lenovo Desktop Computer,Dell Monitor,Logitech 3-button Mouse,Apple Earpods,iPad,,,,,,,,,,,,,,,,,,,,,,,,
HP Laptop,Epson Black Ink,Apple Wireless Keyboard,Zombie Gaming Headset,,,,,,,,,,,,,,,,,,,,,,,,,,,,
iMac,3-Button Mouse,,,,,,,,,,,,,,,,,,,,,,,,,,,,,,
ViewSonic Monitor,Computer Game,HP Laptop,iMac,,,,,,,,,,,,,,,,,,,,,,,,,,,,
Sonos,,,,,,,,,,,,,,,,,,,,,,,,,,,,,,,
Apple MacBook Air,,,,,,,,,,,,,,,,,,,,,,,,,,,,,,,
Dell Desktop,HP Laptop,Lenovo Desktop Computer,Microsoft Headset,,,,,,,,,,,,,,,,,,,,,,,,,,,,
Acer Aspire,HP Laptop,Logitech Wireless Mouse,Lenovo Desktop Computer,Belkin Mouse Pad,Dell Desktop,Microsoft Office Home and Student 2016,Smart Light Bulb,Sceptre Monitor,,,,,,,,,,,,,,,,,,,,,,,
Dell Laptop,Rokono Mini Speaker,,,,,,,,,,,,,,,,,,,,,,,,,,,,,,
iPad,,,,,,,,,,,,,,,,,,,,,,,,,,,,,,,
Belkin Mouse Pad,Microsoft Basic Optical Mouse,Apple Wireless Keyboard,Apple MacBook Air,Logitech ClearChat Headset,,,,,,,,,,,,,,,,,,,,,,,,,,,
HP Laptop,Cambridge Bluetooth Speaker,Microsoft Office Home and Student 2016,,,,,,,,,,,,,,,,,,,,,,,,,,,,,
Dell Desktop,HP Laptop,Backlit LED Gaming Keyboard,,,,,,,,,,,,,,,,,,,,,,,,,,,,,
Dell Desktop,HP Laptop,Lenovo Desktop Computer,,,,,,,,,,,,,,,,,,,,,,,,,,,,,
Dell Laptop,,,,,,,,,,,,,,,,,,,,,,,,,,,,,,,
Acer Monitor,Samsung Monitor,Dell Desktop,iMac,Lenovo Desktop Computer,Apple Magic Keyboard,AOC Monitor,Rii LED Gaming Keyboard & Mouse Combo ,Etekcity Power Extension Cord Cable,Apple Earpods,Brother Printer,,,,,,,,,,,,,,,,,,,,,
Acer Desktop,Wireless Portable Mouse,iPad,,,,,,,,,,,,,,,,,,,,,,,,,,,,,
Dell Desktop,Logitech MK270 Wireless Keyboard and Mouse Combo,HP Laptop,ASUS 2 Monitor,Slim 2TB Portable External Hard Drive,3-Button Mouse,Monster Beats By Dr Dre,,,,,,,,,,,,,,,,,,,,,,,,,
HDMI Cable 6ft,iMac,AOC Monitor,Apple MacBook Air,,,,,,,,,,,,,,,,,,,,,,,,,,,,
HP Laptop,Koss Home Headphones,Cambridge Bluetooth Speaker,Logitech 3-button Mouse,Halter Acrylic Monitor Stand,,,,,,,,,,,,,,,,,,,,,,,,,,,
Dell Desktop,ViewSonic Monitor,HP Laptop,ASUS 2 Monitor,Lenovo Desktop Computer,Apple Magic Keyboard, Intel Desktop ,Belkin Mouse Pad,Apple MacBook Pro,Backlit LED Gaming Keyboard,,,,,,,,,,,,,,,,,,,,,,
Apple MacBook Air,,,,,,,,,,,,,,,,,,,,,,,,,,,,,,,
ASUS Chromebook,,,,,,,,,,,,,,,,,,,,,,,,,,,,,,,
Eluktronics Pro Gaming Laptop,iMac,Apple Wireless Keyboard,,,,,,,,,,,,,,,,,,,,,,,,,,,,,
iMac,HP Wireless Printer,Slim 2TB Portable External Hard Drive,Zombie Gaming Headset,Halter Mesh Metal Monitor Stand,,,,,,,,,,,,,,,,,,,,,,,,,,,
Kensington Headphones ,ASUS Chromebook,Acer Aspire,Lenovo Desktop Computer,Dell Monitor,3-Button Mouse,Computer Game,Apple Wireless Keyboard,iPad,,,,,,,,,,,,,,,,,,,,,,,
HP Laptop,Lenovo Desktop Computer,AOC Monitor,,,,,,,,,,,,,,,,,,,,,,,,,,,,,
Acer Aspire,HP Laptop,Bose Companion Speakers,CYBERPOWER Gamer Desktop,Rii LED Gaming Keyboard & Mouse Combo ,,,,,,,,,,,,,,,,,,,,,,,,,,,
Samsung Monitor,HP Laptop,CYBERPOWER Gamer Desktop,HP Monitor,,,,,,,,,,,,,,,,,,,,,,,,,,,,
Samsung Monitor,Lenovo Desktop Computer,CYBERPOWER Gamer Desktop,,,,,,,,,,,,,,,,,,,,,,,,,,,,,
LG Monitor,Backlit LED Gaming Keyboard,,,,,,,,,,,,,,,,,,,,,,,,,,,,,,
Dell 2 Desktop,HP Laptop,Lenovo Desktop Computer,Belkin Mouse Pad,Fire HD Tablet,HP Monitor,Zombie Gaming Headset,,,,,,,,,,,,,,,,,,,,,,,,,
Samsung Monitor,Acer Desktop,Dell Wired Keyboard,Cambridge Bluetooth Speaker,3-Button Mouse,Brother Printer Toner,HP USB Keyboard ,Zombie Gaming Headset,,,,,,,,,,,,,,,,,,,,,,,,
Dell 2 Desktop,3-Button Mouse,Dell Desktop,Apple Earpods,Dell Laptop,,,,,,,,,,,,,,,,,,,,,,,,,,,
Samsung Monitor,Monster Beats By Dr Dre,HDMI Cable 6ft,Acer Desktop,Lenovo Desktop Computer,Koss Home Headphones,Panasonic In-Ear Headphone ,CYBERPOWER Gamer Desktop,AOC Monitor,Logitech 3-button Mouse,3-Button Mouse,Apple Earpods,Apple MacBook Air,Backlit LED Gaming Keyboard,Microsoft Wireless Desktop Keyboard and Mouse,,,,,,,,,,,,,,,,,
Cyber Acoustics,,,,,,,,,,,,,,,,,,,,,,,,,,,,,,,
HP Laptop,Logitech ClearChat Headset,,,,,,,,,,,,,,,,,,,,,,,,,,,,,,
Samsung Monitor,ASUS Chromebook,Eluktronics Pro Gaming Laptop,HP Laptop,iMac,ASUS Monitor,Microsoft Office Home and Student 2016,iPad ,Samsung Charging Cable,Apple MacBook Air,,,,,,,,,,,,,,,,,,,,,,
HP Laptop,ASUS 2 Monitor,Computer Game,Panasonic On-Ear Stereo Headphones,Halter Acrylic Monitor Stand,,,,,,,,,,,,,,,,,,,,,,,,,,,
Acer Monitor,Samsung Monitor,LG Monitor,Acer Desktop,Computer Game,iMac,Microsoft Office Home and Student 2016,Logitech 3-button Mouse,Brother Printer,Backlit LED Gaming Keyboard,,,,,,,,,,,,,,,,,,,,,,
Samsung Monitor,,,,,,,,,,,,,,,,,,,,,,,,,,,,,,,
Bose Companion Speakers,Logitech 3-button Mouse,Fire HD Tablet,Apple Wireless Keyboard,Apple Earpods,Apple TV,,,,,,,,,,,,,,,,,,,,,,,,,,
iMac,ASUS Monitor,,,,,,,,,,,,,,,,,,,,,,,,,,,,,,
Acer Desktop,iPad Pro ,,,,,,,,,,,,,,,,,,,,,,,,,,,,,,
Monster Beats By Dr Dre,HP Wireless Printer,Microsoft Office Home and Student 2016,Apple Earpods,Apple TV,Microsoft Wireless Desktop Keyboard and Mouse,,,,,,,,,,,,,,,,,,,,,,,,,,
APIE Bluetooth Headphone,Apple MacBook Pro,Apple Earpods,Large Mouse Pad,,,,,,,,,,,,,,,,,,,,,,,,,,,,
iMac,Apple Magic Keyboard, Intel Desktop ,Apple Earpods,,,,,,,,,,,,,,,,,,,,,,,,,,,,
HP Wireless Mouse,HP Laptop,,,,,,,,,,,,,,,,,,,,,,,,,,,,,,
HP Wireless Printer,ASUS Desktop,,,,,,,,,,,,,,,,,,,,,,,,,,,,,,
LG Monitor,ASUS Chromebook,Apple Earpods,Apple MacBook Air,,,,,,,,,,,,,,,,,,,,,,,,,,,,
ASUS Chromebook,ViewSonic Monitor,Logitech Wireless Mouse,iMac,CYBERPOWER Gamer Desktop,3-Button Mouse,Etekcity Power Extension Cord Cable,Apple MacBook Pro,Apple Earpods,Apple MacBook Air,,,,,,,,,,,,,,,,,,,,,,
Apple Earpods,Eluktronics Pro Gaming Laptop,,,,,,,,,,,,,,,,,,,,,,,,,,,,,,
APIE Bluetooth Headphone,Apple Wireless Keyboard,Apple MacBook Air,,,,,,,,,,,,,,,,,,,,,,,,,,,,,
ViewSonic Monitor,Apple Magic Keyboard,,,,,,,,,,,,,,,,,,,,,,,,,,,,,,
Dell Desktop,Acer Desktop,iMac,Lenovo Desktop Computer,Cambridge Bluetooth Speaker,CYBERPOWER Gamer Desktop,Apple Earpods,iPad,Multi Media Stand,,,,,,,,,,,,,,,,,,,,,,,
HP Wireless Mouse,ViewSonic Monitor,HP Laptop,iMac,Epson Printer,CYBERPOWER Gamer Desktop,Belkin Mouse Pad,Apple Earpods,,,,,,,,,,,,,,,,,,,,,,,,
Apple Earpods,Acer Desktop,,,,,,,,,,,,,,,,,,,,,,,,,,,,,,
HP Wireless Mouse,ViewSonic Monitor,,,,,,,,,,,,,,,,,,,,,,,,,,,,,,
Dell Desktop,Lenovo Desktop Computer,Slim 2TB Portable External Hard Drive,Bose Companion Speakers,HP Monitor,Brother Printer,,,,,,,,,,,,,,,,,,,,,,,,,,
Slim 2TB Portable External Hard Drive,HP Desktop,,,,,,,,,,,,,,,,,,,,,,,,,,,,,,
Computer Game,,,,,,,,,,,,,,,,,,,,,,,,,,,,,,,
iMac,Apple MacBook Air,Philips Flexible Earhook Headphone,,,,,,,,,,,,,,,,,,,,,,,,,,,,,
HP Wireless Mouse,Apple Earpods,,,,,,,,,,,,,,,,,,,,,,,,,,,,,,
Dell Desktop,Lenovo Desktop Computer,Logitech Keyboard,Microsoft Office Home and Student 2016,Logitech Multimedia Speakers,,,,,,,,,,,,,,,,,,,,,,,,,,,
Acer Aspire,Apple MacBook Pro,JBL Splashproof Portable Bluetooth Speaker,,,,,,,,,,,,,,,,,,,,,,,,,,,,,
Brother Printer Toner,Apple MacBook Air,iPhone Charger Cable,,,,,,,,,,,,,,,,,,,,,,,,,,,,,
Dell Desktop,HP Laptop,ASUS 2 Monitor,HP Wireless Printer,Panasonic In-Ear Headphone ,AOC Monitor,Apple Earpods,HP Monitor,,,,,,,,,,,,,,,,,,,,,,,,
Eluktronics Pro Gaming Laptop,Acer Aspire,Dell Desktop,iMac,Lenovo Desktop Computer,Logitech 3-button Mouse,iPad Pro ,Microsoft Wireless Desktop Keyboard and Mouse,,,,,,,,,,,,,,,,,,,,,,,,
Samsung Monitor,Eluktronics Pro Gaming Laptop,iMac,HP Wireless Printer,CYBERPOWER Gamer Desktop,Dell Laptop,Zombie Gaming Headset,,,,,,,,,,,,,,,,,,,,,,,,,
Dell Desktop,HP Laptop,3-Button Mouse,ASUS Desktop,Wireless Portable Mouse,Dell Laptop,HP Desktop,Microsoft Wireless Desktop Keyboard and Mouse,,,,,,,,,,,,,,,,,,,,,,,,
ASUS 2 Monitor,,,,,,,,,,,,,,,,,,,,,,,,,,,,,,,
Dell Desktop,Lenovo Desktop Computer,CYBERPOWER Gamer Desktop,,,,,,,,,,,,,,,,,,,,,,,,,,,,,
Dell Desktop,HP Laptop,Microsoft Basic Optical Mouse,,,,,,,,,,,,,,,,,,,,,,,,,,,,,
iMac,Apple Magic Keyboard,3-Button Mouse,Slim Wireless Mouse,ASUS Desktop,Microsoft Headset,,,,,,,,,,,,,,,,,,,,,,,,,,
3TB Portable External Hard Drive,,,,,,,,,,,,,,,,,,,,,,,,,,,,,,,
 Intel Desktop ,Apple Wired Keyboard,,,,,,,,,,,,,,,,,,,,,,,,,,,,,,
CYBERPOWER Gamer Desktop,HP Desktop,,,,,,,,,,,,,,,,,,,,,,,,,,,,,,
Otium Wireless Sports Bluetooth Headphone,Dell Desktop,HP Laptop,iPad,,,,,,,,,,,,,,,,,,,,,,,,,,,,
Logitech 3-button Mouse,Samsung Charging Cable,APIE Bluetooth Headphone,,,,,,,,,,,,,,,,,,,,,,,,,,,,,
Apple Earpods,,,,,,,,,,,,,,,,,,,,,,,,,,,,,,,
Bose Companion Speakers,Logitech 3-button Mouse,Apple Wireless Keyboard,Microsoft Wireless Desktop Keyboard and Mouse,,,,,,,,,,,,,,,,,,,,,,,,,,,,
Acer Monitor,Samsung Monitor,iMac,Microsoft Headset,,,,,,,,,,,,,,,,,,,,,,,,,,,,
Otium Wireless Sports Bluetooth Headphone,HP Wireless Mouse,ViewSonic Monitor,HP Laptop,iMac,Apple Magic Keyboard,CYBERPOWER Gamer Desktop,Gaming Mouse Professional,Apple TV,iPad Pro ,Epson Black Ink,,,,,,,,,,,,,,,,,,,,,
iMac,,,,,,,,,,,,,,,,,,,,,,,,,,,,,,,
Samsung Monitor,Eluktronics Pro Gaming Laptop,Logitech Wireless Mouse,iMac,Dell Wired Keyboard,Epson Printer,CYBERPOWER Gamer Desktop,AOC Monitor,Logitech Multimedia Speakers,ASUS Desktop,DYMO Labeling Tape ,Rokono Mini Speaker,,,,,,,,,,,,,,,,,,,,
HP Black & Tri-color Ink ,HP Laptop,Panasonic In-Ear Headphone , Intel Desktop ,Lenovo Desktop Computer,Etekcity Power Extension Cord Cable,Belkin Mouse Pad,HP Monitor,Apple MacBook Air,Microsoft Headset,Brother Printer,,,,,,,,,,,,,,,,,,,,,
iMac,Alienware Laptop,,,,,,,,,,,,,,,,,,,,,,,,,,,,,,
HP Laptop,,,,,,,,,,,,,,,,,,,,,,,,,,,,,,,
Logitech 3-button Mouse,HDMI Adapter,HP Monitor,,,,,,,,,,,,,,,,,,,,,,,,,,,,,
Apple Magic Keyboard,,,,,,,,,,,,,,,,,,,,,,,,,,,,,,,
HP Laptop,Smart Light Bulb,iPad Pro ,,,,,,,,,,,,,,,,,,,,,,,,,,,,,
LG Monitor,Dell Desktop,iMac,CYBERPOWER Gamer Desktop,Dell Laptop,Backlit LED Gaming Keyboard,,,,,,,,,,,,,,,,,,,,,,,,,,
Etekcity Power Extension Cord Cable,,,,,,,,,,,,,,,,,,,,,,,,,,,,,,,
iMac,Apple MacBook Pro,,,,,,,,,,,,,,,,,,,,,,,,,,,,,,
Logitech MK270 Wireless Keyboard and Mouse Combo,ViewSonic Monitor,iMac,ASUS 2 Monitor,Apple Magic Keyboard,HDMI Adapter,,,,,,,,,,,,,,,,,,,,,,,,,,
Monster Beats By Dr Dre,LG Monitor,Acer Aspire,HP Laptop,Lenovo Desktop Computer,Acer Desktop,,,,,,,,,,,,,,,,,,,,,,,,,,
CYBERPOWER Gamer Desktop,,,,,,,,,,,,,,,,,,,,,,,,,,,,,,,
Acer Aspire,Dell Desktop,Computer Game,iMac,Microsoft Office Home and Student 2016,Redragon Gaming Mouse,,,,,,,,,,,,,,,,,,,,,,,,,,
Samsung Monitor,iMac,,,,,,,,,,,,,,,,,,,,,,,,,,,,,,
3-Button Mouse,HDMI Adapter,,,,,,,,,,,,,,,,,,,,,,,,,,,,,,
Slim 2TB Portable External Hard Drive,Apple MacBook Pro,ASUS Desktop,,,,,,,,,,,,,,,,,,,,,,,,,,,,,
Slim 2TB Portable External Hard Drive,Logitech 3-button Mouse,3-Button Mouse,Apple Earpods,Backlit LED Gaming Keyboard,Microsoft Wireless Desktop Keyboard and Mouse,,,,,,,,,,,,,,,,,,,,,,,,,,
HP Laptop,iMac,Logitech 3-button Mouse,Redragon Gaming Mouse,Microsoft Headset,iPad Pro ,,,,,,,,,,,,,,,,,,,,,,,,,,
Dell Desktop,Logitech Wireless Mouse,Panasonic In-Ear Headphone ,,,,,,,,,,,,,,,,,,,,,,,,,,,,,
ASUS Chromebook,ViewSonic Monitor,AOC Monitor,Apple Earpods,,,,,,,,,,,,,,,,,,,,,,,,,,,,
Logitech Keyboard,Belkin Mouse Pad,Ethernet Cable,Apple Earpods,Microsoft Wireless Desktop Keyboard and Mouse,,,,,,,,,,,,,,,,,,,,,,,,,,,
Apple Earpods,,,,,,,,,,,,,,,,,,,,,,,,,,,,,,,
LG Monitor,ViewSonic Monitor,Apple MacBook Pro,Apple Earpods,Apple MacBook Air,,,,,,,,,,,,,,,,,,,,,,,,,,,
CYBERPOWER Gamer Desktop,Apple MacBook Pro,DYMO Label Manker  ,Microsoft Wireless Desktop Keyboard and Mouse,,,,,,,,,,,,,,,,,,,,,,,,,,,,
Microsoft Office Home and Student 2016,Slim Wireless Mouse,Microsoft Wireless Comfort Keyboard and Mouse,iPad Pro ,,,,,,,,,,,,,,,,,,,,,,,,,,,,
iMac,HDMI Adapter,Halter Acrylic Monitor Stand,Wireless Portable Mouse,,,,,,,,,,,,,,,,,,,,,,,,,,,,
iPad,,,,,,,,,,,,,,,,,,,,,,,,,,,,,,,
LG Monitor,HP Laptop,ASUS 2 Monitor,Apple Magic Keyboard,Logitech 3-button Mouse,Etekcity Power Extension Cord Cable,Dell Desktop,iPhone Charger Cable,Slim Wireless Mouse,,,,,,,,,,,,,,,,,,,,,,,
Acer Monitor,Otium Wireless Sports Bluetooth Headphone,Acer Desktop,Sonos,Logitech 3-button Mouse,Microsoft Basic Optical Mouse,HDMI Adapter,Halter Acrylic Monitor Stand,iPhone Charger Cable,Wireless Portable Mouse,Backlit LED Gaming Keyboard,,,,,,,,,,,,,,,,,,,,,
HDMI Cable 6ft,Bose Companion Speakers,,,,,,,,,,,,,,,,,,,,,,,,,,,,,,
Slim Wireless Mouse,,,,,,,,,,,,,,,,,,,,,,,,,,,,,,,
iMac,Rii LED Keyboard,,,,,,,,,,,,,,,,,,,,,,,,,,,,,,
Apple MacBook Air,,,,,,,,,,,,,,,,,,,,,,,,,,,,,,,
Backlit LED Gaming Keyboard,,,,,,,,,,,,,,,,,,,,,,,,,,,,,,,
Logitech MK550 Wireless Wave Keyboard and Mouse Combo,CYBERPOWER Gamer Desktop,Dell Desktop,iPad,,,,,,,,,,,,,,,,,,,,,,,,,,,,
Dell Desktop,ViewSonic Monitor,iMac,ASUS Monitor,Dell Laptop,,,,,,,,,,,,,,,,,,,,,,,,,,,
Lenovo Desktop Computer,Belkin Mouse Pad,HP Monitor,Microsoft Wireless Desktop Keyboard and Mouse,,,,,,,,,,,,,,,,,,,,,,,,,,,,
Dell Desktop,iMac,Dell Wired Keyboard,Logitech 3-button Mouse,Rii LED Gaming Keyboard & Mouse Combo ,Dell Desktop,Samsung Charging Cable,APIE Bluetooth Headphone,,,,,,,,,,,,,,,,,,,,,,,,
iMac,Lenovo Desktop Computer,,,,,,,,,,,,,,,,,,,,,,,,,,,,,,
Sonos,Apple MacBook Air,,,,,,,,,,,,,,,,,,,,,,,,,,,,,,
Apple MacBook Air,,,,,,,,,,,,,,,,,,,,,,,,,,,,,,,
Acer Aspire,Backlit LED Gaming Keyboard,,,,,,,,,,,,,,,,,,,,,,,,,,,,,,
Eluktronics Pro Gaming Laptop,Acer Aspire,iMac,ASUS Monitor,Lenovo Desktop Computer,Redragon Gaming Mouse,Brother Printer,Microsoft Wireless Desktop Keyboard and Mouse,,,,,,,,,,,,,,,,,,,,,,,,
Ailihen Stereo Headphones,Dell Desktop,Rii LED Keyboard,Logitech ClearChat Headset,iPad,,,,,,,,,,,,,,,,,,,,,,,,,,,
Epson Printer,,,,,,,,,,,,,,,,,,,,,,,,,,,,,,,
Dell Desktop,iMac,Apple Earpods,Dell KM117 Wireless Keyboard & Mouse,,,,,,,,,,,,,,,,,,,,,,,,,,,,
Acer Aspire,Computer Game,Lenovo Desktop Computer,Panasonic In-Ear Headphone ,CYBERPOWER Gamer Desktop,Apple MacBook Air,Microsoft Wireless Desktop Keyboard and Mouse,,,,,,,,,,,,,,,,,,,,,,,,,
Samsung Monitor,HP Laptop,ASUS 2 Monitor,Lenovo Desktop Computer,Koss Home Headphones,Logitech 3-button Mouse,HP Monitor,Microsoft Headset,,,,,,,,,,,,,,,,,,,,,,,,
Apple Magic Keyboard,Epson Printer,Brother Printer,,,,,,,,,,,,,,,,,,,,,,,,,,,,,
Samsung Monitor,Logitech Wireless Mouse,iMac,HP Wireless Printer,Slim 2TB Portable External Hard Drive,Epson Printer,Microsoft Office Home and Student 2016,Logitech 3-button Mouse,3-Button Mouse,Belkin Mouse Pad,Fire HD Tablet,Apple Wireless Keyboard,Apple Earpods,Apple MacBook Air,,,,,,,,,,,,,,,,,,
Lenovo Desktop Computer,Slim 2TB Portable External Hard Drive,Cambridge Bluetooth Speaker,ASUS Desktop,,,,,,,,,,,,,,,,,,,,,,,,,,,,
3-Button Mouse,Apple Earpods,,,,,,,,,,,,,,,,,,,,,,,,,,,,,,
LG Monitor,AOC Monitor,,iPad Pro ,,,,,,,,,,,,,,,,,,,,,,,,,,,,
ASUS 2 Monitor,HP USB Keyboard ,Apple MacBook Air,,,,,,,,,,,,,,,,,,,,,,,,,,,,,
Samsung Monitor,CYBERPOWER Gamer Desktop,Apple Earpods,,,,,,,,,,,,,,,,,,,,,,,,,,,,,
Samsung Monitor,CYBERPOWER Gamer Desktop,HP Monitor,,,,,,,,,,,,,,,,,,,,,,,,,,,,,
Dell 2 Desktop,3-Button Mouse,PC Gaming Headset,Microsoft Wireless Desktop Keyboard and Mouse,,,,,,,,,,,,,,,,,,,,,,,,,,,,
ViewSonic Monitor,HP Black & Tri-color Ink ,HP Laptop,iPad,PC Gaming Headset,Microsoft Wireless Desktop Keyboard and Mouse,,,,,,,,,,,,,,,,,,,,,,,,,,
CYBERPOWER Gamer Desktop,,,,,,,,,,,,,,,,,,,,,,,,,,,,,,,
Microsoft Office Home and Student 2016,Apple Earpods,Rii LED Keyboard,,,,,,,,,,,,,,,,,,,,,,,,,,,,,
Samsung Charging Cable,CYBERPOWER Gamer Desktop,Apple Wireless Keyboard,Apple Earpods,Wireless Portable Mouse,,,,,,,,,,,,,,,,,,,,,,,,,,,
ASUS 2 Monitor,CYBERPOWER Gamer Desktop,ASUS Desktop,,,,,,,,,,,,,,,,,,,,,,,,,,,,,
Brother Printer,,,,,,,,,,,,,,,,,,,,,,,,,,,,,,,
Apple Wired Keyboard,CYBERPOWER Gamer Desktop,Halter Acrylic Monitor Stand,,,,,,,,,,,,,,,,,,,,,,,,,,,,,
Dell 2 Desktop,Lenovo Desktop Computer,Acer Desktop,Apple MacBook Air,iPhone Charger Cable,Rii LED Keyboard,,,,,,,,,,,,,,,,,,,,,,,,,,
Apple Wireless Keyboard,Apple Earpods,,,,,,,,,,,,,,,,,,,,,,,,,,,,,,
HP Laptop,iMac,CYBERPOWER Gamer Desktop,,,,,,,,,,,,,,,,,,,,,,,,,,,,,
Acer Monitor,HP Laptop,iMac,Apple Wireless Keyboard,Brother Printer,,,,,,,,,,,,,,,,,,,,,,,,,,,
Samsung Monitor,Acer Aspire,iMac,3-Button Mouse,Apple MacBook Pro,Apple Earpods,Apple MacBook Air,Apple MacBook Air,,,,,,,,,,,,,,,,,,,,,,,,
Sonos,,,,,,,,,,,,,,,,,,,,,,,,,,,,,,,
Acer Monitor,Koss Home Headphones,CYBERPOWER Gamer Desktop,Apple MacBook Air,,,,,,,,,,,,,,,,,,,,,,,,,,,,
HP Wireless Printer,HP Monitor,ASUS Desktop,Wireless Portable Mouse,,,,,,,,,,,,,,,,,,,,,,,,,,,,
HDMI Cable 6ft,,,,,,,,,,,,,,,,,,,,,,,,,,,,,,,
Brother Printer Toner,ASUS Desktop,Wireless Portable Mouse,Zombie Gaming Headset,Backlit LED Gaming Keyboard,Microsoft Wireless Desktop Keyboard and Mouse,,,,,,,,,,,,,,,,,,,,,,,,,,
iMac,Apple Magic Keyboard,,,,,,,,,,,,,,,,,,,,,,,,,,,,,,
ViewSonic Monitor,Lenovo Desktop Computer,Redragon Gaming Mouse,Apple Wireless Keyboard,DYMO Labeling Tape ,,,,,,,,,,,,,,,,,,,,,,,,,,,
ASUS Chromebook,CYBERPOWER Gamer Desktop,Apple MacBook Air,iPad Pro ,,,,,,,,,,,,,,,,,,,,,,,,,,,,
Acer Aspire,Acer Desktop,AOC Monitor,Logitech 3-button Mouse,3-Button Mouse,Wireless Portable Mouse,,,,,,,,,,,,,,,,,,,,,,,,,,
Acer Aspire,,,,,,,,,,,,,,,,,,,,,,,,,,,,,,,
Apple MacBook Pro,,,,,,,,,,,,,,,,,,,,,,,,,,,,,,,
LG Monitor,HP Laptop,iMac,Lenovo Desktop Computer,Ailihen Stereo Headphones,CYBERPOWER Gamer Desktop,iPad ,Rii LED Gaming Keyboard & Mouse Combo ,Audio Cable,Dell Desktop,Apple MacBook Pro,Apple Earpods,,,,,,,,,,,,,,,,,,,,
Acer Monitor,iMac,Fire HD Tablet,Microsoft Headset,,,,,,,,,,,,,,,,,,,,,,,,,,,,
Dell 2 Desktop,ViewSonic Monitor,iMac,,,,,,,,,,,,,,,,,,,,,,,,,,,,,
Apple MacBook Air,iPhone Charger Cable,,,,,,,,,,,,,,,,,,,,,,,,,,,,,,
HDMI Cable 6ft,Lenovo Desktop Computer,DYMO Labeling Tape ,,,,,,,,,,,,,,,,,,,,,,,,,,,,,
iMac,Belkin Mouse Pad,,,,,,,,,,,,,,,,,,,,,,,,,,,,,,
Apple Wireless Keyboard,,,,,,,,,,,,,,,,,,,,,,,,,,,,,,,
HP Wireless Mouse,ASUS Chromebook,Dell Desktop,Dell 2 Desktop,Epson Printer,3TB Portable External Hard Drive,JBL Splashproof Portable Bluetooth Speaker,,,,,,,,,,,,,,,,,,,,,,,,,
Acer Monitor,CYBERPOWER Gamer Desktop,Dell Laptop,,,,,,,,,,,,,,,,,,,,,,,,,,,,,
ASUS Chromebook,ASUS Monitor,,,,,,,,,,,,,,,,,,,,,,,,,,,,,,
Apple MacBook Air,,,,,,,,,,,,,,,,,,,,,,,,,,,,,,,
CYBERPOWER Gamer Desktop,,,,,,,,,,,,,,,,,,,,,,,,,,,,,,,
iMac,Apple Earpods,,,,,,,,,,,,,,,,,,,,,,,,,,,,,,
Acer Desktop,iMac,,,,,,,,,,,,,,,,,,,,,,,,,,,,,,
Apple Earpods,,,,,,,,,,,,,,,,,,,,,,,,,,,,,,,
Apple MacBook Air,,,,,,,,,,,,,,,,,,,,,,,,,,,,,,,
Acer Monitor,CYBERPOWER Gamer Desktop,Apple Earpods,HP Desktop,,,,,,,,,,,,,,,,,,,,,,,,,,,,
Samsung Monitor,,,,,,,,,,,,,,,,,,,,,,,,,,,,,,,
HP Laptop,,,,,,,,,,,,,,,,,,,,,,,,,,,,,,,
Apple Earpods,PC Gaming Headset,,,,,,,,,,,,,,,,,,,,,,,,,,,,,,
Computer Game,iMac,Microsoft Office Home and Student 2016,Dell Desktop,Brother Printer,Roku Express,,,,,,,,,,,,,,,,,,,,,,,,,,
ViewSonic Monitor,HP Laptop,Lenovo Desktop Computer,Dell Wired Keyboard,Microsoft Basic Optical Mouse,Backlit LED Gaming Keyboard,,,,,,,,,,,,,,,,,,,,,,,,,,
HP Laptop,,,,,,,,,,,,,,,,,,,,,,,,,,,,,,,
Microsoft Headset,Dell Laptop,,,,,,,,,,,,,,,,,,,,,,,,,,,,,,
HP Monitor,,,,,,,,,,,,,,,,,,,,,,,,,,,,,,,
LG Monitor,Dell 2 Desktop,Computer Game,,,,,,,,,,,,,,,,,,,,,,,,,,,,,
HP Wireless Printer,Apple Wired Keyboard,3-Button Mouse,Apple Earpods,PC Gaming Headset,,,,,,,,,,,,,,,,,,,,,,,,,,,
Rii LED Gaming Keyboard & Mouse Combo ,Dell Desktop,,,,,,,,,,,,,,,,,,,,,,,,,,,,,,
Dell Desktop,Acer Desktop,iMac,Etekcity Power Extension Cord Cable,,,,,,,,,,,,,,,,,,,,,,,,,,,,
Acer Desktop,Dell 2 Desktop,Lenovo Desktop Computer,,,,,,,,,,,,,,,,,,,,,,,,,,,,,
Lenovo Desktop Computer,Belkin Mouse Pad,,,,,,,,,,,,,,,,,,,,,,,,,,,,,,
Sonos,,,,,,,,,,,,,,,,,,,,,,,,,,,,,,,
3-Button Mouse,,,,,,,,,,,,,,,,,,,,,,,,,,,,,,,
iMac,Generic Black 3-Button,,,,,,,,,,,,,,,,,,,,,,,,,,,,,,
Acer Aspire,Logitech Wireless Mouse,Lenovo Desktop Computer,LG Touchscreen Laptop,ASUS Desktop,,,,,,,,,,,,,,,,,,,,,,,,,,,
Computer Game,Apple Magic Keyboard,Apple Wireless Keyboard,HP Monitor,Halter Mesh Metal Monitor Stand,,,,,,,,,,,,,,,,,,,,,,,,,,,
Dell 2 Desktop,ASUS Monitor,Microsoft Office Home and Student 2016,Apple Earpods,Dell KM117 Wireless Keyboard & Mouse,,,,,,,,,,,,,,,,,,,,,,,,,,,
Dell Desktop,,,,,,,,,,,,,,,,,,,,,,,,,,,,,,,
Apple MacBook Pro,LG Touchscreen Laptop,,,,,,,,,,,,,,,,,,,,,,,,,,,,,,
iMac,Belkin Mouse Pad,,,,,,,,,,,,,,,,,,,,,,,,,,,,,,
Bose Companion Speakers,,,,,,,,,,,,,,,,,,,,,,,,,,,,,,,
LG Monitor,iMac,AOC Monitor,3-Button Mouse,Audio Cable,Fire TV Stick,2TB Portable External Hard Drive,,,,,,,,,,,,,,,,,,,,,,,,,
3-Button Mouse,Apple Earpods,,,,,,,,,,,,,,,,,,,,,,,,,,,,,,
HP Laptop,iMac,Logitech MK550 Wireless Wave Keyboard and Mouse Combo,ASUS Desktop,Dell Laptop,Brother Printer,,,,,,,,,,,,,,,,,,,,,,,,,,
Cambridge Bluetooth Speaker,Apple Earpods,,,,,,,,,,,,,,,,,,,,,,,,,,,,,,
ViewSonic Monitor,iMac,ASUS 2 Monitor,,,,,,,,,,,,,,,,,,,,,,,,,,,,,
Apple Earpods,,,,,,,,,,,,,,,,,,,,,,,,,,,,,,,
HP Wireless Mouse,ViewSonic Monitor,HP Black & Tri-color Ink ,HP Laptop,Apple MacBook Air,Large Mouse Pad,Microsoft Wireless Desktop Keyboard and Mouse,,,,,,,,,,,,,,,,,,,,,,,,,
HP Wireless Printer,Cambridge Bluetooth Speaker,Apple Earpods,PC Gaming Headset,,,,,,,,,,,,,,,,,,,,,,,,,,,,
Samsung Monitor,HP Desktop,,,,,,,,,,,,,,,,,,,,,,,,,,,,,,
HP Laptop,iMac,Lenovo Desktop Computer,Slim 2TB Portable External Hard Drive,Logitech MK550 Wireless Wave Keyboard and Mouse Combo,HP Monitor,,,,,,,,,,,,,,,,,,,,,,,,,,
Apple Earpods,HP Monitor,,,,,,,,,,,,,,,,,,,,,,,,,,,,,,
ASUS Chromebook,Redragon Gaming Mouse,Backlit LED Gaming Keyboard,,,,,,,,,,,,,,,,,,,,,,,,,,,,,
Dell 2 Desktop,Logitech Wireless Mouse,Lenovo Desktop Computer,CYBERPOWER Gamer Desktop,Acer Desktop,,,,,,,,,,,,,,,,,,,,,,,,,,,
HDMI Cable 6ft,iMac,CYBERPOWER Gamer Desktop,Apple MacBook Pro,LG Touchscreen Laptop,,,,,,,,,,,,,,,,,,,,,,,,,,,
Acer Aspire,Apple Magic Keyboard,,,,,,,,,,,,,,,,,,,,,,,,,,,,,,
Dell 2 Desktop,Apple Magic Keyboard,Microsoft Office Home and Student 2016,,,,,,,,,,,,,,,,,,,,,,,,,,,,,
Otium Wireless Sports Bluetooth Headphone,HP Wireless Mouse,HP Laptop,iMac,,,,,,,,,,,,,,,,,,,,,,,,,,,,
Apple Wireless Keyboard,Apple Earpods,Apple MacBook Air,,,,,,,,,,,,,,,,,,,,,,,,,,,,,
ASUS Desktop,,,,,,,,,,,,,,,,,,,,,,,,,,,,,,,
iMac,Slim 2TB Portable External Hard Drive,Logitech 3-button Mouse,3-Button Mouse,Dell Laptop,,,,,,,,,,,,,,,,,,,,,,,,,,,
ViewSonic Monitor,iMac,Lenovo Desktop Computer,Logitech 3-button Mouse,3-Button Mouse,Dell Laptop,iPad,,,,,,,,,,,,,,,,,,,,,,,,,
LG Monitor,ViewSonic Monitor,Mackie CR Speakers,EagleTec Wireless Combo Keyboard and Mouse,Brother Printer,Backlit LED Gaming Keyboard,Microsoft Wireless Desktop Keyboard and Mouse,,,,,,,,,,,,,,,,,,,,,,,,,
Lenovo Desktop Computer,Microsoft Office Home and Student 2016,,,,,,,,,,,,,,,,,,,,,,,,,,,,,,
Apple Earpods,,,,,,,,,,,,,,,,,,,,,,,,,,,,,,,
Acer Monitor,Samsung Monitor,Logitech 3-button Mouse,Halter Acrylic Monitor Stand,Apple MacBook Pro,Apple MacBook Air,Sceptre Monitor,,,,,,,,,,,,,,,,,,,,,,,,,
Rokono Mini Speaker,,,,,,,,,,,,,,,,,,,,,,,,,,,,,,,
Dell Desktop,HP Wireless Printer,Koss Home Headphones,Logitech 3-button Mouse,Microsoft Wireless Desktop Keyboard and Mouse,,,,,,,,,,,,,,,,,,,,,,,,,,,
HP Wireless Mouse,Lenovo Desktop Computer, Intel Desktop ,Google Home,Belkin Mouse Pad,Full Motion Monitor Mount,Apple Earpods,iPad,Brother Printer,JBL Splashproof Portable Bluetooth Speaker,,,,,,,,,,,,,,,,,,,,,,
Apple Earpods,Apple MacBook Air,Microsoft Wireless Desktop Keyboard and Mouse,,,,,,,,,,,,,,,,,,,,,,,,,,,,,
Samsung Monitor,iMac,Apple MacBook Air,,,,,,,,,,,,,,,,,,,,,,,,,,,,,
Acer Aspire,ViewSonic Monitor,HP Laptop,Sonos,,,,,,,,,,,,,,,,,,,,,,,,,,,,
3-Button Mouse,,,,,,,,,,,,,,,,,,,,,,,,,,,,,,,
ViewSonic Monitor,iMac,ASUS Monitor,Mackie CR Speakers,Apple MacBook Pro,Apple Earpods,Apple MacBook Air,LG Touchscreen Laptop,Dell Laptop,Zombie Gaming Headset,iPhone Charger Cable,Sceptre Monitor,,,,,,,,,,,,,,,,,,,,
Logitech MK550 Wireless Wave Keyboard and Mouse Combo,Cyber Acoustics,Full Motion Monitor Mount,Halter Acrylic Monitor Stand,Apple Earpods,,,,,,,,,,,,,,,,,,,,,,,,,,,
ASUS 2 Monitor,Rii LED Gaming Keyboard & Mouse Combo ,Apple MacBook Air,,,,,,,,,,,,,,,,,,,,,,,,,,,,,
Dell 2 Desktop,Apple Magic Keyboard,Apple Wireless Keyboard,Apple MacBook Pro,Apple Earpods,LG Touchscreen Laptop,Slim Wireless Mouse,Brother Printer,,,,,,,,,,,,,,,,,,,,,,,,
Redragon Gaming Mouse,Apple MacBook Air,Dell Laptop,Brother Printer,iPad Pro ,Microsoft Wireless Desktop Keyboard and Mouse,,,,,,,,,,,,,,,,,,,,,,,,,,
Apple MacBook Pro,,,,,,,,,,,,,,,,,,,,,,,,,,,,,,,
Apple Earpods,Monster Beats By Dr Dre,Halter Mesh Metal Monitor Stand,,,,,,,,,,,,,,,,,,,,,,,,,,,,,
HP Monitor,Brother Printer,iPad Pro ,,,,,,,,,,,,,,,,,,,,,,,,,,,,,
Logitech 3-button Mouse,,,,,,,,,,,,,,,,,,,,,,,,,,,,,,,
Acer Aspire,ViewSonic Monitor,iMac,ASUS 2 Monitor,,,,,,,,,,,,,,,,,,,,,,,,,,,,
Apple Magic Keyboard,Epson Printer,Backlit LED Gaming Keyboard,,,,,,,,,,,,,,,,,,,,,,,,,,,,,
Lenovo Desktop Computer,Panasonic In-Ear Headphone ,Cambridge Bluetooth Speaker,,,,,,,,,,,,,,,,,,,,,,,,,,,,,
HP Wireless Mouse,HP Laptop,,,,,,,,,,,,,,,,,,,,,,,,,,,,,,
Rokono Mini Speaker,,,,,,,,,,,,,,,,,,,,,,,,,,,,,,,
Samsung Monitor,Acer Aspire,Dell Desktop,Acer Desktop,Logitech MK270 Wireless Keyboard and Mouse Combo,Apple MacBook Pro,Apple Earpods,Apple MacBook Air,Rii LED Keyboard,,,,,,,,,,,,,,,,,,,,,,,
Dell Desktop,Fire HD Tablet,Samsung Charging Cable,,,,,,,,,,,,,,,,,,,,,,,,,,,,,
iMac,Belkin Mouse Pad,Apple Earpods,iPad Pro ,Rokono Mini Speaker,,,,,,,,,,,,,,,,,,,,,,,,,,,
ASUS Monitor,ASUS 2 Monitor,,,,,,,,,,,,,,,,,,,,,,,,,,,,,,
Acer Aspire,Dell Desktop,Acer Desktop,Bose Companion Speakers,Ailihen Stereo Headphones,Apple Earpods,HP Monitor,Brother Printer,iPad Pro ,,,,,,,,,,,,,,,,,,,,,,,
LG Monitor,,,,,,,,,,,,,,,,,,,,,,,,,,,,,,,
Ailihen Stereo Headphones,,,,,,,,,,,,,,,,,,,,,,,,,,,,,,,
ASUS Chromebook,,,,,,,,,,,,,,,,,,,,,,,,,,,,,,,
HP Laptop,Bose Companion Speakers,Full Motion Monitor Mount,Apple MacBook Pro,Rii LED Keyboard,Microsoft Wireless Desktop Keyboard and Mouse,,,,,,,,,,,,,,,,,,,,,,,,,,
HP Wireless Mouse,Logitech Wireless Mouse,ASUS Monitor,Epson Black Ink,CYBERPOWER Gamer Desktop,,,,,,,,,,,,,,,,,,,,,,,,,,,
Slim 2TB Portable External Hard Drive,,,,,,,,,,,,,,,,,,,,,,,,,,,,,,,
LG Monitor,,,,,,,,,,,,,,,,,,,,,,,,,,,,,,,
iPad,Rokono Mini Speaker,,,,,,,,,,,,,,,,,,,,,,,,,,,,,,
iMac,,,,,,,,,,,,,,,,,,,,,,,,,,,,,,,
HP Laptop,Epson Printer,Microsoft Office Home and Student 2016,Apple Earpods,Apple MacBook Air,iPhone Charger Cable,Microsoft Wireless Desktop Keyboard and Mouse,,,,,,,,,,,,,,,,,,,,,,,,,
Apple Wireless Keyboard,,,,,,,,,,,,,,,,,,,,,,,,,,,,,,,
Samsung Monitor,Eluktronics Pro Gaming Laptop,Dell Desktop,Acer Desktop,HP Laptop,Panasonic In-Ear Headphone ,Logitech MK550 Wireless Wave Keyboard and Mouse Combo,Ailihen Stereo Headphones,CYBERPOWER Gamer Desktop,Logitech 3-button Mouse,3-Button Mouse,Samsung Charging Cable,Monster Beats By Dr Dre,Ethernet Cable,Microsoft Wireless Comfort Keyboard and Mouse,DYMO Label Manker  ,iPad Pro ,Multi Media Stand,,,,,,,,,,,,,,
Apple MacBook Air,,,,,,,,,,,,,,,,,,,,,,,,,,,,,,,
Apple Earpods,Apple MacBook Air,Dell Laptop,,,,,,,,,,,,,,,,,,,,,,,,,,,,,
Acer Monitor,Eluktronics Pro Gaming Laptop,Slim 2TB Portable External Hard Drive,Microsoft Wireless Desktop Keyboard and Mouse,,,,,,,,,,,,,,,,,,,,,,,,,,,,
Apple Magic Keyboard,Logitech 3-button Mouse,,,,,,,,,,,,,,,,,,,,,,,,,,,,,,
Dell Desktop,iMac,Sceptre Monitor,,,,,,,,,,,,,,,,,,,,,,,,,,,,,
Samsung Monitor,Dell Desktop,,,,,,,,,,,,,,,,,,,,,,,,,,,,,,
CYBERPOWER Gamer Desktop,Dell Laptop,,,,,,,,,,,,,,,,,,,,,,,,,,,,,,
HP Laptop,iMac,Dell Monitor,Logitech 3-button Mouse,Brother Printer Toner,Lenovo Desktop Computer,Full Motion Monitor Mount,,,,,,,,,,,,,,,,,,,,,,,,,
Acer Aspire,HP Laptop,HP Wireless Printer,Apple Magic Keyboard,Apple Earpods,,,,,,,,,,,,,,,,,,,,,,,,,,,
3-Button Mouse,Apple Earpods,,,,,,,,,,,,,,,,,,,,,,,,,,,,,,
Acer Aspire,Lenovo Desktop Computer,Ethernet Cable,,,,,,,,,,,,,,,,,,,,,,,,,,,,,
APIE Bluetooth Headphone,,,,,,,,,,,,,,,,,,,,,,,,,,,,,,,
ASUS Monitor, Intel Desktop ,Epson Printer,Apple Earpods,HP Monitor,iPad Pro ,Microsoft Wireless Desktop Keyboard and Mouse,,,,,,,,,,,,,,,,,,,,,,,,,
Acer Aspire,Dell Desktop,Computer Game,Logitech Wireless Mouse,Lenovo Desktop Computer,iPad Pro ,,,,,,,,,,,,,,,,,,,,,,,,,,
iMac,Apple MacBook Air,,,,,,,,,,,,,,,,,,,,,,,,,,,,,,
LG Monitor,,,,,,,,,,,,,,,,,,,,,,,,,,,,,,,
HDMI Cable 6ft,LG Monitor,iMac,Lenovo Desktop Computer,Logitech MK550 Wireless Wave Keyboard and Mouse Combo,Apple Wired Keyboard,CYBERPOWER Gamer Desktop,AOC Monitor,Logitech 3-button Mouse,3-Button Mouse,Dell Laptop,Gaming Mouse Professional,DYMO Label Manker  ,iPad Pro ,Backlit LED Gaming Keyboard,Microsoft Wireless Desktop Keyboard and Mouse,,,,,,,,,,,,,,,,
Apple Earpods,Logitech Stereo Headset ,Zombie Gaming Headset,,,,,,,,,,,,,,,,,,,,,,,,,,,,,
Dell Desktop,Lenovo Desktop Computer,Apple Earpods,Backlit LED Gaming Keyboard,Microsoft Wireless Desktop Keyboard and Mouse,,,,,,,,,,,,,,,,,,,,,,,,,,,
HDMI Cable 6ft,ViewSonic Monitor,Computer Game,HP Black & Tri-color Ink , Intel Desktop ,3TB Portable External Hard Drive,Logitech Keyboard,,,,,,,,,,,,,,,,,,,,,,,,,
Samsung Monitor,Acer Desktop,Apple MacBook Air,Wireless Portable Mouse,Microsoft Wireless Desktop Keyboard and Mouse,,,,,,,,,,,,,,,,,,,,,,,,,,,
JBL Splashproof Portable Bluetooth Speaker,,,,,,,,,,,,,,,,,,,,,,,,,,,,,,,
HP Laptop,CYBERPOWER Gamer Desktop,LG Touchscreen Laptop,,,,,,,,,,,,,,,,,,,,,,,,,,,,,
Brother Printer Toner,Apple MacBook Air,iPhone Charger Cable,iPad,,,,,,,,,,,,,,,,,,,,,,,,,,,,
Samsung Monitor,Dell Desktop,ViewSonic Monitor,HP Laptop,ASUS 2 Monitor,Lenovo Desktop Computer,Panasonic In-Ear Headphone , Intel Desktop ,Google Home,Epson Printer,Microsoft Office Home and Student 2016,Apple MacBook Pro,,,,,,,,,,,,,,,,,,,,
Acer Aspire,CYBERPOWER Gamer Desktop,HP Desktop,,,,,,,,,,,,,,,,,,,,,,,,,,,,,
Apple MacBook Air,,,,,,,,,,,,,,,,,,,,,,,,,,,,,,,
Apple Earpods,Acer Desktop,iPad,,,,,,,,,,,,,,,,,,,,,,,,,,,,,
3-Button Mouse,ASUS Desktop,Wireless Portable Mouse,iPad Pro ,,,,,,,,,,,,,,,,,,,,,,,,,,,,
Apple MacBook Air,,,,,,,,,,,,,,,,,,,,,,,,,,,,,,,
Dell Laptop,,,,,,,,,,,,,,,,,,,,,,,,,,,,,,,
Apple Earpods,HP Monitor,,,,,,,,,,,,,,,,,,,,,,,,,,,,,,
Acer Desktop,,,,,,,,,,,,,,,,,,,,,,,,,,,,,,,
PC Gaming Headset,,,,,,,,,,,,,,,,,,,,,,,,,,,,,,,
Acer Aspire,ASUS Monitor,Lenovo Desktop Computer,Redragon Gaming Mouse,Apple Wireless Keyboard,Apple MacBook Pro,Dell Laptop,Dell Laptop,,,,,,,,,,,,,,,,,,,,,,,,
Lenovo Desktop Computer,HP Desktop,,,,,,,,,,,,,,,,,,,,,,,,,,,,,,
Otium Wireless Sports Bluetooth Headphone,ASUS Chromebook,ViewSonic Monitor,HP Laptop,ASUS Monitor,Lenovo Desktop Computer,Epson Printer,Cambridge Bluetooth Speaker,Apple Wireless Keyboard,ASUS Desktop,Microsoft Wireless Desktop Keyboard and Mouse,,,,,,,,,,,,,,,,,,,,,
Acer Monitor,Dell Desktop,iMac, Intel Desktop ,CYBERPOWER Gamer Desktop,APIE Bluetooth Headphone,Apple MacBook Pro,iPad Pro ,JBL Splashproof Portable Bluetooth Speaker,Microsoft Wireless Desktop Keyboard and Mouse,,,,,,,,,,,,,,,,,,,,,,
Acer Monitor,Computer Game,Microsoft Basic Optical Mouse,,,,,,,,,,,,,,,,,,,,,,,,,,,,,
Logitech Wireless Mouse,,,,,,,,,,,,,,,,,,,,,,,,,,,,,,,
ViewSonic Monitor,Lenovo Desktop Computer,Apple Magic Keyboard,Slim 2TB Portable External Hard Drive,Logitech MK550 Wireless Wave Keyboard and Mouse Combo, Intel Desktop ,Monster Beats By Dr Dre,Apple Earpods,Acer Desktop,HP Monitor,Large Mouse Pad,Dell Laptop,Microsoft Wireless Desktop Keyboard and Mouse,,,,,,,,,,,,,,,,,,,
3-Button Mouse,,,,,,,,,,,,,,,,,,,,,,,,,,,,,,,
Acer Monitor,Logitech Wireless Mouse,Koss Home Headphones,Apple Earpods,,,,,,,,,,,,,,,,,,,,,,,,,,,,
iMac,ASUS Monitor,Logitech 3-button Mouse,3-Button Mouse,Fire TV Stick,Apple Earpods,Backlit LED Gaming Keyboard,,,,,,,,,,,,,,,,,,,,,,,,,
Acer Aspire,Dell Desktop,Computer Game,,,,,,,,,,,,,,,,,,,,,,,,,,,,,
ASUS Chromebook,iMac,AOC Monitor,,,,,,,,,,,,,,,,,,,,,,,,,,,,,
Acer Monitor,Samsung Monitor,ViewSonic Monitor,HP Laptop,Lenovo Desktop Computer,Bose Companion Speakers,AOC Monitor,ASUS Desktop,Dell Laptop,HP Desktop,iPad,,,,,,,,,,,,,,,,,,,,,
LG Monitor,Eluktronics Pro Gaming Laptop,Acer Aspire,ASUS Monitor,Lenovo Desktop Computer,Apple Magic Keyboard,Logitech MK550 Wireless Wave Keyboard and Mouse Combo,Epson Printer,AOC Monitor,Logitech MK360 Wireless Keyboard and Mouse Combo,HP Monitor,Slim Wireless Mouse,iPad,Microsoft Wireless Desktop Keyboard and Mouse,,,,,,,,,,,,,,,,,,
Samsung Monitor,Dell Desktop,ViewSonic Monitor,HP Laptop, Intel Desktop ,Microsoft Basic Optical Mouse,Sceptre Monitor,,,,,,,,,,,,,,,,,,,,,,,,,
Apple Magic Keyboard,Sonos,CYBERPOWER Gamer Desktop,Brother Printer Toner,Apple Earpods,,,,,,,,,,,,,,,,,,,,,,,,,,,
Apple Wireless Keyboard,,,,,,,,,,,,,,,,,,,,,,,,,,,,,,,
Samsung Monitor,Acer Aspire,Dell Desktop,ASUS 2 Monitor,HP Wireless Printer,Dell Wired Keyboard,Belkin Mouse Pad,Apple Earpods,Apple MacBook Air,iPad Pro ,,,,,,,,,,,,,,,,,,,,,,
Dell Desktop,Acer Desktop,,,,,,,,,,,,,,,,,,,,,,,,,,,,,,
LG Monitor,Dell Desktop,Acer Desktop,Dell Wired Keyboard,Apple Wired Keyboard,ASUS 2 Monitor,Apple MacBook Air,,,,,,,,,,,,,,,,,,,,,,,,,
LG Monitor,Acer Aspire,HP Wireless Printer,Apple Magic Keyboard, Intel Desktop ,Slim Wireless Mouse,JBL Splashproof Portable Bluetooth Speaker,,,,,,,,,,,,,,,,,,,,,,,,,
HP Laptop,,,,,,,,,,,,,,,,,,,,,,,,,,,,,,,
HP Wireless Mouse,Dell Desktop,Lenovo Desktop Computer,,,,,,,,,,,,,,,,,,,,,,,,,,,,,
HDMI Cable 6ft,ASUS Chromebook,Dell Desktop,iMac,ASUS 2 Monitor,Lenovo Desktop Computer,CYBERPOWER Gamer Desktop,VGA Monitor Cable,Redragon Gaming Mouse,,,,,,,,,,,,,,,,,,,,,,,
ViewSonic Monitor,HP Black & Tri-color Ink ,,,,,,,,,,,,,,,,,,,,,,,,,,,,,,
Dell Desktop,Computer Game,HP Laptop,iMac,Alienware Laptop,Microsoft Basic Optical Mouse,Multi Media Stand,,,,,,,,,,,,,,,,,,,,,,,,,
Apple Earpods,,,,,,,,,,,,,,,,,,,,,,,,,,,,,,,
iMac,,,,,,,,,,,,,,,,,,,,,,,,,,,,,,,
iMac,Lenovo Desktop Computer,Logitech MK550 Wireless Wave Keyboard and Mouse Combo, Intel Desktop ,Belkin Mouse Pad,Dell Desktop,Acer Desktop,Zombie Gaming Headset,JBL Splashproof Portable Bluetooth Speaker,,,,,,,,,,,,,,,,,,,,,,,
Apple MacBook Air,,,,,,,,,,,,,,,,,,,,,,,,,,,,,,,
Logitech 3-button Mouse,,,,,,,,,,,,,,,,,,,,,,,,,,,,,,,
Apple MacBook Air,,,,,,,,,,,,,,,,,,,,,,,,,,,,,,,
HP Wireless Printer,Apple MacBook Air,,,,,,,,,,,,,,,,,,,,,,,,,,,,,,
Samsung Monitor,iMac, Intel Desktop ,Logitech 3-button Mouse,,,,,,,,,,,,,,,,,,,,,,,,,,,,
Otium Wireless Sports Bluetooth Headphone,CYBERPOWER Gamer Desktop,,,,,,,,,,,,,,,,,,,,,,,,,,,,,,
Acer Desktop,Lenovo Desktop Computer,3-Button Mouse,Smart Light Bulb,ASUS Desktop,,,,,,,,,,,,,,,,,,,,,,,,,,,
ASUS Chromebook,Acer Aspire,Acer Desktop,Lenovo Desktop Computer,Epson Black Ink, Intel Desktop ,AOC Monitor,Apple TV,Brother Printer,JBL Splashproof Portable Bluetooth Speaker,Microsoft Wireless Desktop Keyboard and Mouse,,,,,,,,,,,,,,,,,,,,,
ViewSonic Monitor,HP Laptop,AOC Monitor,EagleTec Wireless Combo Keyboard and Mouse,,,,,,,,,,,,,,,,,,,,,,,,,,,,
HP Wireless Printer,Apple MacBook Air,iPad,,,,,,,,,,,,,,,,,,,,,,,,,,,,,
HP Wireless Printer,3-Button Mouse,Apple MacBook Air,,,,,,,,,,,,,,,,,,,,,,,,,,,,,
HP Laptop,iMac,Lenovo Desktop Computer,Apple MacBook Pro,Large Mouse Pad,,,,,,,,,,,,,,,,,,,,,,,,,,,
Slim 2TB Portable External Hard Drive,Redragon Gaming Mouse,Apple TV,iPad Pro ,Microsoft Wireless Desktop Keyboard and Mouse,,,,,,,,,,,,,,,,,,,,,,,,,,,
Acer Monitor,Acer Aspire,Logitech MK270 Wireless Keyboard and Mouse Combo,CYBERPOWER Gamer Desktop,3-Button Mouse,HP Monitor,Dell Laptop,iPad,Microsoft Wireless Desktop Keyboard and Mouse,,,,,,,,,,,,,,,,,,,,,,,
Acer Aspire,Logitech MK270 Wireless Keyboard and Mouse Combo,Apple Magic Keyboard,Rii LED Gaming Keyboard & Mouse Combo ,Belkin Mouse Pad,Dell Desktop,Computer Game,Smart Light Bulb,ASUS Desktop,Wireless Portable Mouse,Dell Laptop,HP Desktop,Apple TV,2TB Portable External Hard Drive,DYMO Labeling Tape ,,,,,,,,,,,,,,,,,
3-Button Mouse,Rii LED Keyboard,,,,,,,,,,,,,,,,,,,,,,,,,,,,,,
Lenovo Desktop Computer,Apple MacBook Pro,Zombie Gaming Headset,HP Desktop,,,,,,,,,,,,,,,,,,,,,,,,,,,,
iMac,Logitech 3-button Mouse,Apple Earpods,,,,,,,,,,,,,,,,,,,,,,,,,,,,,
Samsung Monitor,LG Monitor,Acer Aspire,Apple MacBook Pro,Apple Earpods,Acer Desktop,Apple MacBook Air,Dell KM117 Wireless Keyboard & Mouse,,,,,,,,,,,,,,,,,,,,,,,,
Acer Desktop,HP Laptop,Cambridge Bluetooth Speaker,,,,,,,,,,,,,,,,,,,,,,,,,,,,,
Samsung Monitor,AOC Monitor,,,,,,,,,,,,,,,,,,,,,,,,,,,,,,
Apple MacBook Pro,,,,,,,,,,,,,,,,,,,,,,,,,,,,,,,
Otium Wireless Sports Bluetooth Headphone,ViewSonic Monitor,iMac,ASUS Monitor,Dell Wired Keyboard,Microsoft Office Home and Student 2016,Apple MacBook Pro,Apple Earpods,Brother Printer,,,,,,,,,,,,,,,,,,,,,,,
Kensington Headphones ,,,,,,,,,,,,,,,,,,,,,,,,,,,,,,,
HP Laptop,,,,,,,,,,,,,,,,,,,,,,,,,,,,,,,
Microsoft Office Home and Student 2016,,,,,,,,,,,,,,,,,,,,,,,,,,,,,,,
Apple Earpods,,,,,,,,,,,,,,,,,,,,,,,,,,,,,,,
HP Wireless Mouse,Acer Aspire,Dell Desktop,Acer Desktop,iMac,AOC Monitor,,,,,,,,,,,,,,,,,,,,,,,,,,
Samsung Monitor,Apple Wireless Keyboard,Apple MacBook Air,iPhone Charger Cable,Dell KM117 Wireless Keyboard & Mouse,EagleTec Wireless Combo Keyboard and Mouse,Microsoft Wireless Desktop Keyboard and Mouse,,,,,,,,,,,,,,,,,,,,,,,,,
Apple Earpods,HP Desktop,,,,,,,,,,,,,,,,,,,,,,,,,,,,,,
iMac,Brother Printer Toner,3TB Portable External Hard Drive,Apple Earpods,Apple MacBook Air,,,,,,,,,,,,,,,,,,,,,,,,,,,
CYBERPOWER Gamer Desktop,,,,,,,,,,,,,,,,,,,,,,,,,,,,,,,
Apple MacBook Air,,,,,,,,,,,,,,,,,,,,,,,,,,,,,,,
Apple MacBook Air,,,,,,,,,,,,,,,,,,,,,,,,,,,,,,,
Acer Aspire,iMac,Lenovo Desktop Computer,Microsoft Office Home and Student 2016,Microsoft Headset,,,,,,,,,,,,,,,,,,,,,,,,,,,
iPad Pro ,,,,,,,,,,,,,,,,,,,,,,,,,,,,,,,
ASUS Chromebook,Dell Desktop,iMac,Slim 2TB Portable External Hard Drive,Epson Printer,,,,,,,,,,,,,,,,,,,,,,,,,,,
Apple MacBook Air,,,,,,,,,,,,,,,,,,,,,,,,,,,,,,,
HDMI Cable 6ft,ViewSonic Monitor,iMac,ASUS Monitor,Apple Magic Keyboard,Logitech MK550 Wireless Wave Keyboard and Mouse Combo,CYBERPOWER Gamer Desktop,,,,,,,,,,,,,,,,,,,,,,,,,
Acer Monitor,Otium Wireless Sports Bluetooth Headphone,LG Monitor,ASUS Chromebook,Dell 2 Desktop,HP Laptop,iMac,Microsoft Office Home and Student 2016,Logitech MK360 Wireless Keyboard and Mouse Combo,Apple Wireless Keyboard,Canon Office Printer,,,,,,,,,,,,,,,,,,,,,
Lenovo Desktop Computer,Koss Home Headphones,CYBERPOWER Gamer Desktop,HP Desktop,,,,,,,,,,,,,,,,,,,,,,,,,,,,
Logitech Desktop MK120 Mouse and keyboard Combo,ASUS Chromebook,ViewSonic Monitor,iMac,,,,,,,,,,,,,,,,,,,,,,,,,,,,
iMac,,,,,,,,,,,,,,,,,,,,,,,,,,,,,,,
Lenovo Desktop Computer,Dell Desktop,Smart Light Bulb,HP Monitor,Backlit LED Gaming Keyboard,,,,,,,,,,,,,,,,,,,,,,,,,,,
HP Wireless Mouse,HP Laptop,iMac,Epson Printer,CYBERPOWER Gamer Desktop,3-Button Mouse,,,,,,,,,,,,,,,,,,,,,,,,,,
iMac,Microsoft Office Home and Student 2016,Apple MacBook Pro,Apple Earpods,Microsoft Wireless Desktop Keyboard and Mouse,,,,,,,,,,,,,,,,,,,,,,,,,,,
Samsung Monitor,LG Monitor,HP Laptop,iMac,Apple Wireless Keyboard,,,,,,,,,,,,,,,,,,,,,,,,,,,
HP Wireless Mouse,Apple MacBook Pro,,,,,,,,,,,,,,,,,,,,,,,,,,,,,,
Acer Aspire,Dell 2 Desktop,HP Laptop,iMac,HP Wireless Printer,Apple Magic Keyboard, Intel Desktop ,Apple MacBook Pro,,,,,,,,,,,,,,,,,,,,,,,,
Dell Desktop,HP Laptop,Lenovo Desktop Computer,,,,,,,,,,,,,,,,,,,,,,,,,,,,,
CYBERPOWER Gamer Desktop,,,,,,,,,,,,,,,,,,,,,,,,,,,,,,,
Bose Companion Speakers,Brother Printer,iPad Pro ,DYMO Labeling Tape ,,,,,,,,,,,,,,,,,,,,,,,,,,,,
iPad,,,,,,,,,,,,,,,,,,,,,,,,,,,,,,,
Acer Desktop,Apple MacBook Pro,LG Touchscreen Laptop,Backlit LED Gaming Keyboard,,,,,,,,,,,,,,,,,,,,,,,,,,,,
iMac,Lenovo Desktop Computer,Fire HD Tablet,Apple MacBook Pro,Backlit LED Gaming Keyboard,,,,,,,,,,,,,,,,,,,,,,,,,,,
Apple Wireless Keyboard,Microsoft Wireless Desktop Keyboard and Mouse,,,,,,,,,,,,,,,,,,,,,,,,,,,,,,
Samsung Monitor,Otium Wireless Sports Bluetooth Headphone,Logitech 3-button Mouse,Apple MacBook Pro,Apple Earpods,Apple MacBook Air,Microsoft Wireless Desktop Keyboard and Mouse,,,,,,,,,,,,,,,,,,,,,,,,,
Acer Aspire,HP Laptop,Halter Acrylic Monitor Stand,Apple MacBook Pro,,,,,,,,,,,,,,,,,,,,,,,,,,,,
CYBERPOWER Gamer Desktop,,,,,,,,,,,,,,,,,,,,,,,,,,,,,,,
iMac,Lenovo Desktop Computer,Apple Wireless Keyboard,,,,,,,,,,,,,,,,,,,,,,,,,,,,,
Apple Magic Keyboard,CYBERPOWER Gamer Desktop,,,,,,,,,,,,,,,,,,,,,,,,,,,,,,
Acer Aspire,Dell Desktop,AOC Monitor,HP Monitor,iPad Pro ,Microsoft Wireless Desktop Keyboard and Mouse,,,,,,,,,,,,,,,,,,,,,,,,,,
Alienware Laptop,Lenovo Desktop Computer,DOSS Touch Wireless Bluetooth,Redragon Gaming Mouse,,,,,,,,,,,,,,,,,,,,,,,,,,,,
Acer Monitor,ASUS Chromebook,HP Laptop,iMac,Microsoft Office Home and Student 2016,CYBERPOWER Gamer Desktop,,,,,,,,,,,,,,,,,,,,,,,,,,
Acer Monitor,Alienware Laptop,CYBERPOWER Gamer Desktop,Apple Wireless Keyboard,,,,,,,,,,,,,,,,,,,,,,,,,,,,
ASUS Chromebook,Dell Desktop,Computer Game,iMac,ASUS Monitor,Lenovo Desktop Computer,CYBERPOWER Gamer Desktop,Logitech 3-button Mouse,Samsung Charging Cable,Full Motion Monitor Mount,Apple MacBook Pro,HP Monitor,Apple MacBook Air,ASUS Desktop,Dell Laptop,,,,,,,,,,,,,,,,,
HP Wireless Mouse,ViewSonic Monitor,Belkin Mouse Pad,Apple MacBook Pro,Apple Earpods,,,,,,,,,,,,,,,,,,,,,,,,,,,
Apple MacBook Air,,,,,,,,,,,,,,,,,,,,,,,,,,,,,,,
Samsung Monitor,Monster Beats By Dr Dre,iMac, Intel Desktop ,CYBERPOWER Gamer Desktop,Lenovo Desktop Computer,,,,,,,,,,,,,,,,,,,,,,,,,,
HP Desktop,,,,,,,,,,,,,,,,,,,,,,,,,,,,,,,
Apple MacBook Pro,,,,,,,,,,,,,,,,,,,,,,,,,,,,,,,
HP Wireless Mouse,HP Laptop,Etekcity Power Extension Cord Cable,,,,,,,,,,,,,,,,,,,,,,,,,,,,,
iMac,Backlit LED Gaming Keyboard,,,,,,,,,,,,,,,,,,,,,,,,,,,,,,
Samsung Monitor,Otium Wireless Sports Bluetooth Headphone,Dell Desktop,HP Laptop,iMac,Lenovo Desktop Computer,CYBERPOWER Gamer Desktop,Apple MacBook Pro,Apple Earpods,Apple MacBook Air,Backlit LED Gaming Keyboard,,,,,,,,,,,,,,,,,,,,,
Apple MacBook Air,,,,,,,,,,,,,,,,,,,,,,,,,,,,,,,
CYBERPOWER Gamer Desktop,,,,,,,,,,,,,,,,,,,,,,,,,,,,,,,
Apple MacBook Pro,Apple Earpods,Acer Desktop,Etekcity Power Extension Cord Cable,,,,,,,,,,,,,,,,,,,,,,,,,,,,
Apple Earpods,,,,,,,,,,,,,,,,,,,,,,,,,,,,,,,
HP Wireless Mouse,Acer Aspire,ViewSonic Monitor,ASUS Monitor,Microsoft Office Home and Student 2016,Logitech 3-button Mouse,Belkin Mouse Pad,Fire TV Stick,DYMO Label Manker  ,Microsoft Wireless Desktop Keyboard and Mouse,,,,,,,,,,,,,,,,,,,,,,
Slim 2TB Portable External Hard Drive,CYBERPOWER Gamer Desktop,,,,,,,,,,,,,,,,,,,,,,,,,,,,,,
5TB Desktop Hard Drive,,,,,,,,,,,,,,,,,,,,,,,,,,,,,,,
CYBERPOWER Gamer Desktop,,,,,,,,,,,,,,,,,,,,,,,,,,,,,,,
HP Laptop,ASUS 2 Monitor,Lenovo Desktop Computer,Microsoft Wireless Desktop Keyboard and Mouse,,,,,,,,,,,,,,,,,,,,,,,,,,,,
Logitech Wireless Mouse,Ailihen Stereo Headphones,iPad Pro ,,,,,,,,,,,,,,,,,,,,,,,,,,,,,
Samsung Monitor,CYBERPOWER Gamer Desktop,Backlit LED Gaming Keyboard,,,,,,,,,,,,,,,,,,,,,,,,,,,,,
Acer Desktop,iMac,Lenovo Desktop Computer,3-Button Mouse,PC Gaming Headset,Samsung Galaxy Tablet,,,,,,,,,,,,,,,,,,,,,,,,,,
Apple Earpods,iPad Pro ,,,,,,,,,,,,,,,,,,,,,,,,,,,,,,
Monster Beats By Dr Dre,CYBERPOWER Gamer Desktop,Apple Earpods,,,,,,,,,,,,,,,,,,,,,,,,,,,,,
LG Monitor,Dell 2 Desktop,Dell Desktop,iPad,JBL Splashproof Portable Bluetooth Speaker,,,,,,,,,,,,,,,,,,,,,,,,,,,
HP Wireless Mouse,Logitech Wireless Mouse,Epson Printer,Cambridge Bluetooth Speaker,Acer Desktop,Backlit LED Gaming Keyboard,Halter Mesh Metal Monitor Stand,,,,,,,,,,,,,,,,,,,,,,,,,
Dell Desktop,iMac,Alienware Laptop,Logitech 3-button Mouse,Microsoft Wireless Desktop Keyboard and Mouse,,,,,,,,,,,,,,,,,,,,,,,,,,,
Etekcity Power Extension Cord Cable,,,,,,,,,,,,,,,,,,,,,,,,,,,,,,,
Otium Wireless Sports Bluetooth Headphone,ASUS Monitor,3-Button Mouse,Apple Earpods,,,,,,,,,,,,,,,,,,,,,,,,,,,,
Samsung Monitor,Eluktronics Pro Gaming Laptop,Dell Desktop,iMac,Panasonic In-Ear Headphone ,CYBERPOWER Gamer Desktop,Etekcity Power Extension Cord Cable,Logitech MK360 Wireless Keyboard and Mouse Combo,Apple Earpods,,,,,,,,,,,,,,,,,,,,,,,
Acer Aspire,HP Laptop,iMac,Microsoft Office Home and Student 2016,Apple Earpods,,,,,,,,,,,,,,,,,,,,,,,,,,,
ASUS Chromebook,HP Laptop,iMac,Lenovo Desktop Computer,,,,,,,,,,,,,,,,,,,,,,,,,,,,
iMac,,,,,,,,,,,,,,,,,,,,,,,,,,,,,,,
Apple Magic Keyboard,Microsoft Office Home and Student 2016,Lenovo Desktop Computer,Dell Desktop,Full Motion Monitor Mount,Apple Earpods,Apple MacBook Air,Apple TV,Brother Printer,Microsoft Wireless Desktop Keyboard and Mouse,,,,,,,,,,,,,,,,,,,,,,
HP Wireless Mouse,iMac,,,,,,,,,,,,,,,,,,,,,,,,,,,,,,
HP Wireless Mouse,Eluktronics Pro Gaming Laptop,Computer Game,Cambridge Bluetooth Speaker,Microsoft Office Home and Student 2016,DOSS Touch Wireless Bluetooth,Logitech MK360 Wireless Keyboard and Mouse Combo,Smart Light Bulb,Panasonic On-Ear Stereo Headphones,Apple MacBook Pro,Canon Office Printer,Brother Printer,Epson Black Ink,,,,,,,,,,,,,,,,,,,
Apple MacBook Pro,Apple Earpods,,,,,,,,,,,,,,,,,,,,,,,,,,,,,,
LG Monitor,Brother Printer,,,,,,,,,,,,,,,,,,,,,,,,,,,,,,
Sonos,Logitech 3-button Mouse,Apple MacBook Pro,Apple Earpods,,,,,,,,,,,,,,,,,,,,,,,,,,,,
HDMI Cable 6ft,HP Laptop,Cambridge Bluetooth Speaker,Cyber Acoustics,Microsoft Basic Optical Mouse,Apple Earpods,Acer Desktop,iPad,,,,,,,,,,,,,,,,,,,,,,,,
Alienware Laptop,Apple Magic Keyboard,HP USB Keyboard ,Apple Wireless Keyboard,Apple Earpods,Gaming Mouse Professional,Backlit LED Gaming Keyboard,,,,,,,,,,,,,,,,,,,,,,,,,
Acer Monitor,,,,,,,,,,,,,,,,,,,,,,,,,,,,,,,
LG Monitor,Logitech 3-button Mouse,Apple MacBook Pro,Apple Earpods,,,,,,,,,,,,,,,,,,,,,,,,,,,,
Samsung Monitor,LG Monitor,Dell Desktop,HP Laptop,Lenovo Desktop Computer,Epson Printer,CYBERPOWER Gamer Desktop,Apple MacBook Pro,,,,,,,,,,,,,,,,,,,,,,,,
Dell 2 Desktop,HP Laptop,ASUS 2 Monitor,Logitech 3-button Mouse,Halter Acrylic Monitor Stand,Dell Laptop,Zombie Gaming Headset,,,,,,,,,,,,,,,,,,,,,,,,,
Samsung Monitor,Acer Aspire,Lenovo Desktop Computer,Zombie Gaming Headset,Eluktronics Pro Gaming Laptop,,,,,,,,,,,,,,,,,,,,,,,,,,,
iMac,,,,,,,,,,,,,,,,,,,,,,,,,,,,,,,
HP Laptop,CYBERPOWER Gamer Desktop,,,,,,,,,,,,,,,,,,,,,,,,,,,,,,
Samsung Monitor,HP Laptop,CYBERPOWER Gamer Desktop,Apple MacBook Air,Microsoft Wireless Desktop Keyboard and Mouse,,,,,,,,,,,,,,,,,,,,,,,,,,,
CYBERPOWER Gamer Desktop,Apple MacBook Pro,Apple MacBook Air,Backlit LED Gaming Keyboard,,,,,,,,,,,,,,,,,,,,,,,,,,,,
Lenovo Desktop Computer,,,,,,,,,,,,,,,,,,,,,,,,,,,,,,,
ViewSonic Monitor,Logitech Wireless Mouse,3-Button Mouse,,,,,,,,,,,,,,,,,,,,,,,,,,,,,
CYBERPOWER Gamer Desktop,Apple Earpods,,,,,,,,,,,,,,,,,,,,,,,,,,,,,,
HP Black & Tri-color Ink ,Logitech Wireless Mouse,,,,,,,,,,,,,,,,,,,,,,,,,,,,,,
HP Laptop,iMac,3-Button Mouse,Wireless Portable Mouse,HP Desktop,Microsoft Wireless Desktop Keyboard and Mouse,,,,,,,,,,,,,,,,,,,,,,,,,,
Acer Desktop,iMac,ASUS 2 Monitor,Lenovo Desktop Computer,Apple Magic Keyboard,CYBERPOWER Gamer Desktop,Etekcity Power Extension Cord Cable,Belkin Mouse Pad,Fire HD Tablet,Sceptre Monitor,Backlit LED Gaming Keyboard,,,,,,,,,,,,,,,,,,,,,
LG Monitor,ViewSonic Monitor,HP Laptop,,,,,,,,,,,,,,,,,,,,,,,,,,,,,
Apple Earpods,,,,,,,,,,,,,,,,,,,,,,,,,,,,,,,
Computer Game,HP Laptop,Bose Companion Speakers,Epson Black Ink, Intel Desktop ,Lenovo Desktop Computer,Dell Desktop,HP USB Keyboard ,Apple Earpods,,,,,,,,,,,,,,,,,,,,,,,
HP Laptop,,,,,,,,,,,,,,,,,,,,,,,,,,,,,,,
Eluktronics Pro Gaming Laptop,Dell Desktop,Acer Desktop,Logitech MK270 Wireless Keyboard and Mouse Combo,Dell 2 Desktop,Logitech Wireless Mouse,Apple Magic Keyboard,Apple Wireless Keyboard,Rii LED Keyboard,Microsoft Wireless Desktop Keyboard and Mouse,,,,,,,,,,,,,,,,,,,,,,
Philips Flexible Earhook Headphone,,,,,,,,,,,,,,,,,,,,,,,,,,,,,,,
Microsoft Wireless Desktop Keyboard and Mouse,,,,,,,,,,,,,,,,,,,,,,,,,,,,,,,
HP Laptop,iMac,,,,,,,,,,,,,,,,,,,,,,,,,,,,,,
ASUS Chromebook,Acer Aspire,Mackie CR Speakers,HP USB Keyboard ,Apple Earpods,HP Monitor,JBL Splashproof Portable Bluetooth Speaker,Microsoft Wireless Desktop Keyboard and Mouse,,,,,,,,,,,,,,,,,,,,,,,,
ViewSonic Monitor,,,,,,,,,,,,,,,,,,,,,,,,,,,,,,,
Acer Monitor,,,,,,,,,,,,,,,,,,,,,,,,,,,,,,,
Acer Monitor,HP Laptop,iMac,ASUS 2 Monitor,Ailihen Stereo Headphones,Microsoft Office Home and Student 2016,Belkin Mouse Pad,Logitech Multimedia Speakers,Apple MacBook Air,Apple MacBook Air,,,,,,,,,,,,,,,,,,,,,,
Sonos,Logitech Keyboard,,,,,,,,,,,,,,,,,,,,,,,,,,,,,,
3-Button Mouse,Apple Earpods,,,,,,,,,,,,,,,,,,,,,,,,,,,,,,
HP Wireless Mouse,,,,,,,,,,,,,,,,,,,,,,,,,,,,,,,
Smart Light Bulb,Apple Earpods,Microsoft Wireless Desktop Keyboard and Mouse,,,,,,,,,,,,,,,,,,,,,,,,,,,,,
Dell 2 Desktop,HP Laptop,,,,,,,,,,,,,,,,,,,,,,,,,,,,,,
APIE Bluetooth Headphone,,,,,,,,,,,,,,,,,,,,,,,,,,,,,,,
Acer Desktop,,,,,,,,,,,,,,,,,,,,,,,,,,,,,,,
Samsung Monitor,ASUS Chromebook,Acer Desktop,iMac, Intel Desktop ,AOC Monitor,Logitech 3-button Mouse,PC Gaming Headset,Brother Printer,,,,,,,,,,,,,,,,,,,,,,,
Apple Magic Keyboard,,,,,,,,,,,,,,,,,,,,,,,,,,,,,,,
CYBERPOWER Gamer Desktop,Apple Earpods,,,,,,,,,,,,,,,,,,,,,,,,,,,,,,
Ailihen Stereo Headphones,Apple Wireless Keyboard,,,,,,,,,,,,,,,,,,,,,,,,,,,,,,
Dell Desktop,Computer Game,,,,,,,,,,,,,,,,,,,,,,,,,,,,,,
HP Laptop,Alienware Laptop, Intel Desktop ,CYBERPOWER Gamer Desktop,,,,,,,,,,,,,,,,,,,,,,,,,,,,
HDMI Cable 6ft,Dell Wired Keyboard,CYBERPOWER Gamer Desktop,,,,,,,,,,,,,,,,,,,,,,,,,,,,,
Otium Wireless Sports Bluetooth Headphone,HP Wireless Mouse,LG Monitor,Logitech Wireless Mouse,CYBERPOWER Gamer Desktop,3-Button Mouse,Mackie CR Speakers,HP Monitor,,,,,,,,,,,,,,,,,,,,,,,,
Belkin Mouse Pad,Halter Mesh Metal Monitor Stand,,,,,,,,,,,,,,,,,,,,,,,,,,,,,,
Samsung Monitor,CYBERPOWER Gamer Desktop,Dell Laptop,,,,,,,,,,,,,,,,,,,,,,,,,,,,,
Acer Aspire,Dell Desktop,Alienware Laptop,Lenovo Desktop Computer,CYBERPOWER Gamer Desktop,,,,,,,,,,,,,,,,,,,,,,,,,,,
Samsung Monitor,Panasonic In-Ear Headphone ,Apple MacBook Air,,,,,,,,,,,,,,,,,,,,,,,,,,,,,
Samsung Monitor,CYBERPOWER Gamer Desktop,HP Monitor,,,,,,,,,,,,,,,,,,,,,,,,,,,,,
HP Laptop,CYBERPOWER Gamer Desktop,Apple Earpods,,,,,,,,,,,,,,,,,,,,,,,,,,,,,
Otium Wireless Sports Bluetooth Headphone,HP Laptop,Microsoft Basic Optical Mouse,Apple Wireless Keyboard,iPhone Charger Cable,ASUS Desktop,Backlit LED Gaming Keyboard,,,,,,,,,,,,,,,,,,,,,,,,,
Apple Earpods,HP Desktop,,,,,,,,,,,,,,,,,,,,,,,,,,,,,,
Samsung Monitor,Acer Desktop,HP Laptop,Apple Wireless Keyboard,,,,,,,,,,,,,,,,,,,,,,,,,,,,
Acer Desktop,Koss Home Headphones,,,,,,,,,,,,,,,,,,,,,,,,,,,,,,
Dell Desktop,Belkin Mouse Pad,,,,,,,,,,,,,,,,,,,,,,,,,,,,,,
HP Laptop,Alienware Laptop,CYBERPOWER Gamer Desktop,XIBERIA Gaming Headset,,,,,,,,,,,,,,,,,,,,,,,,,,,,
3-Button Mouse,Apple Earpods,,,,,,,,,,,,,,,,,,,,,,,,,,,,,,
Acer Monitor,CYBERPOWER Gamer Desktop,Apple Earpods,,,,,,,,,,,,,,,,,,,,,,,,,,,,,
Microsoft Office Home and Student 2016,CYBERPOWER Gamer Desktop,,,,,,,,,,,,,,,,,,,,,,,,,,,,,,
CYBERPOWER Gamer Desktop,Halter Acrylic Monitor Stand,,,,,,,,,,,,,,,,,,,,,,,,,,,,,,
Acer Aspire,Acer Desktop,Dell 2 Desktop,Apple Wireless Keyboard,Zombie Gaming Headset,Sceptre Monitor,Microsoft Wireless Desktop Keyboard and Mouse,,,,,,,,,,,,,,,,,,,,,,,,,
Microsoft Office Home and Student 2016,Apple Earpods,Brother Printer,,,,,,,,,,,,,,,,,,,,,,,,,,,,,
Acer Aspire,Apple Wireless Keyboard,HP Monitor,Apple MacBook Air,Dell Laptop,iPad,Epson Black Ink,Microsoft Wireless Desktop Keyboard and Mouse,,,,,,,,,,,,,,,,,,,,,,,,
Acer Aspire,ASUS Monitor,,,,,,,,,,,,,,,,,,,,,,,,,,,,,,
Samsung Monitor,CYBERPOWER Gamer Desktop,Apple Earpods,,,,,,,,,,,,,,,,,,,,,,,,,,,,,
Sonos,Logitech 3-button Mouse,,,,,,,,,,,,,,,,,,,,,,,,,,,,,,
Acer Aspire,HP Laptop,Logitech MK550 Wireless Wave Keyboard and Mouse Combo,HP Notebook Touchscreen Laptop PC,Apple Wireless Keyboard,Apple MacBook Air,Dell Laptop,iPad,Halter Mesh Metal Monitor Stand,Microsoft Wireless Desktop Keyboard and Mouse,,,,,,,,,,,,,,,,,,,,,,
Acer Desktop,iMac,Backlit LED Gaming Keyboard,,,,,,,,,,,,,,,,,,,,,,,,,,,,,
Acer Aspire,iMac,Microsoft Office Home and Student 2016,3-Button Mouse,Lenovo Desktop Computer,Etekcity Power Extension Cord Cable,Dell Desktop,Logitech Wireless Keyboard,,,,,,,,,,,,,,,,,,,,,,,,
Logitech 3-button Mouse,Apple MacBook Air,,,,,,,,,,,,,,,,,,,,,,,,,,,,,,
Samsung Monitor,Apple MacBook Pro,,,,,,,,,,,,,,,,,,,,,,,,,,,,,,
Apple MacBook Air,,,,,,,,,,,,,,,,,,,,,,,,,,,,,,,
Samsung Monitor,HP Laptop,ASUS Monitor,3-Button Mouse,Apple Earpods,JBL Splashproof Portable Bluetooth Speaker,,,,,,,,,,,,,,,,,,,,,,,,,,
Apple MacBook Air,,,,,,,,,,,,,,,,,,,,,,,,,,,,,,,
Apple Earpods,Eluktronics Pro Gaming Laptop,,,,,,,,,,,,,,,,,,,,,,,,,,,,,,
Acer Aspire,HP Laptop,Height-Adjustable Standing Desk,Epson Printer,Logitech 3-button Mouse,Microsoft Basic Optical Mouse,Halter Acrylic Monitor Stand,Logitech ClearChat Headset,,,,,,,,,,,,,,,,,,,,,,,,
Samsung Monitor,Otium Wireless Sports Bluetooth Headphone,iMac,CYBERPOWER Gamer Desktop,Rii LED Keyboard,Microsoft Wireless Desktop Keyboard and Mouse,,,,,,,,,,,,,,,,,,,,,,,,,,
HP Laptop,Logitech Stereo Headset ,,,,,,,,,,,,,,,,,,,,,,,,,,,,,,
ASUS Chromebook,ViewSonic Monitor,,,,,,,,,,,,,,,,,,,,,,,,,,,,,,
Otium Wireless Sports Bluetooth Headphone,Logitech Desktop MK120 Mouse and keyboard Combo,Computer Game,HP Laptop,Panasonic In-Ear Headphone ,Sonos,Samsung Charging Cable,Wireless Portable Mouse,JBL Splashproof Portable Bluetooth Speaker,,,,,,,,,,,,,,,,,,,,,,,
Apple MacBook Air,,,,,,,,,,,,,,,,,,,,,,,,,,,,,,,
Sonos,,,,,,,,,,,,,,,,,,,,,,,,,,,,,,,
Apple Earpods,,,,,,,,,,,,,,,,,,,,,,,,,,,,,,,
iMac,,,,,,,,,,,,,,,,,,,,,,,,,,,,,,,
3-Button Mouse,Halter Acrylic Monitor Stand,Slim Wireless Mouse,Wireless Portable Mouse,,,,,,,,,,,,,,,,,,,,,,,,,,,,
Apple Magic Keyboard,ASUS 2 Monitor,Dell Laptop,Gaming Mouse Professional,,,,,,,,,,,,,,,,,,,,,,,,,,,,
Dell Laptop,,,,,,,,,,,,,,,,,,,,,,,,,,,,,,,
LG Monitor,ViewSonic Monitor,Slim 2TB Portable External Hard Drive,AOC Monitor,Dell Desktop,,,,,,,,,,,,,,,,,,,,,,,,,,,
CYBERPOWER Gamer Desktop,,,,,,,,,,,,,,,,,,,,,,,,,,,,,,,
Acer Monitor,iMac,Lenovo Desktop Computer,Samsung Charging Cable,Epson Printer,CYBERPOWER Gamer Desktop,Zombie Gaming Headset,,,,,,,,,,,,,,,,,,,,,,,,,
Slim Wireless Mouse,Backlit LED Gaming Keyboard,Rokono Mini Speaker,,,,,,,,,,,,,,,,,,,,,,,,,,,,,
Rokono Mini Speaker,,,,,,,,,,,,,,,,,,,,,,,,,,,,,,,
Rokono Mini Speaker,,,,,,,,,,,,,,,,,,,,,,,,,,,,,,,
Apple Earpods,Apple MacBook Air,,,,,,,,,,,,,,,,,,,,,,,,,,,,,,
Apple MacBook Air,Apple MacBook Air,,,,,,,,,,,,,,,,,,,,,,,,,,,,,,
Cambridge Bluetooth Speaker,Apple Earpods,,,,,,,,,,,,,,,,,,,,,,,,,,,,,,
Acer Aspire,HP Wireless Printer,PC Gaming Headset,,,,,,,,,,,,,,,,,,,,,,,,,,,,,
Microsoft Office Home and Student 2016,Logitech 3-button Mouse,HP Monitor,Wireless Portable Mouse,,,,,,,,,,,,,,,,,,,,,,,,,,,,
Dell Desktop,Lenovo Desktop Computer,Apple MacBook Pro,Apple Earpods,HP Desktop,,,,,,,,,,,,,,,,,,,,,,,,,,,
PC Gaming Headset,,,,,,,,,,,,,,,,,,,,,,,,,,,,,,,
Logitech MK270 Wireless Keyboard and Mouse Combo,iMac,Sonos,Apple MacBook Pro,Dell Laptop,,,,,,,,,,,,,,,,,,,,,,,,,,,
Microsoft Wireless Desktop Keyboard and Mouse,,,,,,,,,,,,,,,,,,,,,,,,,,,,,,,
Brother Printer Toner,,,,,,,,,,,,,,,,,,,,,,,,,,,,,,,
Dell Desktop,Alienware Laptop,Microsoft Office Home and Student 2016,CYBERPOWER Gamer Desktop,Apple MacBook Pro,Apple Earpods,HP Monitor,,,,,,,,,,,,,,,,,,,,,,,,,
PC Gaming Headset,,,,,,,,,,,,,,,,,,,,,,,,,,,,,,,
Slim Wireless Mouse,HP Desktop,iPad Pro ,Backlit LED Gaming Keyboard,,,,,,,,,,,,,,,,,,,,,,,,,,,,
Acer Aspire,HP Desktop,,,,,,,,,,,,,,,,,,,,,,,,,,,,,,
CYBERPOWER Gamer Desktop,Apple MacBook Air,Microsoft Wireless Desktop Keyboard and Mouse,,,,,,,,,,,,,,,,,,,,,,,,,,,,,
Sonos,Apple Earpods,,,,,,,,,,,,,,,,,,,,,,,,,,,,,,
Samsung Monitor,CYBERPOWER Gamer Desktop,,,,,,,,,,,,,,,,,,,,,,,,,,,,,,
Lenovo Desktop Computer,Apple Earpods,,,,,,,,,,,,,,,,,,,,,,,,,,,,,,
3-Button Mouse,Apple Earpods,HP Desktop,,,,,,,,,,,,,,,,,,,,,,,,,,,,,
Eluktronics Pro Gaming Laptop,HP Laptop,CYBERPOWER Gamer Desktop,Apple Wireless Keyboard,Brother Printer,,,,,,,,,,,,,,,,,,,,,,,,,,,
Computer Game,HP Laptop,Google Home,Apple MacBook Pro,Microsoft Wireless Desktop Keyboard and Mouse,,,,,,,,,,,,,,,,,,,,,,,,,,,
Apple Magic Keyboard,Epson Printer,,,,,,,,,,,,,,,,,,,,,,,,,,,,,,
Backlit LED Gaming Keyboard,,,,,,,,,,,,,,,,,,,,,,,,,,,,,,,
HP Laptop,iPad ,Apple MacBook Pro,Apple MacBook Air,,,,,,,,,,,,,,,,,,,,,,,,,,,,
Monster Beats By Dr Dre,iMac,Lenovo Desktop Computer,Dell Monitor,Microsoft Office Home and Student 2016,CYBERPOWER Gamer Desktop,Acer Desktop,,,,,,,,,,,,,,,,,,,,,,,,,
CYBERPOWER Gamer Desktop,Cyber Acoustics,Apple MacBook Air,,,,,,,,,,,,,,,,,,,,,,,,,,,,,
Ailihen Stereo Headphones,HP Laptop,AOC Monitor,Apple Earpods,,,,,,,,,,,,,,,,,,,,,,,,,,,,
Apple MacBook Air,Microsoft Wireless Desktop Keyboard and Mouse,,,,,,,,,,,,,,,,,,,,,,,,,,,,,,
Apple MacBook Air,Backlit LED Gaming Keyboard,,,,,,,,,,,,,,,,,,,,,,,,,,,,,,
Cambridge Bluetooth Speaker,,,,,,,,,,,,,,,,,,,,,,,,,,,,,,,
Logitech Keyboard,Microsoft Wireless Desktop Keyboard and Mouse,,,,,,,,,,,,,,,,,,,,,,,,,,,,,,
LG Monitor,Dell Desktop,Wireless Portable Mouse,Backlit LED Gaming Keyboard,,,,,,,,,,,,,,,,,,,,,,,,,,,,
Dell 2 Desktop,Slim Wireless Mouse,Monster Beats By Dr Dre,,,,,,,,,,,,,,,,,,,,,,,,,,,,,
Samsung Monitor,ASUS Chromebook,ViewSonic Monitor,HP Laptop,ASUS 2 Monitor,Generic Black 3-Button,Apple Earpods,Wireless Portable Mouse,,,,,,,,,,,,,,,,,,,,,,,,
AOC Monitor,Brother Printer Toner,Apple Earpods,,,,,,,,,,,,,,,,,,,,,,,,,,,,,
Microsoft Wireless Desktop Keyboard and Mouse,,,,,,,,,,,,,,,,,,,,,,,,,,,,,,,
 Intel Desktop ,CYBERPOWER Gamer Desktop,Apple Earpods,Microsoft Headset,,,,,,,,,,,,,,,,,,,,,,,,,,,,
Dell 2 Desktop,Apple Earpods,,,,,,,,,,,,,,,,,,,,,,,,,,,,,,
Dell Desktop,,,,,,,,,,,,,,,,,,,,,,,,,,,,,,,
Cambridge Bluetooth Speaker,,,,,,,,,,,,,,,,,,,,,,,,,,,,,,,
Sonos,Multi Media Stand,,,,,,,,,,,,,,,,,,,,,,,,,,,,,,
Acer Monitor,CYBERPOWER Gamer Desktop,Dell Laptop,,,,,,,,,,,,,,,,,,,,,,,,,,,,,
CYBERPOWER Gamer Desktop,,,,,,,,,,,,,,,,,,,,,,,,,,,,,,,
HP Monitor,Dell Laptop,,,,,,,,,,,,,,,,,,,,,,,,,,,,,,
Slim 2TB Portable External Hard Drive, Intel Desktop ,CYBERPOWER Gamer Desktop,,,,,,,,,,,,,,,,,,,,,,,,,,,,,
Dell 2 Desktop,iMac,Apple Magic Keyboard,Slim 2TB Portable External Hard Drive,HP Monitor,Backlit LED Gaming Keyboard,,,,,,,,,,,,,,,,,,,,,,,,,,
HP Monitor,,,,,,,,,,,,,,,,,,,,,,,,,,,,,,,
Samsung Monitor,Apple Earpods,Apple MacBook Air,iPhone Charger Cable,Dell KM117 Wireless Keyboard & Mouse,,,,,,,,,,,,,,,,,,,,,,,,,,,
Dell Desktop,Apple Earpods,,,,,,,,,,,,,,,,,,,,,,,,,,,,,,
Apple Earpods,,,,,,,,,,,,,,,,,,,,,,,,,,,,,,,
Kensington Headphones , Intel Desktop ,Apple MacBook Pro,HP Desktop,Microsoft Wireless Desktop Keyboard and Mouse,,,,,,,,,,,,,,,,,,,,,,,,,,,
Lenovo Desktop Computer,,,,,,,,,,,,,,,,,,,,,,,,,,,,,,,
Dell 2 Desktop,Lenovo Desktop Computer,Slim 2TB Portable External Hard Drive,Bose Companion Speakers,Microsoft Office Home and Student 2016,CYBERPOWER Gamer Desktop,Fire HD Tablet,,,,,,,,,,,,,,,,,,,,,,,,,
Computer Game,,,,,,,,,,,,,,,,,,,,,,,,,,,,,,,
HDMI Cable 6ft,CYBERPOWER Gamer Desktop,Apple MacBook Air,,,,,,,,,,,,,,,,,,,,,,,,,,,,,
Dell Laptop,Backlit LED Gaming Keyboard,,,,,,,,,,,,,,,,,,,,,,,,,,,,,,
iMac,Apple Magic Keyboard,Logitech Keyboard,,,,,,,,,,,,,,,,,,,,,,,,,,,,,
3-Button Mouse,,,,,,,,,,,,,,,,,,,,,,,,,,,,,,,
Acer Monitor,Samsung Monitor,Dell Desktop,Acer Desktop,Logitech MK270 Wireless Keyboard and Mouse Combo,ViewSonic Monitor,HP Laptop,iMac,Lenovo Desktop Computer,Panasonic In-Ear Headphone ,Cambridge Bluetooth Speaker,Ailihen Stereo Headphones,Logitech 3-button Mouse,Mackie CR Speakers,Etekcity Power Extension Cord Cable,Dell KM117 Wireless Keyboard & Mouse,Brother Printer,,,,,,,,,,,,,,,
Logitech MK270 Wireless Keyboard and Mouse Combo,Dell 2 Desktop,APIE Bluetooth Headphone,Logitech Keyboard,,,,,,,,,,,,,,,,,,,,,,,,,,,,
Logitech Keyboard,,,,,,,,,,,,,,,,,,,,,,,,,,,,,,,
HP Laptop,iMac,ASUS 2 Monitor,,,,,,,,,,,,,,,,,,,,,,,,,,,,,
ViewSonic Monitor,HP Laptop,,,,,,,,,,,,,,,,,,,,,,,,,,,,,,
Apple Earpods,,,,,,,,,,,,,,,,,,,,,,,,,,,,,,,
Apple MacBook Air,,,,,,,,,,,,,,,,,,,,,,,,,,,,,,,
CYBERPOWER Gamer Desktop,Acer Desktop,,,,,,,,,,,,,,,,,,,,,,,,,,,,,,
Logitech MK270 Wireless Keyboard and Mouse Combo,Dell 2 Desktop,ViewSonic Monitor,HP Laptop,Logitech Wireless Mouse,ASUS 2 Monitor,Lenovo Desktop Computer,Logitech 3-button Mouse,3-Button Mouse,,,,,,,,,,,,,,,,,,,,,,,
Dell Desktop,HP Wireless Printer,Bose Companion Speakers, Intel Desktop ,Epson Printer,Logitech 3-button Mouse,Acer Desktop,,,,,,,,,,,,,,,,,,,,,,,,,
Acer Aspire,Apple Wireless Keyboard,,,,,,,,,,,,,,,,,,,,,,,,,,,,,,
HP Wireless Mouse,iMac,,,,,,,,,,,,,,,,,,,,,,,,,,,,,,
Acer Aspire,Dell Desktop,ViewSonic Monitor,HP Laptop,iMac,Google Home,Full Motion Monitor Mount,,,,,,,,,,,,,,,,,,,,,,,,,
Apple TV,,,,,,,,,,,,,,,,,,,,,,,,,,,,,,,
Apple MacBook Air,,,,,,,,,,,,,,,,,,,,,,,,,,,,,,,
Acer Desktop,,,,,,,,,,,,,,,,,,,,,,,,,,,,,,,
Eluktronics Pro Gaming Laptop,iPad Pro ,,,,,,,,,,,,,,,,,,,,,,,,,,,,,,
Dell Laptop,,,,,,,,,,,,,,,,,,,,,,,,,,,,,,,
Acer Desktop,iMac,Epson Printer,iPad Pro ,Sceptre Monitor,,,,,,,,,,,,,,,,,,,,,,,,,,,
HP Laptop,iMac,3-Button Mouse,Belkin Mouse Pad,Apple Wireless Keyboard,Microsoft Wireless Desktop Keyboard and Mouse,,,,,,,,,,,,,,,,,,,,,,,,,,
LG Monitor,ASUS 2 Monitor,CYBERPOWER Gamer Desktop,,,,,,,,,,,,,,,,,,,,,,,,,,,,,
LG Monitor,HP Black & Tri-color Ink ,iMac,Lenovo Desktop Computer,Apple Magic Keyboard,Epson Printer,Etekcity Power Extension Cord Cable,Large Mouse Pad,,,,,,,,,,,,,,,,,,,,,,,,
Generic Black 3-Button,APIE Bluetooth Headphone,Slim Wireless Mouse,Microsoft Wireless Desktop Keyboard and Mouse,,,,,,,,,,,,,,,,,,,,,,,,,,,,
Dell Desktop,,,,,,,,,,,,,,,,,,,,,,,,,,,,,,,
EagleTec Wireless Combo Keyboard and Mouse,,,,,,,,,,,,,,,,,,,,,,,,,,,,,,,
HP Laptop,HP Wireless Printer,Apple MacBook Air,Microsoft Headset,Halter Mesh Metal Monitor Stand,,,,,,,,,,,,,,,,,,,,,,,,,,,
Apple TV,,,,,,,,,,,,,,,,,,,,,,,,,,,,,,,
Dell Desktop,Lenovo Desktop Computer,CYBERPOWER Gamer Desktop,Wireless Portable Mouse,,,,,,,,,,,,,,,,,,,,,,,,,,,,
LG Monitor,ASUS Monitor,Apple Earpods,Brother Printer,,,,,,,,,,,,,,,,,,,,,,,,,,,,
LG Monitor,ASUS Chromebook,Logitech MK270 Wireless Keyboard and Mouse Combo,HP Laptop,Smart Light Bulb,Apple Earpods,,,,,,,,,,,,,,,,,,,,,,,,,,
Acer Monitor,ASUS Chromebook,Logitech MK270 Wireless Keyboard and Mouse Combo,ViewSonic Monitor,CYBERPOWER Gamer Desktop,Apple Earpods,ASUS Desktop,,,,,,,,,,,,,,,,,,,,,,,,,
CYBERPOWER Gamer Desktop,Apple MacBook Pro,Apple MacBook Air,,,,,,,,,,,,,,,,,,,,,,,,,,,,,
Lenovo Desktop Computer,ASUS Desktop,,,,,,,,,,,,,,,,,,,,,,,,,,,,,,
Logitech Wireless Mouse,Apple Earpods,iPad Pro ,,,,,,,,,,,,,,,,,,,,,,,,,,,,,
Samsung Monitor,Dell 2 Desktop,Logitech Wireless Mouse,Audio Cable,,,,,,,,,,,,,,,,,,,,,,,,,,,,
Dell Desktop,HP Laptop,iMac,HP Wireless Printer,AOC Monitor,Apple MacBook Pro,Acer Desktop,Rii LED Keyboard,,,,,,,,,,,,,,,,,,,,,,,,
 Intel Desktop ,CYBERPOWER Gamer Desktop,,,,,,,,,,,,,,,,,,,,,,,,,,,,,,
ASUS 2 Monitor,CYBERPOWER Gamer Desktop,,,,,,,,,,,,,,,,,,,,,,,,,,,,,,
iMac,Slim 2TB Portable External Hard Drive,,,,,,,,,,,,,,,,,,,,,,,,,,,,,,
iMac,,,,,,,,,,,,,,,,,,,,,,,,,,,,,,,
HP Laptop,,,,,,,,,,,,,,,,,,,,,,,,,,,,,,,
Samsung Monitor,ASUS Chromebook,ViewSonic Monitor,iMac,ASUS Monitor,ASUS 2 Monitor,Lenovo Desktop Computer, Intel Desktop ,CYBERPOWER Gamer Desktop,Belkin Mouse Pad,,,,,,,,,,,,,,,,,,,,,,
ASUS Monitor,AOC Monitor,,,,,,,,,,,,,,,,,,,,,,,,,,,,,,
Dell Desktop,HP Laptop,Epson Printer,AOC Monitor,3-Button Mouse,Dell Desktop,Apple Earpods,Microsoft Wireless Desktop Keyboard and Mouse,,,,,,,,,,,,,,,,,,,,,,,,
Eluktronics Pro Gaming Laptop,,,,,,,,,,,,,,,,,,,,,,,,,,,,,,,
HP Wireless Mouse,Acer Aspire,Dell Desktop,Logitech MK270 Wireless Keyboard and Mouse Combo,HP Laptop,iMac,Lenovo Desktop Computer,Microsoft Office Home and Student 2016,Rii LED Gaming Keyboard & Mouse Combo ,Etekcity Power Extension Cord Cable,Apple Wireless Keyboard,HP Monitor,,,,,,,,,,,,,,,,,,,,
Dell Laptop,2TB Portable External Hard Drive,,,,,,,,,,,,,,,,,,,,,,,,,,,,,,
3TB Portable External Hard Drive,ASUS Desktop,,,,,,,,,,,,,,,,,,,,,,,,,,,,,,
 Intel Desktop ,Dell Laptop,,,,,,,,,,,,,,,,,,,,,,,,,,,,,,
Samsung Monitor,,,,,,,,,,,,,,,,,,,,,,,,,,,,,,,
3TB Portable External Hard Drive,,,,,,,,,,,,,,,,,,,,,,,,,,,,,,,
Wireless Portable Mouse,,,,,,,,,,,,,,,,,,,,,,,,,,,,,,,
Lenovo Desktop Computer,3-Button Mouse,Computer Game,Zombie Gaming Headset,Halter Mesh Metal Monitor Stand,,,,,,,,,,,,,,,,,,,,,,,,,,,
Otium Wireless Sports Bluetooth Headphone,HP Laptop,ASUS 2 Monitor,Panasonic In-Ear Headphone ,Cyber Acoustics,Microsoft Wireless Desktop Keyboard and Mouse,,,,,,,,,,,,,,,,,,,,,,,,,,
Samsung Monitor,,,,,,,,,,,,,,,,,,,,,,,,,,,,,,,
Logitech Desktop MK120 Mouse and keyboard Combo,Acer Aspire,Dell Desktop,Acer Desktop,Logitech MK270 Wireless Keyboard and Mouse Combo, Intel Desktop ,Brother Printer Toner,Belkin Mouse Pad,HP Monitor,HP Desktop,Microsoft Wireless Desktop Keyboard and Mouse,,,,,,,,,,,,,,,,,,,,,
Acer Aspire,Acer Desktop,Bose Companion Speakers,APIE Bluetooth Headphone,Apple Wireless Keyboard,Apple MacBook Air,,,,,,,,,,,,,,,,,,,,,,,,,,
Dell 2 Desktop,iMac,ASUS Monitor,Apple Magic Keyboard,Microsoft Office Home and Student 2016,Rii LED Gaming Keyboard & Mouse Combo ,XIBERIA Gaming Headset,Halter Acrylic Monitor Stand,Apple MacBook Pro,iPhone Charger Cable,Microsoft Wireless Desktop Keyboard and Mouse,,,,,,,,,,,,,,,,,,,,,
Apple MacBook Air,HP Desktop,,,,,,,,,,,,,,,,,,,,,,,,,,,,,,
iMac,Rii LED Keyboard,,,,,,,,,,,,,,,,,,,,,,,,,,,,,,
iMac,,,,,,,,,,,,,,,,,,,,,,,,,,,,,,,
Dell 2 Desktop,HP Laptop,Alienware Laptop,Lenovo Desktop Computer,Apple MacBook Pro,,,,,,,,,,,,,,,,,,,,,,,,,,,
Eluktronics Pro Gaming Laptop,Mackie CR Speakers,Computer Game,Samsung Charging Cable,,,,,,,,,,,,,,,,,,,,,,,,,,,,
iPhone Charger Cable,Logitech ClearChat Headset,,,,,,,,,,,,,,,,,,,,,,,,,,,,,,
Dell Laptop,,,,,,,,,,,,,,,,,,,,,,,,,,,,,,,
Samsung Monitor,CYBERPOWER Gamer Desktop,Dell Laptop,,,,,,,,,,,,,,,,,,,,,,,,,,,,,
Microsoft Office Home and Student 2016,Logitech ClearChat Headset,Backlit LED Gaming Keyboard,,,,,,,,,,,,,,,,,,,,,,,,,,,,,
HP Wireless Mouse,Epson Printer,Logitech Keyboard,Apple MacBook Pro,Apple Earpods,,,,,,,,,,,,,,,,,,,,,,,,,,,
Samsung Monitor,HP Wireless Mouse,Dell Desktop,Logitech MK270 Wireless Keyboard and Mouse Combo,Dell 2 Desktop,Sonos,Acer Desktop,,,,,,,,,,,,,,,,,,,,,,,,,
Alienware Laptop,Apple Wireless Keyboard,,,,,,,,,,,,,,,,,,,,,,,,,,,,,,
HDMI Cable 6ft,ASUS Chromebook,iMac,Apple Magic Keyboard, Intel Desktop ,Sonos,Apple MacBook Pro,Dell Laptop,,,,,,,,,,,,,,,,,,,,,,,,
iMac,HP Wireless Printer,3-Button Mouse,ASUS Desktop,,,,,,,,,,,,,,,,,,,,,,,,,,,,
ASUS Chromebook,Acer Aspire,Acer Desktop,,,,,,,,,,,,,,,,,,,,,,,,,,,,,
HP Desktop,,,,,,,,,,,,,,,,,,,,,,,,,,,,,,,
Apple Wireless Keyboard,,,,,,,,,,,,,,,,,,,,,,,,,,,,,,,
Slim 2TB Portable External Hard Drive,,,,,,,,,,,,,,,,,,,,,,,,,,,,,,,
Ailihen Stereo Headphones,HP Laptop,Logitech Wireless Mouse,Redragon Gaming Mouse,APIE Bluetooth Headphone,Apple Wireless Keyboard,Apple MacBook Pro,Dell KM117 Wireless Keyboard & Mouse,,,,,,,,,,,,,,,,,,,,,,,,
Acer Desktop,HP Laptop,iMac,Epson Printer,Microsoft Headset,,,,,,,,,,,,,,,,,,,,,,,,,,,
Apple Wireless Keyboard,,,,,,,,,,,,,,,,,,,,,,,,,,,,,,,
Apple MacBook Air,,,,,,,,,,,,,,,,,,,,,,,,,,,,,,,
Ailihen Stereo Headphones,Logitech ClearChat Headset,iPad,Samsung Galaxy Tablet,,,,,,,,,,,,,,,,,,,,,,,,,,,,
iMac,CYBERPOWER Gamer Desktop,3-Button Mouse,,,,,,,,,,,,,,,,,,,,,,,,,,,,,
iMac,HP Wireless Printer,CYBERPOWER Gamer Desktop,iPad ,Rii LED Gaming Keyboard & Mouse Combo ,DOSS Touch Wireless Bluetooth,Dell Desktop,Computer Game,HP Monitor,Dell Laptop,,,,,,,,,,,,,,,,,,,,,,
3-Button Mouse,,,,,,,,,,,,,,,,,,,,,,,,,,,,,,,
Samsung Monitor,Apple Wired Keyboard,CYBERPOWER Gamer Desktop,,,,,,,,,,,,,,,,,,,,,,,,,,,,,
ASUS Chromebook,,,,,,,,,,,,,,,,,,,,,,,,,,,,,,,
Acer Monitor,HP Laptop,HP Wireless Printer,,,,,,,,,,,,,,,,,,,,,,,,,,,,,
Otium Wireless Sports Bluetooth Headphone,HP Wireless Mouse,LG Monitor,Eluktronics Pro Gaming Laptop,Acer Aspire,Computer Game,HP Laptop,Lenovo Desktop Computer,Bose Companion Speakers,Apple Wired Keyboard,Microsoft Office Home and Student 2016,CYBERPOWER Gamer Desktop,Belkin Mouse Pad,Apple MacBook Pro,Apple MacBook Air,2TB Portable External Hard Drive,Microsoft Wireless Desktop Keyboard and Mouse,,,,,,,,,,,,,,,
iMac,Backlit LED Gaming Keyboard,,,,,,,,,,,,,,,,,,,,,,,,,,,,,,
Apple MacBook Air,LG Touchscreen Laptop,,,,,,,,,,,,,,,,,,,,,,,,,,,,,,
CYBERPOWER Gamer Desktop,Apple Earpods,,,,,,,,,,,,,,,,,,,,,,,,,,,,,,
Acer Desktop,,,,,,,,,,,,,,,,,,,,,,,,,,,,,,,
iMac,Sonos,Apple Earpods,,,,,,,,,,,,,,,,,,,,,,,,,,,,,
Samsung Monitor,ViewSonic Monitor,HP Laptop,HP Wireless Printer,iPad Pro ,,,,,,,,,,,,,,,,,,,,,,,,,,,
ASUS Chromebook,Dell 2 Desktop,Lenovo Desktop Computer,Brother Printer Toner,Cyber Acoustics,Apple MacBook Pro,Acer Desktop,Brother Printer,,,,,,,,,,,,,,,,,,,,,,,,
3-Button Mouse,Apple MacBook Air,iPhone Charger Cable,Dell KM117 Wireless Keyboard & Mouse,,,,,,,,,,,,,,,,,,,,,,,,,,,,
Acer Monitor,HP Laptop,iMac,ASUS 2 Monitor,Microsoft Office Home and Student 2016,AOC Monitor,Fire TV Stick,Microsoft Wireless Desktop Keyboard and Mouse,,,,,,,,,,,,,,,,,,,,,,,,
Lenovo Desktop Computer,Cambridge Bluetooth Speaker,Apple Earpods,,,,,,,,,,,,,,,,,,,,,,,,,,,,,
Redragon Gaming Mouse,LG Touchscreen Laptop,Microsoft Wireless Desktop Keyboard and Mouse,,,,,,,,,,,,,,,,,,,,,,,,,,,,,
APIE Bluetooth Headphone,Apple Earpods,LG Touchscreen Laptop,,,,,,,,,,,,,,,,,,,,,,,,,,,,,
HDMI Cable 6ft,Dell Desktop,ASUS Monitor,Lenovo Desktop Computer,Dell Wired Keyboard,AOC Monitor,Apple Earpods,HP Monitor,HP Desktop,,,,,,,,,,,,,,,,,,,,,,,
Samsung Monitor,Dell Desktop,Dell 2 Desktop,iMac,ASUS Monitor,HP Wireless Printer,3-Button Mouse,Apple Earpods,HP Monitor,ASUS Desktop,Microsoft Headset,Brother Printer,,,,,,,,,,,,,,,,,,,,
Dell Desktop,Acer Desktop,iMac,,,,,,,,,,,,,,,,,,,,,,,,,,,,,
iMac,3-Button Mouse,Backlit LED Gaming Keyboard,,,,,,,,,,,,,,,,,,,,,,,,,,,,,
Full Motion Monitor Mount,Apple MacBook Air,,,,,,,,,,,,,,,,,,,,,,,,,,,,,,
LG Monitor,,,,,,,,,,,,,,,,,,,,,,,,,,,,,,,
Acer Desktop,Cambridge Bluetooth Speaker,Apple Earpods,Microsoft Wireless Desktop Keyboard and Mouse,,,,,,,,,,,,,,,,,,,,,,,,,,,,
Samsung Monitor,Computer Game,Lenovo Desktop Computer,Zombie Gaming Headset,,,,,,,,,,,,,,,,,,,,,,,,,,,,
LG Monitor,ASUS Chromebook,Acer Aspire,ViewSonic Monitor,HP Black & Tri-color Ink ,HP Laptop,iMac ,Apple MacBook Pro,Apple MacBook Air,Dell Laptop,,,,,,,,,,,,,,,,,,,,,,
Acer Aspire,iMac,Lenovo Desktop Computer,AOC Monitor,Dell Desktop,Apple Earpods,iPad Pro ,Microsoft Wireless Desktop Keyboard and Mouse,,,,,,,,,,,,,,,,,,,,,,,,
Acer Aspire,,,,,,,,,,,,,,,,,,,,,,,,,,,,,,,
Samsung Monitor,LG Monitor,Lenovo Desktop Computer,Apple Wired Keyboard,Generic Black 3-Button,Full Motion Monitor Mount,Slim Wireless Mouse,DYMO Labeling Tape ,Microsoft Wireless Desktop Keyboard and Mouse,,,,,,,,,,,,,,,,,,,,,,,
Dell 2 Desktop,Backlit LED Gaming Keyboard,,,,,,,,,,,,,,,,,,,,,,,,,,,,,,
Logitech 3-button Mouse,XIBERIA Gaming Headset,Apple MacBook Pro,HP Monitor,,,,,,,,,,,,,,,,,,,,,,,,,,,,
ASUS 2 Monitor,Apple Magic Keyboard, Intel Desktop ,Belkin Mouse Pad,ASUS Desktop,,,,,,,,,,,,,,,,,,,,,,,,,,,
Apple Magic Keyboard,,,,,,,,,,,,,,,,,,,,,,,,,,,,,,,
Acer Desktop,iMac,ASUS Monitor,HP Wireless Printer,Microsoft Office Home and Student 2016,Mackie CR Speakers,Dell Desktop,Slim Wireless Mouse,,,,,,,,,,,,,,,,,,,,,,,,
Samsung Monitor,ASUS 2 Monitor,Apple Earpods,,,,,,,,,,,,,,,,,,,,,,,,,,,,,
Microsoft Wireless Desktop Keyboard and Mouse,,,,,,,,,,,,,,,,,,,,,,,,,,,,,,,
Acer Aspire,Brother Printer,DYMO Labeling Tape ,,,,,,,,,,,,,,,,,,,,,,,,,,,,,
Acer Monitor,HP Wireless Mouse,ViewSonic Monitor,HP Laptop,iMac,HP Wireless Printer,Alienware Laptop,Lenovo Desktop Computer,Apple Magic Keyboard,Panasonic In-Ear Headphone ,Logitech MK550 Wireless Wave Keyboard and Mouse Combo,3-Button Mouse,Brother Printer Toner,Rii LED Gaming Keyboard & Mouse Combo ,Cyber Acoustics,Full Motion Monitor Mount,Dell Laptop,Samsung Galaxy Tablet,Backlit LED Gaming Keyboard,Microsoft Wireless Desktop Keyboard and Mouse,,,,,,,,,,,,
Etekcity Power Extension Cord Cable,Apple MacBook Air,,,,,,,,,,,,,,,,,,,,,,,,,,,,,,
Slim 2TB Portable External Hard Drive,,,,,,,,,,,,,,,,,,,,,,,,,,,,,,,
Apple Earpods,Rii LED Keyboard,iPad,,,,,,,,,,,,,,,,,,,,,,,,,,,,,
iMac,Apple Earpods,PC Gaming Headset,,,,,,,,,,,,,,,,,,,,,,,,,,,,,
LG Monitor,ASUS Chromebook, Intel Desktop ,Samsung Charging Cable,Apple Earpods,,,,,,,,,,,,,,,,,,,,,,,,,,,
Apple MacBook Pro,,,,,,,,,,,,,,,,,,,,,,,,,,,,,,,
Logitech 3-button Mouse,,,,,,,,,,,,,,,,,,,,,,,,,,,,,,,
iMac,Epson Printer,,,,,,,,,,,,,,,,,,,,,,,,,,,,,,
CYBERPOWER Gamer Desktop,,,,,,,,,,,,,,,,,,,,,,,,,,,,,,,
iMac,HP Notebook Touchscreen Laptop PC,,,,,,,,,,,,,,,,,,,,,,,,,,,,,,
HDMI Cable 6ft,Kensington Headphones ,Apple Magic Keyboard,Logitech MK550 Wireless Wave Keyboard and Mouse Combo,Cyber Acoustics,,,,,,,,,,,,,,,,,,,,,,,,,,,
Acer Monitor,Acer Aspire,Computer Game,HP Laptop,Apple MacBook Air,Dell Laptop,,,,,,,,,,,,,,,,,,,,,,,,,,
Google Home,Apple Earpods,,,,,,,,,,,,,,,,,,,,,,,,,,,,,,
LG Monitor,Dell Desktop,Apple Earpods,Apple MacBook Air,Large Mouse Pad,Backlit LED Gaming Keyboard,,,,,,,,,,,,,,,,,,,,,,,,,,
Acer Aspire,Fire HD Tablet,Apple Earpods,Apple MacBook Air,Slim Wireless Mouse,Dell Laptop,iPad,Microsoft Wireless Desktop Keyboard and Mouse,,,,,,,,,,,,,,,,,,,,,,,,
Full Motion Monitor Mount,Apple MacBook Pro,,,,,,,,,,,,,,,,,,,,,,,,,,,,,,
Samsung Monitor,Acer Desktop,HP Laptop,Logitech MK550 Wireless Wave Keyboard and Mouse Combo,Logitech 3-button Mouse,Etekcity Power Extension Cord Cable,Brother Printer,,,,,,,,,,,,,,,,,,,,,,,,,
Acer Monitor,HDMI Cable 6ft,HP Wireless Printer,Lenovo Desktop Computer,Dell Wired Keyboard,AOC Monitor,3-Button Mouse,Apple Earpods,,,,,,,,,,,,,,,,,,,,,,,,
Microsoft Office Home and Student 2016,Apple MacBook Air,,,,,,,,,,,,,,,,,,,,,,,,,,,,,,
Samsung Monitor,Lenovo Desktop Computer,LG Touchscreen Laptop,,,,,,,,,,,,,,,,,,,,,,,,,,,,,
Apple Wired Keyboard,Acer Desktop,,,,,,,,,,,,,,,,,,,,,,,,,,,,,,
HP Laptop,Microsoft Office Home and Student 2016,iPad Pro ,JBL Splashproof Portable Bluetooth Speaker,,,,,,,,,,,,,,,,,,,,,,,,,,,,
Acer Desktop,Dell Laptop,iPad,,,,,,,,,,,,,,,,,,,,,,,,,,,,,
Acer Aspire,Dell Desktop,Lenovo Desktop Computer,Ailihen Stereo Headphones,CYBERPOWER Gamer Desktop,Full Motion Monitor Mount,Apple Earpods,HP Monitor,Dell KM117 Wireless Keyboard & Mouse,Dell Laptop,iPad,PC Gaming Headset,Brother Printer,,,,,,,,,,,,,,,,,,,
ASUS Chromebook,ViewSonic Monitor,Brother Printer,,,,,,,,,,,,,,,,,,,,,,,,,,,,,
Lenovo Desktop Computer,PC Gaming Headset,,,,,,,,,,,,,,,,,,,,,,,,,,,,,,
Samsung Monitor,LG Monitor,ViewSonic Monitor,HP Laptop,iMac,ASUS Monitor,Lenovo Desktop Computer,Apple Magic Keyboard,Panasonic In-Ear Headphone ,3TB Portable External Hard Drive,Dell Desktop,Apple Wireless Keyboard,,,,,,,,,,,,,,,,,,,,
Dell Laptop,,,,,,,,,,,,,,,,,,,,,,,,,,,,,,,
HP Laptop,Ailihen Stereo Headphones,Microsoft Basic Optical Mouse,HP USB Keyboard ,Slim Wireless Mouse,Microsoft Wireless Desktop Keyboard and Mouse,,,,,,,,,,,,,,,,,,,,,,,,,,
ASUS Monitor,Sonos,Logitech 3-button Mouse,Apple MacBook Air,Philips Flexible Earhook Headphone,,,,,,,,,,,,,,,,,,,,,,,,,,,
Dell Desktop,PC Gaming Headset,,,,,,,,,,,,,,,,,,,,,,,,,,,,,,
HP Laptop,Fire TV Stick,ASUS Desktop,Zombie Gaming Headset,,,,,,,,,,,,,,,,,,,,,,,,,,,,
Apple MacBook Air,Dell Laptop,Logitech Keyboard,,,,,,,,,,,,,,,,,,,,,,,,,,,,,
HP Wireless Mouse,LG Monitor,ASUS Chromebook,HP Laptop,Lenovo Desktop Computer,Apple MacBook Pro,,,,,,,,,,,,,,,,,,,,,,,,,,
Samsung Monitor,3-Button Mouse,,,,,,,,,,,,,,,,,,,,,,,,,,,,,,
ASUS 2 Monitor,Slim Wireless Mouse,,,,,,,,,,,,,,,,,,,,,,,,,,,,,,
Slim Wireless Mouse,,,,,,,,,,,,,,,,,,,,,,,,,,,,,,,
HP Laptop,iMac,Lenovo Desktop Computer,CYBERPOWER Gamer Desktop,iPhone Charger Cable,Full Motion Monitor Mount,iPad Pro ,Rokono Mini Speaker,,,,,,,,,,,,,,,,,,,,,,,,
Acer Aspire,Dell Desktop,iMac,Lenovo Desktop Computer,Koss Home Headphones,Redragon Gaming Mouse,Apple MacBook Pro,Dell Laptop,Dell Laptop,,,,,,,,,,,,,,,,,,,,,,,
Samsung Monitor,Apple Earpods,Microsoft Wireless Desktop Keyboard and Mouse,,,,,,,,,,,,,,,,,,,,,,,,,,,,,
Acer Aspire,Dell Desktop,CYBERPOWER Gamer Desktop,Etekcity Power Extension Cord Cable,Fire HD Tablet,Computer Game,Fire TV Stick,Apple Earpods,Zombie Gaming Headset,Apple MacBook Air,Wireless Portable Mouse,Dell Laptop,HP Desktop,Apple TV,Computer Game,Canon Ink ,,,,,,,,,,,,,,,,
Dell Desktop,Apple Wireless Keyboard,Apple Earpods,Acer Desktop,Apple MacBook Air,Wireless Portable Mouse,Dell Laptop,,,,,,,,,,,,,,,,,,,,,,,,,
HP Wireless Mouse,LG Monitor,ASUS Chromebook,Logitech MK270 Wireless Keyboard and Mouse Combo,HP Laptop,iMac,ASUS Monitor,Lenovo Desktop Computer,Belkin Mouse Pad,Wireless Portable Mouse,,,,,,,,,,,,,,,,,,,,,,
LG Touchscreen Laptop,Dell Laptop,Microsoft Wireless Desktop Keyboard and Mouse,,,,,,,,,,,,,,,,,,,,,,,,,,,,,
Samsung Monitor,HP Laptop,Logitech 3-button Mouse,,,,,,,,,,,,,,,,,,,,,,,,,,,,,
Samsung Monitor,HP Notebook Touchscreen Laptop PC,Backlit LED Gaming Keyboard,,,,,,,,,,,,,,,,,,,,,,,,,,,,,
Redragon Gaming Mouse,2TB Portable External Hard Drive,,,,,,,,,,,,,,,,,,,,,,,,,,,,,,
ASUS Chromebook,ViewSonic Monitor,HP Black & Tri-color Ink ,Logitech Wireless Mouse,Logitech 3-button Mouse,Full Motion Monitor Mount,,,,,,,,,,,,,,,,,,,,,,,,,,
Acer Monitor,Dell Desktop,,,,,,,,,,,,,,,,,,,,,,,,,,,,,,
Acer Monitor,Logitech Desktop MK120 Mouse and keyboard Combo,Dell Desktop,Logitech MK270 Wireless Keyboard and Mouse Combo,ViewSonic Monitor,HP Laptop,iMac,Epson Printer,Cambridge Bluetooth Speaker,Dell Monitor,3-Button Mouse,Microsoft Basic Optical Mouse,Fire TV Stick,Apple Earpods,Acer Desktop,Slim Wireless Mouse,Rii LED Keyboard,Dell Laptop,Zombie Gaming Headset,Epson Black Ink,,,,,,,,,,,,
Dell Desktop,ASUS Desktop,,,,,,,,,,,,,,,,,,,,,,,,,,,,,,
Apple MacBook Pro,Dell Laptop,,,,,,,,,,,,,,,,,,,,,,,,,,,,,,
iMac,HP Wireless Printer,Sonos,Acer Desktop,Apple MacBook Air,Rii LED Keyboard,,,,,,,,,,,,,,,,,,,,,,,,,,
APIE Bluetooth Headphone,,,,,,,,,,,,,,,,,,,,,,,,,,,,,,,
HDMI Cable 6ft,Lenovo Desktop Computer,Bose Companion Speakers,Panasonic In-Ear Headphone ,Epson Printer,Logitech Keyboard,Brother Printer Toner,Fire TV Stick,HP Monitor,Backlit LED Gaming Keyboard,Microsoft Wireless Desktop Keyboard and Mouse,,,,,,,,,,,,,,,,,,,,,
Acer Desktop,HP Wireless Printer,Alienware Laptop,Lenovo Desktop Computer,Apple Magic Keyboard,Epson Printer,CYBERPOWER Gamer Desktop,,,,,,,,,,,,,,,,,,,,,,,,,
Apple MacBook Pro,Samsung Galaxy Tablet,,,,,,,,,,,,,,,,,,,,,,,,,,,,,,
Dell Desktop,Logitech 3-button Mouse,Belkin Mouse Pad,Redragon Gaming Mouse,Zombie Gaming Headset,DYMO Labeling Tape ,Backlit LED Gaming Keyboard,,,,,,,,,,,,,,,,,,,,,,,,,
Acer Aspire,Apple Wireless Keyboard,Apple MacBook Air,Microsoft Headset,Microsoft Wireless Desktop Keyboard and Mouse,,,,,,,,,,,,,,,,,,,,,,,,,,,
LG Monitor,ViewSonic Monitor,3-Button Mouse,Apple MacBook Air,,,,,,,,,,,,,,,,,,,,,,,,,,,,
Acer Aspire,iMac,3-Button Mouse,Apple Earpods,Dell KM117 Wireless Keyboard & Mouse,,,,,,,,,,,,,,,,,,,,,,,,,,,
Backlit LED Gaming Keyboard,,,,,,,,,,,,,,,,,,,,,,,,,,,,,,,
ASUS 2 Monitor,Google Home,Rii LED Gaming Keyboard & Mouse Combo ,ASUS Desktop,,,,,,,,,,,,,,,,,,,,,,,,,,,,
iMac, Intel Desktop ,Dell Laptop,iPad,,,,,,,,,,,,,,,,,,,,,,,,,,,,
Samsung Monitor,ASUS Monitor,Apple MacBook Air,,,,,,,,,,,,,,,,,,,,,,,,,,,,,
Bose Companion Speakers,Apple MacBook Air,,,,,,,,,,,,,,,,,,,,,,,,,,,,,,
Dell Desktop,Epson Black Ink,HP USB Keyboard ,Apple MacBook Pro,HP Monitor,Dell Laptop,,,,,,,,,,,,,,,,,,,,,,,,,,
Lenovo Desktop Computer,Apple MacBook Pro,Acer Desktop,HP Monitor,iPad,Roku Express,Backlit LED Gaming Keyboard,,,,,,,,,,,,,,,,,,,,,,,,,
HP Laptop,Lenovo Desktop Computer,Slim 2TB Portable External Hard Drive,Bose Companion Speakers, Intel Desktop ,ASUS Desktop,Brother Printer,iPad Pro ,,,,,,,,,,,,,,,,,,,,,,,,
Logitech Desktop MK120 Mouse and keyboard Combo,Dell Desktop,Acer Desktop,Computer Game,Apple Magic Keyboard,3-Button Mouse,Brother Printer Toner,Computer Game,Apple Wireless Keyboard,Slim Wireless Mouse,Microsoft Wireless Desktop Keyboard and Mouse,,,,,,,,,,,,,,,,,,,,,
3-Button Mouse,iPhone Charger Cable,Dell Laptop,iPad Pro ,,,,,,,,,,,,,,,,,,,,,,,,,,,,
Apple Magic Keyboard,iPad,,,,,,,,,,,,,,,,,,,,,,,,,,,,,,
Acer Desktop,,,,,,,,,,,,,,,,,,,,,,,,,,,,,,,
Logitech 3-button Mouse,,,,,,,,,,,,,,,,,,,,,,,,,,,,,,,
HDMI Cable 6ft,HP Wireless Mouse,HP Laptop,Dell Wired Keyboard,AOC Monitor,Zombie Gaming Headset,,,,,,,,,,,,,,,,,,,,,,,,,,
Samsung Monitor,HP Wireless Printer,Panasonic In-Ear Headphone ,Logitech 3-button Mouse,Zombie Gaming Headset,Multi Media Stand,Logitech Keyboard,Microsoft Wireless Desktop Keyboard and Mouse,,,,,,,,,,,,,,,,,,,,,,,,
Dell Desktop,Lenovo Desktop Computer,Slim 2TB Portable External Hard Drive,CYBERPOWER Gamer Desktop,Wireless Portable Mouse,Dell Laptop,Microsoft Wireless Desktop Keyboard and Mouse,,,,,,,,,,,,,,,,,,,,,,,,,
Acer Aspire,ViewSonic Monitor,Lenovo Desktop Computer,Logitech MK550 Wireless Wave Keyboard and Mouse Combo,HP Monitor,,,,,,,,,,,,,,,,,,,,,,,,,,,
Rokono Mini Speaker,,,,,,,,,,,,,,,,,,,,,,,,,,,,,,,
Samsung Monitor,HP Laptop,CYBERPOWER Gamer Desktop,Logitech 3-button Mouse,Belkin Mouse Pad,Dell Desktop,Apple MacBook Pro,Apple MacBook Air,Microsoft Wireless Desktop Keyboard and Mouse,,,,,,,,,,,,,,,,,,,,,,,
LG Monitor,Dell Monitor,Mackie CR Speakers,Halter Mesh Metal Monitor Stand,,,,,,,,,,,,,,,,,,,,,,,,,,,,
Acer Monitor,Acer Aspire,Dell Desktop,iMac,AOC Monitor,Microsoft Headset,,,,,,,,,,,,,,,,,,,,,,,,,,
Logitech 3-button Mouse,3-Button Mouse,Apple MacBook Pro,,,,,,,,,,,,,,,,,,,,,,,,,,,,,
LG Monitor,ViewSonic Monitor,Computer Game,HP Wireless Printer,Apple Magic Keyboard,Bose Companion Speakers,Logitech 3-button Mouse,Backlit LED Gaming Keyboard,,,,,,,,,,,,,,,,,,,,,,,,
Dell Laptop,Logitech Keyboard,Microsoft Wireless Desktop Keyboard and Mouse,,,,,,,,,,,,,,,,,,,,,,,,,,,,,
Acer Monitor,Lenovo Desktop Computer,Belkin Mouse Pad,Apple MacBook Pro,,,,,,,,,,,,,,,,,,,,,,,,,,,,
iMac,Slim 2TB Portable External Hard Drive,Apple MacBook Air,,,,,,,,,,,,,,,,,,,,,,,,,,,,,
HP Wireless Mouse,Acer Desktop,ViewSonic Monitor,HP Black & Tri-color Ink ,iMac,Epson Printer,Microsoft Office Home and Student 2016,,,,,,,,,,,,,,,,,,,,,,,,,
Acer Aspire,ViewSonic Monitor,Logitech Wireless Mouse,iMac,Lenovo Desktop Computer,Redragon Gaming Mouse,Apple MacBook Pro,Dell Laptop,iPad Pro ,,,,,,,,,,,,,,,,,,,,,,,
Eluktronics Pro Gaming Laptop,Dell Desktop,ViewSonic Monitor,HP Laptop,Lenovo Desktop Computer,Apple Magic Keyboard, Intel Desktop ,CYBERPOWER Gamer Desktop,Smart Light Bulb,,,,,,,,,,,,,,,,,,,,,,,
ViewSonic Monitor,iMac,Apple MacBook Pro,Gaming Mouse Professional,DYMO Labeling Tape ,,,,,,,,,,,,,,,,,,,,,,,,,,,
Kensington Headphones ,APIE Bluetooth Headphone,Apple Earpods,,,,,,,,,,,,,,,,,,,,,,,,,,,,,
Apple MacBook Air,,,,,,,,,,,,,,,,,,,,,,,,,,,,,,,
iMac,Cyber Acoustics,Fire HD Tablet,iPhone Charger Cable,HP USB Keyboard ,Apple Earpods,Backlit LED Gaming Keyboard,,,,,,,,,,,,,,,,,,,,,,,,,
Apple MacBook Pro,HP Monitor,LG Touchscreen Laptop,,,,,,,,,,,,,,,,,,,,,,,,,,,,,
Logitech Desktop MK120 Mouse and keyboard Combo,iMac,Microsoft Office Home and Student 2016,CYBERPOWER Gamer Desktop,Rii LED Gaming Keyboard & Mouse Combo ,Fire HD Tablet,Generic Black 3-Button,ASUS Desktop,,,,,,,,,,,,,,,,,,,,,,,,
Logitech Desktop MK120 Mouse and keyboard Combo,Dell Desktop,iMac,Lenovo Desktop Computer,Slim 2TB Portable External Hard Drive,Logitech MK550 Wireless Wave Keyboard and Mouse Combo, Intel Desktop ,Logitech 3-button Mouse,Smart Light Bulb,HP USB Keyboard ,Apple MacBook Pro,Apple Earpods,HP Monitor,Apple MacBook Air,Zombie Gaming Headset,Logitech Keyboard,,,,,,,,,,,,,,,,
Otium Wireless Sports Bluetooth Headphone,Logitech Desktop MK120 Mouse and keyboard Combo,Eluktronics Pro Gaming Laptop,Acer Aspire,Acer Desktop,iMac,ASUS Monitor,Lenovo Desktop Computer,Google Home,CYBERPOWER Gamer Desktop,Logitech 3-button Mouse,Logitech MK360 Wireless Keyboard and Mouse Combo,Apple MacBook Air,Dell Laptop,Backlit LED Gaming Keyboard,,,,,,,,,,,,,,,,,
Dell Desktop,Acer Desktop,Lenovo Desktop Computer,Cambridge Bluetooth Speaker,CYBERPOWER Gamer Desktop,VGA Monitor Cable,Apple MacBook Pro,Apple Earpods,Backlit LED Gaming Keyboard,,,,,,,,,,,,,,,,,,,,,,,
Zombie Gaming Headset,USB Cable,Microsoft Wireless Desktop Keyboard and Mouse,,,,,,,,,,,,,,,,,,,,,,,,,,,,,
iPhone Charger Cable,,,,,,,,,,,,,,,,,,,,,,,,,,,,,,,
Acer Aspire,iMac,Logitech Keyboard,,,,,,,,,,,,,,,,,,,,,,,,,,,,,
iMac,,,,,,,,,,,,,,,,,,,,,,,,,,,,,,,
Acer Monitor,Acer Desktop,HP Laptop,Apple Earpods,Apple MacBook Air,,,,,,,,,,,,,,,,,,,,,,,,,,,
Acer Monitor,Belkin Mouse Pad,Backlit LED Gaming Keyboard,Microsoft Wireless Desktop Keyboard and Mouse,,,,,,,,,,,,,,,,,,,,,,,,,,,,
Wireless Portable Mouse,,,,,,,,,,,,,,,,,,,,,,,,,,,,,,,
iMac,Lenovo Desktop Computer,CYBERPOWER Gamer Desktop,Computer Game,Apple Wireless Keyboard,,,,,,,,,,,,,,,,,,,,,,,,,,,
Dell 2 Desktop,iMac,Logitech MK550 Wireless Wave Keyboard and Mouse Combo,Dell Wired Keyboard,Microsoft Office Home and Student 2016,CYBERPOWER Gamer Desktop,AOC Monitor,Belkin Mouse Pad,Dell Desktop,Wireless Portable Mouse,,,,,,,,,,,,,,,,,,,,,,
Acer Monitor,Samsung Monitor,Eluktronics Pro Gaming Laptop,Acer Desktop,HP Laptop,iMac,HP Wireless Printer,Cambridge Bluetooth Speaker,Microsoft Office Home and Student 2016,Apple Earpods,,,,,,,,,,,,,,,,,,,,,,
Acer Aspire,Dell Desktop,Lenovo Desktop Computer,CYBERPOWER Gamer Desktop,Dell KM117 Wireless Keyboard & Mouse,,,,,,,,,,,,,,,,,,,,,,,,,,,
Apple Earpods,,,,,,,,,,,,,,,,,,,,,,,,,,,,,,,
LG Monitor,ViewSonic Monitor,iMac,Microsoft Basic Optical Mouse,Apple Wireless Keyboard,,,,,,,,,,,,,,,,,,,,,,,,,,,
Acer Monitor,LG Monitor,Dell Desktop,Acer Desktop,HP Laptop,Apple Magic Keyboard,Slim 2TB Portable External Hard Drive,AOC Monitor,,,,,,,,,,,,,,,,,,,,,,,,
HDMI Cable 6ft,iMac,Panasonic In-Ear Headphone ,Apple MacBook Pro,iPad Pro ,,,,,,,,,,,,,,,,,,,,,,,,,,,
Acer Aspire,Dell 2 Desktop,iMac,Alienware Laptop,Apple Magic Keyboard,Epson Printer,Fire HD Tablet,Smart Light Bulb,Apple Earpods,HP Monitor,Large Mouse Pad,Monster Beats By Dr Dre,Dell Laptop,,,,,,,,,,,,,,,,,,,
HP Wireless Mouse,iMac,Koss Home Headphones,Apple Wireless Keyboard,Slim Wireless Mouse,Dell Laptop,,,,,,,,,,,,,,,,,,,,,,,,,,
iMac,,,,,,,,,,,,,,,,,,,,,,,,,,,,,,,
Dell Desktop,Dell 2 Desktop,HP Laptop,iMac,ASUS Monitor,Lenovo Desktop Computer, Intel Desktop ,Logitech 3-button Mouse,,,,,,,,,,,,,,,,,,,,,,,,
ASUS 2 Monitor,Apple Magic Keyboard,Backlit LED Gaming Keyboard,,,,,,,,,,,,,,,,,,,,,,,,,,,,,
Samsung Monitor,Acer Aspire,Dell Desktop,ViewSonic Monitor,HP Laptop,iMac,Lenovo Desktop Computer,Apple Magic Keyboard,Dell Wired Keyboard,CYBERPOWER Gamer Desktop,3-Button Mouse,Apple Wireless Keyboard,Rii LED Keyboard,Backlit LED Gaming Keyboard,,,,,,,,,,,,,,,,,,
Eluktronics Pro Gaming Laptop,iMac,AOC Monitor,Logitech 3-button Mouse,Dell Desktop,HP Monitor,,,,,,,,,,,,,,,,,,,,,,,,,,
Acer Aspire,iMac,Alienware Laptop,Bose Companion Speakers,Microsoft Office Home and Student 2016,CYBERPOWER Gamer Desktop,Brother Printer Toner,Belkin Mouse Pad,Apple MacBook Pro,,,,,,,,,,,,,,,,,,,,,,,
Samsung Monitor,CYBERPOWER Gamer Desktop,Microsoft Headset,HP Desktop,,,,,,,,,,,,,,,,,,,,,,,,,,,,
Dell KM117 Wireless Keyboard & Mouse,HP Desktop,,,,,,,,,,,,,,,,,,,,,,,,,,,,,,
HP Laptop,iMac,AOC Monitor,,,,,,,,,,,,,,,,,,,,,,,,,,,,,
HDMI Cable 6ft,HP Laptop,Dell Wired Keyboard,CYBERPOWER Gamer Desktop,AOC Monitor,Logitech 3-button Mouse,Belkin Mouse Pad,,,,,,,,,,,,,,,,,,,,,,,,,
ASUS Chromebook,Acer Aspire,ViewSonic Monitor,iMac,Microsoft Office Home and Student 2016,HP Laptop,,,,,,,,,,,,,,,,,,,,,,,,,,
Acer Desktop,Apple MacBook Pro,iPhone Charger Cable,iPad Pro ,DYMO Labeling Tape ,,,,,,,,,,,,,,,,,,,,,,,,,,,
ASUS Chromebook,,,,,,,,,,,,,,,,,,,,,,,,,,,,,,,
iMac,iPad ,Brother Printer Toner,Belkin Mouse Pad,APIE Bluetooth Headphone,Apple Wireless Keyboard,Apple Earpods,Apple MacBook Air,Slim Wireless Mouse,Microsoft Wireless Comfort Keyboard and Mouse,ASUS Desktop,,,,,,,,,,,,,,,,,,,,,
LG Monitor,ViewSonic Monitor,iMac,Apple Magic Keyboard,Sonos,Logitech 3-button Mouse,Rii LED Gaming Keyboard & Mouse Combo ,Cyber Acoustics,Belkin Mouse Pad,Dell Desktop,Panasonic On-Ear Stereo Headphones,Apple MacBook Pro,Dell Laptop,Zombie Gaming Headset,Apple TV,Brother Printer,DYMO Labeling Tape ,Epson Black Ink,Sceptre Monitor,,,,,,,,,,,,,
Acer Monitor,iMac,Apple MacBook Pro,,,,,,,,,,,,,,,,,,,,,,,,,,,,,
Dell KM117 Wireless Keyboard & Mouse,,,,,,,,,,,,,,,,,,,,,,,,,,,,,,,
Apple MacBook Pro,Apple Earpods,Logitech Keyboard,,,,,,,,,,,,,,,,,,,,,,,,,,,,,
HDMI Cable 6ft,ASUS Chromebook,ASUS Monitor,Lenovo Desktop Computer,Google Home,Microsoft Office Home and Student 2016,Apple MacBook Pro,Rii LED Keyboard,Logitech Keyboard,,,,,,,,,,,,,,,,,,,,,,,
Apple Earpods,,,,,,,,,,,,,,,,,,,,,,,,,,,,,,,
Apple Earpods,,,,,,,,,,,,,,,,,,,,,,,,,,,,,,,
Lenovo Desktop Computer,,,,,,,,,,,,,,,,,,,,,,,,,,,,,,,
Apple TV,,,,,,,,,,,,,,,,,,,,,,,,,,,,,,,
Acer Monitor,HP Laptop,Lenovo Desktop Computer,Bose Companion Speakers,Koss Home Headphones,Microsoft Office Home and Student 2016,CYBERPOWER Gamer Desktop,Apple TV,,,,,,,,,,,,,,,,,,,,,,,,
Acer Monitor,Computer Game,iMac,,,,,,,,,,,,,,,,,,,,,,,,,,,,,
Acer Desktop,Lenovo Desktop Computer,Koss Home Headphones,Logitech 3-button Mouse,PC Gaming Headset,,,,,,,,,,,,,,,,,,,,,,,,,,,
HDMI Cable 6ft,iMac,Koss Home Headphones,ASUS Desktop,,,,,,,,,,,,,,,,,,,,,,,,,,,,
Epson Black Ink,CYBERPOWER Gamer Desktop,Dell Desktop,Redragon Gaming Mouse,,,,,,,,,,,,,,,,,,,,,,,,,,,,
Apple Earpods,ASUS Desktop,Microsoft Wireless Desktop Keyboard and Mouse,,,,,,,,,,,,,,,,,,,,,,,,,,,,,
ASUS Chromebook,CYBERPOWER Gamer Desktop,HP USB Keyboard ,Apple Earpods,,,,,,,,,,,,,,,,,,,,,,,,,,,,
CYBERPOWER Gamer Desktop,,,,,,,,,,,,,,,,,,,,,,,,,,,,,,,
LG Monitor,HP Laptop,CYBERPOWER Gamer Desktop,,,,,,,,,,,,,,,,,,,,,,,,,,,,,
Samsung Monitor,HDMI Cable 6ft,ViewSonic Monitor,HP Laptop,Koss Home Headphones,Panasonic In-Ear Headphone ,Fire HD Tablet,ViewSonic Monitor,Apple MacBook Air,Philips Flexible Earhook Headphone,ASUS Desktop,,,,,,,,,,,,,,,,,,,,,
Samsung Monitor,Otium Wireless Sports Bluetooth Headphone,HP Wireless Mouse,Eluktronics Pro Gaming Laptop,Dell Desktop,HP Black & Tri-color Ink ,HP Laptop,Sonos,AOC Monitor,Apple Earpods,Dell Laptop,Apple TV,Gaming Mouse Professional,,,,,,,,,,,,,,,,,,,
ASUS Monitor,Epson Printer,Belkin Mouse Pad,Rii LED Keyboard,,,,,,,,,,,,,,,,,,,,,,,,,,,,
Dell 2 Desktop,Slim 2TB Portable External Hard Drive,,,,,,,,,,,,,,,,,,,,,,,,,,,,,,
Samsung Monitor,iMac,ASUS Monitor, Intel Desktop ,Microsoft Basic Optical Mouse,HP Monitor,ASUS Desktop,,,,,,,,,,,,,,,,,,,,,,,,,
Samsung Monitor,ViewSonic Monitor,iMac,3-Button Mouse,Apple Earpods,Eluktronics Pro Gaming Laptop,,,,,,,,,,,,,,,,,,,,,,,,,,
Samsung Monitor,Acer Aspire,Acer Desktop,iMac,Alienware Laptop,,,,,,,,,,,,,,,,,,,,,,,,,,,
Eluktronics Pro Gaming Laptop,HP Laptop,CYBERPOWER Gamer Desktop,,,,,,,,,,,,,,,,,,,,,,,,,,,,,
HP Laptop,ASUS Monitor,Panasonic In-Ear Headphone , Intel Desktop ,CYBERPOWER Gamer Desktop,Belkin Mouse Pad,Apple Earpods,Acer Desktop,,,,,,,,,,,,,,,,,,,,,,,,
Apple Earpods,Apple MacBook Air,,,,,,,,,,,,,,,,,,,,,,,,,,,,,,
Samsung Monitor,Apple Earpods,LG Touchscreen Laptop,Microsoft Headset,Microsoft Wireless Desktop Keyboard and Mouse,,,,,,,,,,,,,,,,,,,,,,,,,,,
CYBERPOWER Gamer Desktop,Logitech 3-button Mouse,Apple MacBook Air,,,,,,,,,,,,,,,,,,,,,,,,,,,,,
ASUS Chromebook,Computer Game,HP Laptop,Apple Magic Keyboard,Microsoft Office Home and Student 2016,3-Button Mouse,Rii LED Gaming Keyboard & Mouse Combo ,APIE Bluetooth Headphone,HP Monitor,Apple MacBook Air,Backlit LED Gaming Keyboard,,,,,,,,,,,,,,,,,,,,,
Samsung Monitor,HP Laptop,ASUS Monitor,ASUS 2 Monitor,Apple Magic Keyboard,Logitech MK550 Wireless Wave Keyboard and Mouse Combo,Rii LED Gaming Keyboard & Mouse Combo ,Samsung Charging Cable,Acer Desktop,HP Monitor,Slim Wireless Mouse,,,,,,,,,,,,,,,,,,,,,
LG Monitor,ASUS Chromebook,ViewSonic Monitor,HP Laptop,iMac,Microsoft Office Home and Student 2016,Mackie CR Speakers,Dell Desktop,HP Monitor,Apple MacBook Air,Gaming Mouse Professional,Eluktronics Pro Gaming Laptop,Backlit LED Gaming Keyboard,,,,,,,,,,,,,,,,,,,
CYBERPOWER Gamer Desktop,,,,,,,,,,,,,,,,,,,,,,,,,,,,,,,
Acer Desktop,ViewSonic Monitor,HP Black & Tri-color Ink ,iMac,ASUS 2 Monitor,Lenovo Desktop Computer,Halter Acrylic Monitor Stand,Logitech Keyboard,,,,,,,,,,,,,,,,,,,,,,,,
iMac,Apple MacBook Pro,Logitech Keyboard,,,,,,,,,,,,,,,,,,,,,,,,,,,,,
Acer Monitor,ViewSonic Monitor,iMac,Belkin Mouse Pad,,,,,,,,,,,,,,,,,,,,,,,,,,,,
LG Monitor,ASUS Chromebook,ViewSonic Monitor,,,,,,,,,,,,,,,,,,,,,,,,,,,,,
Samsung Monitor,iMac,Belkin Mouse Pad,,,,,,,,,,,,,,,,,,,,,,,,,,,,,
Logitech Wireless Mouse,iMac,Slim 2TB Portable External Hard Drive,CYBERPOWER Gamer Desktop,iPad Pro ,,,,,,,,,,,,,,,,,,,,,,,,,,,
Apple Wireless Keyboard,Apple MacBook Pro,DYMO Labeling Tape ,,,,,,,,,,,,,,,,,,,,,,,,,,,,,
HP Laptop,iMac,ASUS 2 Monitor,Microsoft Office Home and Student 2016,Brother Printer,,,,,,,,,,,,,,,,,,,,,,,,,,,
Samsung Monitor,Acer Aspire,Computer Game,HP Laptop,iMac,Panasonic In-Ear Headphone , Intel Desktop ,Lenovo Desktop Computer,Backlit LED Gaming Keyboard,,,,,,,,,,,,,,,,,,,,,,,
HDMI Cable 6ft,Dell Desktop,Slim 2TB Portable External Hard Drive,AOC Monitor,3-Button Mouse,Wireless Portable Mouse,Dell Laptop,HP Desktop,,,,,,,,,,,,,,,,,,,,,,,,
Apple MacBook Pro,LG Touchscreen Laptop,,,,,,,,,,,,,,,,,,,,,,,,,,,,,,
Apple MacBook Pro,Apple Earpods,,,,,,,,,,,,,,,,,,,,,,,,,,,,,,
HDMI Cable 6ft,ViewSonic Monitor,Computer Game,iMac,Microsoft Office Home and Student 2016,CYBERPOWER Gamer Desktop,Logitech 3-button Mouse,3-Button Mouse,Backlit LED Gaming Keyboard,,,,,,,,,,,,,,,,,,,,,,,
Dell Desktop,ViewSonic Monitor,iMac,ASUS 2 Monitor,Microsoft Office Home and Student 2016,Logitech 3-button Mouse,HP Monitor,,,,,,,,,,,,,,,,,,,,,,,,,
Dell Desktop,Acer Desktop,HP Laptop,Apple Earpods,Apple MacBook Air,Large Mouse Pad,,,,,,,,,,,,,,,,,,,,,,,,,,
Dell 2 Desktop,,,,,,,,,,,,,,,,,,,,,,,,,,,,,,,
iMac,CYBERPOWER Gamer Desktop,Logitech 3-button Mouse,Belkin Mouse Pad,,,,,,,,,,,,,,,,,,,,,,,,,,,,
Full Motion Monitor Mount,Backlit LED Gaming Keyboard,,,,,,,,,,,,,,,,,,,,,,,,,,,,,,
HP Laptop,Dell Monitor,Etekcity Power Extension Cord Cable,Microsoft Wireless Desktop Keyboard and Mouse,,,,,,,,,,,,,,,,,,,,,,,,,,,,
Acer Desktop,Bose Companion Speakers,AOC Monitor,Logitech 3-button Mouse,Belkin Mouse Pad,USB Cable,iPad Pro ,,,,,,,,,,,,,,,,,,,,,,,,,
HP Laptop,iMac,APIE Bluetooth Headphone,Apple Earpods,Apple MacBook Air,Slim Wireless Mouse,,,,,,,,,,,,,,,,,,,,,,,,,,
Dell Desktop,Lenovo Desktop Computer,AOC Monitor,Apple Earpods,HP Monitor,iPad,iPad Pro ,,,,,,,,,,,,,,,,,,,,,,,,,
CYBERPOWER Gamer Desktop,Apple MacBook Air,,,,,,,,,,,,,,,,,,,,,,,,,,,,,,
Acer Monitor,Eluktronics Pro Gaming Laptop,ViewSonic Monitor,HP Laptop,iMac,ASUS 2 Monitor,Panasonic In-Ear Headphone ,Dell Wired Keyboard,Cambridge Bluetooth Speaker,Sonos,Microsoft Office Home and Student 2016,Apple MacBook Pro,HP Monitor,Apple MacBook Air,,,,,,,,,,,,,,,,,,
ViewSonic Monitor,iMac,Logitech MK550 Wireless Wave Keyboard and Mouse Combo,Microsoft Office Home and Student 2016,3TB Portable External Hard Drive,Mackie CR Speakers,Fire HD Tablet,Monster Beats By Dr Dre,Microsoft Basic Optical Mouse,Redragon Gaming Mouse,Apple Wireless Keyboard,HP Monitor,Apple TV,iPad Pro ,Microsoft Wireless Desktop Keyboard and Mouse,,,,,,,,,,,,,,,,,
HP Wireless Mouse,Dell 2 Desktop,ViewSonic Monitor,HP Black & Tri-color Ink ,HP Laptop,iMac,ASUS 2 Monitor,Sonos,Microsoft Office Home and Student 2016,Belkin Mouse Pad,Computer Game,Backlit LED Gaming Keyboard,,,,,,,,,,,,,,,,,,,,
Otium Wireless Sports Bluetooth Headphone,iMac,Microsoft Office Home and Student 2016,Apple MacBook Pro,,,,,,,,,,,,,,,,,,,,,,,,,,,,
Apple MacBook Air,,,,,,,,,,,,,,,,,,,,,,,,,,,,,,,
Acer Monitor,Samsung Monitor,Eluktronics Pro Gaming Laptop,Dell Desktop,HP Laptop,3-Button Mouse,Apple Earpods,Slim Wireless Mouse,Monster Beats By Dr Dre,Zombie Gaming Headset,,,,,,,,,,,,,,,,,,,,,,
HDMI Cable 6ft,ASUS Chromebook,Acer Aspire,Dell Desktop,ViewSonic Monitor,HP Laptop,iMac,Alienware Laptop,Microsoft Office Home and Student 2016,CYBERPOWER Gamer Desktop,3-Button Mouse,Fire HD Tablet,Microsoft Basic Optical Mouse,Apple Earpods,ASUS Desktop,Dell Laptop,Dell Laptop,HP Desktop,Logitech ClearChat Headset,iPad,iPad Pro ,Canon Ink ,Backlit LED Gaming Keyboard,,,,,,,,,
HP Wireless Mouse,CYBERPOWER Gamer Desktop,,,,,,,,,,,,,,,,,,,,,,,,,,,,,,
iMac,Apple Magic Keyboard,,,,,,,,,,,,,,,,,,,,,,,,,,,,,,
Dell 2 Desktop,HP Laptop,Lenovo Desktop Computer,Apple Magic Keyboard,Koss Home Headphones,Dell Wired Keyboard,3-Button Mouse,iPad ,Rii LED Gaming Keyboard & Mouse Combo ,Redragon Gaming Mouse,,,,,,,,,,,,,,,,,,,,,,
LG Monitor,HP Laptop,,,,,,,,,,,,,,,,,,,,,,,,,,,,,,
Redragon Gaming Mouse,Apple MacBook Air,Backlit LED Gaming Keyboard,,,,,,,,,,,,,,,,,,,,,,,,,,,,,
HP Laptop,Logitech Wireless Mouse,iMac,AOC Monitor,,,,,,,,,,,,,,,,,,,,,,,,,,,,
iMac,Logitech Keyboard,,,,,,,,,,,,,,,,,,,,,,,,,,,,,,
JBL Splashproof Portable Bluetooth Speaker,,,,,,,,,,,,,,,,,,,,,,,,,,,,,,,
iMac,CYBERPOWER Gamer Desktop,Logitech Keyboard,Microsoft Wireless Desktop Keyboard and Mouse,,,,,,,,,,,,,,,,,,,,,,,,,,,,
iMac,Lenovo Desktop Computer,Apple Wireless Keyboard,,,,,,,,,,,,,,,,,,,,,,,,,,,,,
LG Monitor,ViewSonic Monitor,Apple MacBook Pro,Apple Earpods,,,,,,,,,,,,,,,,,,,,,,,,,,,,
Samsung Monitor,CYBERPOWER Gamer Desktop,Apple Earpods,,,,,,,,,,,,,,,,,,,,,,,,,,,,,
Apple Magic Keyboard,Audio Cable,Wireless Portable Mouse,Dell Laptop,,,,,,,,,,,,,,,,,,,,,,,,,,,,
LG Monitor,Dell Desktop,Logitech MK270 Wireless Keyboard and Mouse Combo,ViewSonic Monitor,HP Laptop,iMac,ASUS Monitor,Lenovo Desktop Computer,CYBERPOWER Gamer Desktop,,,,,,,,,,,,,,,,,,,,,,,
Dell Laptop,,,,,,,,,,,,,,,,,,,,,,,,,,,,,,,
ASUS Desktop,Backlit LED Gaming Keyboard,,,,,,,,,,,,,,,,,,,,,,,,,,,,,,
ASUS Chromebook,Dell Desktop,ViewSonic Monitor,HP Laptop,ASUS 2 Monitor,CYBERPOWER Gamer Desktop,Logitech Multimedia Speakers,Apple MacBook Pro,Brother Printer,Halter Mesh Metal Monitor Stand,,,,,,,,,,,,,,,,,,,,,,
Acer Monitor,LG Monitor,ASUS Chromebook,Dell Desktop,ViewSonic Monitor,HP Laptop,ASUS Monitor,CYBERPOWER Gamer Desktop,3-Button Mouse,Apple Wireless Keyboard,HP Monitor,Dell Laptop,Brother Printer,Backlit LED Gaming Keyboard,,,,,,,,,,,,,,,,,,
Dell Desktop,Computer Game,iMac,Apple Magic Keyboard,Belkin Mouse Pad,Apple Earpods,,,,,,,,,,,,,,,,,,,,,,,,,,
Dell Desktop,ViewSonic Monitor,iMac,ASUS 2 Monitor,HP Wireless Printer,Alienware Laptop,Lenovo Desktop Computer,Samsung Charging Cable,Apple MacBook Pro,Zombie Gaming Headset,Dell Laptop,Apple TV,,,,,,,,,,,,,,,,,,,,
Acer Monitor,Samsung Monitor,Logitech Desktop MK120 Mouse and keyboard Combo,Dell Desktop,ViewSonic Monitor,AOC Monitor,Full Motion Monitor Mount,Apple Earpods,,,,,,,,,,,,,,,,,,,,,,,,
Samsung Monitor,Acer Desktop,ViewSonic Monitor,HP Black & Tri-color Ink ,iMac,Dell Wired Keyboard,Height-Adjustable Standing Desk,Apple Earpods,Philips Flexible Earhook Headphone,,,,,,,,,,,,,,,,,,,,,,,
ViewSonic Monitor,Belkin Mouse Pad,Apple MacBook Pro,Apple Earpods,,,,,,,,,,,,,,,,,,,,,,,,,,,,
LG Monitor,Acer Aspire,Acer Desktop,ViewSonic Monitor,HP Laptop,iMac,ASUS Monitor,ASUS 2 Monitor,Lenovo Desktop Computer,Apple Magic Keyboard, Intel Desktop ,Epson Printer,Cambridge Bluetooth Speaker,Logitech MK360 Wireless Keyboard and Mouse Combo,Apple Earpods,HP Monitor,Slim Wireless Mouse,HP Desktop,,,,,,,,,,,,,,
HP Wireless Mouse,Eluktronics Pro Gaming Laptop,Dell Desktop,Acer Desktop,ViewSonic Monitor,HP Laptop,CYBERPOWER Gamer Desktop,Lenovo Desktop Computer,Full Motion Monitor Mount,Apple Wireless Keyboard,Apple Earpods,Apple MacBook Air,,,,,,,,,,,,,,,,,,,,
HP Laptop,iMac,ASUS 2 Monitor,Apple Magic Keyboard,Microsoft Office Home and Student 2016,CYBERPOWER Gamer Desktop,,,,,,,,,,,,,,,,,,,,,,,,,,
iMac,ASUS Monitor,Lenovo Desktop Computer,Cambridge Bluetooth Speaker,CYBERPOWER Gamer Desktop,3TB Portable External Hard Drive,Belkin Mouse Pad,Microsoft Basic Optical Mouse,HP Monitor,Apple MacBook Air,,,,,,,,,,,,,,,,,,,,,,
Apple Magic Keyboard,,,,,,,,,,,,,,,,,,,,,,,,,,,,,,,
3TB Portable External Hard Drive,Slim Wireless Mouse,Microsoft Wireless Comfort Keyboard and Mouse,Wireless Portable Mouse,Dell Laptop,,,,,,,,,,,,,,,,,,,,,,,,,,,
LG Monitor,Apple MacBook Air,Slim Wireless Mouse,Zombie Gaming Headset,iPad Pro ,,,,,,,,,,,,,,,,,,,,,,,,,,,
CYBERPOWER Gamer Desktop,iPad ,Redragon Gaming Mouse,Microsoft Wireless Desktop Keyboard and Mouse,,,,,,,,,,,,,,,,,,,,,,,,,,,,
ViewSonic Monitor,HP Laptop,ASUS Monitor,,,,,,,,,,,,,,,,,,,,,,,,,,,,,
Acer Aspire,Computer Game,Lenovo Desktop Computer,CYBERPOWER Gamer Desktop,,,,,,,,,,,,,,,,,,,,,,,,,,,,
Acer Desktop,Computer Game,HP Laptop,DOSS Touch Wireless Bluetooth,Wireless Portable Mouse,,,,,,,,,,,,,,,,,,,,,,,,,,,
Samsung Monitor,Apple Wired Keyboard,Fire HD Tablet,Apple MacBook Pro,Apple TV,Microsoft Wireless Desktop Keyboard and Mouse,,,,,,,,,,,,,,,,,,,,,,,,,,
Acer Monitor,Eluktronics Pro Gaming Laptop,Acer Desktop,HP Laptop,Alienware Laptop,Lenovo Desktop Computer,Panasonic In-Ear Headphone ,Apple Wireless Keyboard,HP Desktop,,,,,,,,,,,,,,,,,,,,,,,
HP Wireless Mouse,iMac,Slim Wireless Mouse,ASUS Desktop,,,,,,,,,,,,,,,,,,,,,,,,,,,,
Samsung Monitor,HP Laptop,Logitech Wireless Mouse,Apple MacBook Air,Dell KM117 Wireless Keyboard & Mouse,,,,,,,,,,,,,,,,,,,,,,,,,,,
ASUS Desktop,,,,,,,,,,,,,,,,,,,,,,,,,,,,,,,
Acer Aspire,HP Laptop,iMac,Lenovo Desktop Computer,Apple MacBook Pro,Apple MacBook Air,,,,,,,,,,,,,,,,,,,,,,,,,,
HP Laptop,Alienware Laptop,Ailihen Stereo Headphones,Etekcity Power Extension Cord Cable,,,,,,,,,,,,,,,,,,,,,,,,,,,,
Acer Desktop,iMac,Microsoft Office Home and Student 2016,AOC Monitor,Rii LED Gaming Keyboard & Mouse Combo ,Audio Cable,Smart Light Bulb,Apple MacBook Pro,HP Monitor,Halter Mesh Metal Monitor Stand,,,,,,,,,,,,,,,,,,,,,,
Dell Desktop,Acer Desktop,HP Laptop,iMac,ASUS 2 Monitor,Rokono Mini Speaker,,,,,,,,,,,,,,,,,,,,,,,,,,
Computer Game,HP Laptop,iMac,ASUS 2 Monitor,Lenovo Desktop Computer,Logitech 3-button Mouse,Mackie CR Speakers,Belkin Mouse Pad,Apple MacBook Air,Rii LED Keyboard,Apple TV,Brother Printer,iPad Pro ,Epson Black Ink,,,,,,,,,,,,,,,,,,
ViewSonic Monitor,HP Laptop,ASUS 2 Monitor, Intel Desktop ,3-Button Mouse,,,,,,,,,,,,,,,,,,,,,,,,,,,
CYBERPOWER Gamer Desktop,Belkin Mouse Pad,Logitech Multimedia Speakers,Apple MacBook Air,,,,,,,,,,,,,,,,,,,,,,,,,,,,
Acer Monitor,Apple MacBook Pro,Apple Earpods,Backlit LED Gaming Keyboard,,,,,,,,,,,,,,,,,,,,,,,,,,,,
Logitech Desktop MK120 Mouse and keyboard Combo,Acer Aspire,Dell Desktop,ViewSonic Monitor,HP Black & Tri-color Ink ,HP Laptop,iMac,ASUS 2 Monitor,Logitech MK550 Wireless Wave Keyboard and Mouse Combo, Intel Desktop ,Microsoft Office Home and Student 2016,Logitech 3-button Mouse,Etekcity Power Extension Cord Cable,Ethernet Cable,Apple MacBook Pro,Acer Desktop,HP Monitor,,,,,,,,,,,,,,,
Alienware Laptop, Intel Desktop ,Apple MacBook Pro,,,,,,,,,,,,,,,,,,,,,,,,,,,,,
iMac,ASUS Monitor,CYBERPOWER Gamer Desktop,Apple MacBook Air,,,,,,,,,,,,,,,,,,,,,,,,,,,,
Computer Game,3-Button Mouse,Logitech Keyboard,,,,,,,,,,,,,,,,,,,,,,,,,,,,,
HP Black & Tri-color Ink ,iMac,Alienware Laptop,Lenovo Desktop Computer, Intel Desktop ,Epson Printer,Ailihen Stereo Headphones,CYBERPOWER Gamer Desktop,Lenovo Desktop Computer,Belkin Mouse Pad,Backlit LED Gaming Keyboard,,,,,,,,,,,,,,,,,,,,,
Dell 2 Desktop,Lenovo Desktop Computer,Microsoft Office Home and Student 2016,Backlit LED Gaming Keyboard,,,,,,,,,,,,,,,,,,,,,,,,,,,,
Sonos,Generic Black 3-Button,Microsoft Headset,,,,,,,,,,,,,,,,,,,,,,,,,,,,,
Apple Magic Keyboard,Sonos,Logitech Keyboard,,,,,,,,,,,,,,,,,,,,,,,,,,,,,
HP Wireless Mouse,Eluktronics Pro Gaming Laptop,HP Black & Tri-color Ink ,HP Laptop,iMac,Lenovo Desktop Computer,Microsoft Office Home and Student 2016,CYBERPOWER Gamer Desktop,Roku Express,,,,,,,,,,,,,,,,,,,,,,,
Apple MacBook Air,iPhone Charger Cable,Large Mouse Pad,ASUS Desktop,,,,,,,,,,,,,,,,,,,,,,,,,,,,
iPad Pro ,,,,,,,,,,,,,,,,,,,,,,,,,,,,,,,
Samsung Monitor,Acer Aspire,Lenovo Desktop Computer,3-Button Mouse,Apple Wireless Keyboard,Apple Earpods,iPad Pro ,Backlit LED Gaming Keyboard,,,,,,,,,,,,,,,,,,,,,,,,
Dell Desktop,HP Laptop,Lenovo Desktop Computer,Epson Printer,Belkin Mouse Pad,Microsoft Basic Optical Mouse,Redragon Gaming Mouse,Zombie Gaming Headset,Logitech Keyboard,,,,,,,,,,,,,,,,,,,,,,,
Logitech MK270 Wireless Keyboard and Mouse Combo,Dell 2 Desktop,ASUS Monitor,Epson Printer,Apple MacBook Pro,Apple Earpods,DYMO Labeling Tape ,,,,,,,,,,,,,,,,,,,,,,,,,
ASUS Chromebook,Apple Earpods,Zombie Gaming Headset,Halter Mesh Metal Monitor Stand,,,,,,,,,,,,,,,,,,,,,,,,,,,,
Apple Magic Keyboard,,,,,,,,,,,,,,,,,,,,,,,,,,,,,,,
Etekcity Power Extension Cord Cable,,,,,,,,,,,,,,,,,,,,,,,,,,,,,,,
HP Laptop,Apple Magic Keyboard,CYBERPOWER Gamer Desktop,3-Button Mouse,Fire TV Stick,Dell Laptop,,,,,,,,,,,,,,,,,,,,,,,,,,
Sonos,,,,,,,,,,,,,,,,,,,,,,,,,,,,,,,
Acer Monitor,HDMI Cable 6ft,ASUS Chromebook,Dell 2 Desktop,HP Laptop,iMac,Lenovo Desktop Computer,Microsoft Office Home and Student 2016,3-Button Mouse,Apple Earpods,Apple MacBook Air,Dell KM117 Wireless Keyboard & Mouse,Halter Mesh Metal Monitor Stand,,,,,,,,,,,,,,,,,,,
Logitech MK550 Wireless Wave Keyboard and Mouse Combo,,,,,,,,,,,,,,,,,,,,,,,,,,,,,,,
Apple MacBook Air,,,,,,,,,,,,,,,,,,,,,,,,,,,,,,,
HP Laptop,,,,,,,,,,,,,,,,,,,,,,,,,,,,,,,
iMac,ASUS 2 Monitor,HP Wireless Printer,iPad ,Logitech Multimedia Speakers,Logitech Wireless Keyboard,Apple MacBook Air,Apple MacBook Air,Dell Laptop,DYMO Labeling Tape ,,,,,,,,,,,,,,,,,,,,,,
Samsung Monitor,CYBERPOWER Gamer Desktop,3-Button Mouse,Apple Earpods,PC Gaming Headset,Microsoft Wireless Desktop Keyboard and Mouse,,,,,,,,,,,,,,,,,,,,,,,,,,
ViewSonic Monitor,Microsoft Office Home and Student 2016,,,,,,,,,,,,,,,,,,,,,,,,,,,,,,
HP Laptop,Apple MacBook Air,Dell KM117 Wireless Keyboard & Mouse,Computer Game,Dell Laptop,,,,,,,,,,,,,,,,,,,,,,,,,,,
Panasonic In-Ear Headphone ,Logitech MK550 Wireless Wave Keyboard and Mouse Combo,Apple Wireless Keyboard,Apple Earpods,Apple MacBook Air,Microsoft Headset,Brother Printer,,,,,,,,,,,,,,,,,,,,,,,,,
iMac,HP Wireless Printer,,,,,,,,,,,,,,,,,,,,,,,,,,,,,,
Lenovo Desktop Computer,Koss Home Headphones,,,,,,,,,,,,,,,,,,,,,,,,,,,,,,
Acer Monitor,HDMI Cable 6ft,Acer Aspire,Dell Desktop,Acer Desktop,ViewSonic Monitor,HP Black & Tri-color Ink ,HP Laptop,iMac,Lenovo Desktop Computer,Apple Magic Keyboard,Dell Wired Keyboard,Microsoft Office Home and Student 2016,AOC Monitor,Apple Wireless Keyboard,Apple MacBook Air,,,,,,,,,,,,,,,,
Samsung Monitor,Logitech Desktop MK120 Mouse and keyboard Combo,Dell Desktop,Logitech MK270 Wireless Keyboard and Mouse Combo,HP Laptop,iMac,ASUS 2 Monitor,Lenovo Desktop Computer,Brother Printer Toner,HP Notebook Touchscreen Laptop PC,Smart Light Bulb,Redragon Gaming Mouse,Apple MacBook Pro,ASUS Desktop,Dell Laptop,,,,,,,,,,,,,,,,,
Acer Aspire,Acer Desktop,HP Laptop,,,,,,,,,,,,,,,,,,,,,,,,,,,,,
Acer Monitor,Otium Wireless Sports Bluetooth Headphone,AOC Monitor,Backlit LED Gaming Keyboard,,,,,,,,,,,,,,,,,,,,,,,,,,,,
Apple MacBook Pro,Halter Mesh Metal Monitor Stand,,,,,,,,,,,,,,,,,,,,,,,,,,,,,,
Kensington Headphones ,HP Wireless Printer,3-Button Mouse,Microsoft Wireless Desktop Keyboard and Mouse,,,,,,,,,,,,,,,,,,,,,,,,,,,,
Gaming Mouse Professional,,,,,,,,,,,,,,,,,,,,,,,,,,,,,,,
HP Wireless Printer,Acer Desktop,HP Monitor,,,,,,,,,,,,,,,,,,,,,,,,,,,,,
HP Laptop,iMac,ASUS Monitor,Lenovo Desktop Computer,Slim 2TB Portable External Hard Drive,Panasonic In-Ear Headphone ,Generic Black 3-Button,Logitech Keyboard,,,,,,,,,,,,,,,,,,,,,,,,
ASUS 2 Monitor,Apple Magic Keyboard,Apple MacBook Pro,,,,,,,,,,,,,,,,,,,,,,,,,,,,,
Apple MacBook Air,Monster Beats By Dr Dre,,,,,,,,,,,,,,,,,,,,,,,,,,,,,,
Apple Magic Keyboard,Backlit LED Gaming Keyboard,,,,,,,,,,,,,,,,,,,,,,,,,,,,,,
Acer Monitor,,,,,,,,,,,,,,,,,,,,,,,,,,,,,,,
Apple Earpods,,,,,,,,,,,,,,,,,,,,,,,,,,,,,,,
Google Home,Eluktronics Pro Gaming Laptop,,,,,,,,,,,,,,,,,,,,,,,,,,,,,,
HP Laptop,iMac,Epson Printer,Logitech Keyboard,Computer Game,Apple Earpods,iPad Pro ,Halter Mesh Metal Monitor Stand,,,,,,,,,,,,,,,,,,,,,,,,
Acer Desktop,Dell Laptop,Microsoft Wireless Desktop Keyboard and Mouse,,,,,,,,,,,,,,,,,,,,,,,,,,,,,
Apple MacBook Pro,,,,,,,,,,,,,,,,,,,,,,,,,,,,,,,
Apple Earpods,Microsoft Headset,,,,,,,,,,,,,,,,,,,,,,,,,,,,,,
HP Laptop,,,,,,,,,,,,,,,,,,,,,,,,,,,,,,,
Acer Aspire,Brother Printer Toner,Backlit LED Gaming Keyboard,,,,,,,,,,,,,,,,,,,,,,,,,,,,,
ViewSonic Monitor,HP Laptop,iMac,APIE Bluetooth Headphone,Apple Earpods,,,,,,,,,,,,,,,,,,,,,,,,,,,
Logitech Desktop MK120 Mouse and keyboard Combo,Logitech Wireless Mouse,Alienware Laptop,Bose Companion Speakers,CYBERPOWER Gamer Desktop,3TB Portable External Hard Drive,Apple MacBook Pro,HP Monitor,,,,,,,,,,,,,,,,,,,,,,,,
Lenovo Desktop Computer,Apple MacBook Air,,,,,,,,,,,,,,,,,,,,,,,,,,,,,,
Acer Aspire,HP Laptop,AOC Monitor,Logitech 3-button Mouse,iPad ,Belkin Mouse Pad,Apple Wireless Keyboard,HP Monitor,Zombie Gaming Headset,,,,,,,,,,,,,,,,,,,,,,,
Acer Desktop,Acer Desktop,,,,,,,,,,,,,,,,,,,,,,,,,,,,,,
ASUS 2 Monitor,Lenovo Desktop Computer,Etekcity Power Extension Cord Cable,Apple MacBook Pro,Apple MacBook Air,Samsung Galaxy Tablet,,,,,,,,,,,,,,,,,,,,,,,,,,
Monster Beats By Dr Dre,,,,,,,,,,,,,,,,,,,,,,,,,,,,,,,
iMac,Dell Wired Keyboard,3-Button Mouse,Apple Earpods,,,,,,,,,,,,,,,,,,,,,,,,,,,,
ASUS Chromebook,HP Laptop,Logitech Wireless Mouse,HP USB Keyboard ,,,,,,,,,,,,,,,,,,,,,,,,,,,,
Sonos,JBL Splashproof Portable Bluetooth Speaker,,,,,,,,,,,,,,,,,,,,,,,,,,,,,,
ASUS Chromebook,Sonos,,,,,,,,,,,,,,,,,,,,,,,,,,,,,,
LG Monitor,ASUS Chromebook,ASUS Monitor,Apple Magic Keyboard,Cambridge Bluetooth Speaker,Ailihen Stereo Headphones,CYBERPOWER Gamer Desktop,3-Button Mouse,Halter Acrylic Monitor Stand,Redragon Gaming Mouse,Wireless Portable Mouse,Dell Laptop,Microsoft Wireless Desktop Keyboard and Mouse,,,,,,,,,,,,,,,,,,,
Acer Desktop,Belkin Mouse Pad,Apple Earpods,ASUS Desktop,Wireless Portable Mouse,Dell Laptop,Zombie Gaming Headset,Apple TV,Brother Printer,Epson Black Ink,Etekcity Power Extension Cord Cable,,,,,,,,,,,,,,,,,,,,,
HP Wireless Mouse,HP Laptop,Slim 2TB Portable External Hard Drive,HP Notebook Touchscreen Laptop PC,Brother Printer,,,,,,,,,,,,,,,,,,,,,,,,,,,
HP Wireless Mouse,Acer Aspire,iMac,Dell Wired Keyboard,Apple Wireless Keyboard,Apple Earpods,HP Monitor,Apple MacBook Air,LG Touchscreen Laptop,iPad,Microsoft Wireless Desktop Keyboard and Mouse,,,,,,,,,,,,,,,,,,,,,
iPhone Charger Cable,,,,,,,,,,,,,,,,,,,,,,,,,,,,,,,
Dell 2 Desktop,Lenovo Desktop Computer,Apple Magic Keyboard,,,,,,,,,,,,,,,,,,,,,,,,,,,,,
Samsung Monitor,Bose Companion Speakers,Microsoft Office Home and Student 2016,AOC Monitor,Apple Earpods,Rii LED Keyboard,,,,,,,,,,,,,,,,,,,,,,,,,,
Samsung Monitor,ViewSonic Monitor,ASUS Monitor,Etekcity Power Extension Cord Cable,Microsoft Basic Optical Mouse,Apple MacBook Air,Microsoft Wireless Desktop Keyboard and Mouse,,,,,,,,,,,,,,,,,,,,,,,,,
HP Laptop,3-Button Mouse,Ethernet Cable,Dell Laptop,JBL Splashproof Portable Bluetooth Speaker,,,,,,,,,,,,,,,,,,,,,,,,,,,
Apple MacBook Air,,,,,,,,,,,,,,,,,,,,,,,,,,,,,,,
Samsung Monitor,Otium Wireless Sports Bluetooth Headphone,Dell 2 Desktop,iMac,Apple Magic Keyboard,AOC Monitor,HP Monitor,ASUS Desktop,Wireless Portable Mouse,Gaming Mouse Professional,,,,,,,,,,,,,,,,,,,,,,
Apple MacBook Pro,Apple Earpods,,,,,,,,,,,,,,,,,,,,,,,,,,,,,,
Backlit LED Gaming Keyboard,,,,,,,,,,,,,,,,,,,,,,,,,,,,,,,
Apple Earpods,,,,,,,,,,,,,,,,,,,,,,,,,,,,,,,
Logitech Wireless Mouse,,,,,,,,,,,,,,,,,,,,,,,,,,,,,,,
HP Wireless Printer,CYBERPOWER Gamer Desktop,Wireless Portable Mouse,,,,,,,,,,,,,,,,,,,,,,,,,,,,,
Eluktronics Pro Gaming Laptop,Acer Desktop,Logitech Multimedia Speakers,Apple MacBook Air,LG Touchscreen Laptop,,,,,,,,,,,,,,,,,,,,,,,,,,,
AOC Monitor,Apple Earpods,Microsoft Wireless Desktop Keyboard and Mouse,,,,,,,,,,,,,,,,,,,,,,,,,,,,,
Samsung Monitor,Otium Wireless Sports Bluetooth Headphone,Acer Aspire,Lenovo Desktop Computer,Logitech MK550 Wireless Wave Keyboard and Mouse Combo,Cambridge Bluetooth Speaker,Apple Earpods,HP Monitor,iPad Pro ,Backlit LED Gaming Keyboard,,,,,,,,,,,,,,,,,,,,,,
Microsoft Wireless Desktop Keyboard and Mouse,,,,,,,,,,,,,,,,,,,,,,,,,,,,,,,
Microsoft Wireless Desktop Keyboard and Mouse,,,,,,,,,,,,,,,,,,,,,,,,,,,,,,,
ASUS Chromebook,ViewSonic Monitor,HP Black & Tri-color Ink ,Epson Printer,HP Monitor,Dell Laptop,,,,,,,,,,,,,,,,,,,,,,,,,,
Acer Aspire,Acer Desktop,HP Laptop,CYBERPOWER Gamer Desktop,,,,,,,,,,,,,,,,,,,,,,,,,,,,
Acer Aspire,ASUS Monitor,Epson Printer,Smart Light Bulb,,,,,,,,,,,,,,,,,,,,,,,,,,,,
Dell Monitor,PC Gaming Headset,,,,,,,,,,,,,,,,,,,,,,,,,,,,,,
ASUS 2 Monitor,Slim 2TB Portable External Hard Drive,3-Button Mouse,Logitech Keyboard,,,,,,,,,,,,,,,,,,,,,,,,,,,,
Acer Monitor,ASUS Chromebook,HP Laptop,Dell Laptop,Microsoft Wireless Desktop Keyboard and Mouse,,,,,,,,,,,,,,,,,,,,,,,,,,,
Apple Magic Keyboard,Bose Companion Speakers,Microsoft Office Home and Student 2016,,,,,,,,,,,,,,,,,,,,,,,,,,,,,
iMac,Apple Earpods,HP Desktop,Backlit LED Gaming Keyboard,,,,,,,,,,,,,,,,,,,,,,,,,,,,
3-Button Mouse,Apple MacBook Air,Dell Laptop,Backlit LED Gaming Keyboard,,,,,,,,,,,,,,,,,,,,,,,,,,,,
iMac,ASUS 2 Monitor,Apple Earpods,Apple MacBook Air,DYMO Labeling Tape ,,,,,,,,,,,,,,,,,,,,,,,,,,,
iMac,Acer Desktop,Slim Wireless Mouse,ASUS Desktop,Microsoft Wireless Desktop Keyboard and Mouse,,,,,,,,,,,,,,,,,,,,,,,,,,,
Acer Aspire,Etekcity Power Extension Cord Cable,Smart Light Bulb,iPad,JBL Splashproof Portable Bluetooth Speaker,,,,,,,,,,,,,,,,,,,,,,,,,,,
iMac,Halter Acrylic Monitor Stand,Apple MacBook Air,Gaming Mouse Professional,Apple TV,,,,,,,,,,,,,,,,,,,,,,,,,,,
Etekcity Power Extension Cord Cable,iPad,,,,,,,,,,,,,,,,,,,,,,,,,,,,,,
Otium Wireless Sports Bluetooth Headphone,Eluktronics Pro Gaming Laptop,Logitech 3-button Mouse,,,,,,,,,,,,,,,,,,,,,,,,,,,,,
Dell Laptop,,,,,,,,,,,,,,,,,,,,,,,,,,,,,,,
Apple MacBook Air,,,,,,,,,,,,,,,,,,,,,,,,,,,,,,,
Sonos,,,,,,,,,,,,,,,,,,,,,,,,,,,,,,,
HP Laptop,,,,,,,,,,,,,,,,,,,,,,,,,,,,,,,
ASUS Chromebook,Apple Magic Keyboard,iPad ,,,,,,,,,,,,,,,,,,,,,,,,,,,,,
Full Motion Monitor Mount,2TB Portable External Hard Drive,Microsoft Wireless Desktop Keyboard and Mouse,,,,,,,,,,,,,,,,,,,,,,,,,,,,,
ASUS Chromebook,Acer Aspire,ViewSonic Monitor,HP Laptop,iMac,Lenovo Desktop Computer,Microsoft Office Home and Student 2016,3-Button Mouse,Brother Printer Toner,Lenovo Desktop Computer,Dell Desktop,Fire TV Stick,Apple Earpods,HP Monitor,Dell KM117 Wireless Keyboard & Mouse,,,,,,,,,,,,,,,,,
Acer Aspire,Dell Desktop,iMac,Alienware Laptop,Mackie CR Speakers,Etekcity Power Extension Cord Cable,Ethernet Cable,Apple MacBook Pro,LG Touchscreen Laptop,Microsoft Wireless Comfort Keyboard and Mouse,Brother Printer,Microsoft Wireless Desktop Keyboard and Mouse,,,,,,,,,,,,,,,,,,,,
Samsung Monitor,Acer Aspire,,,,,,,,,,,,,,,,,,,,,,,,,,,,,,
Apple MacBook Pro,Apple MacBook Air,,,,,,,,,,,,,,,,,,,,,,,,,,,,,,
Dell Desktop,,,,,,,,,,,,,,,,,,,,,,,,,,,,,,,
HP Laptop,iMac,HP Wireless Printer,Alienware Laptop,Lenovo Desktop Computer, Intel Desktop ,Microsoft Basic Optical Mouse,,,,,,,,,,,,,,,,,,,,,,,,,
ViewSonic Monitor,,,,,,,,,,,,,,,,,,,,,,,,,,,,,,,
HP Wireless Printer,Apple MacBook Pro,HP Monitor,,,,,,,,,,,,,,,,,,,,,,,,,,,,,
Microsoft Headset,HP Desktop,,,,,,,,,,,,,,,,,,,,,,,,,,,,,,
Computer Game,iMac,ASUS 2 Monitor,Apple Earpods,,,,,,,,,,,,,,,,,,,,,,,,,,,,
Acer Desktop,ViewSonic Monitor,HP Laptop,iMac,Belkin Mouse Pad,Apple MacBook Pro,,,,,,,,,,,,,,,,,,,,,,,,,,
Apple Earpods,,,,,,,,,,,,,,,,,,,,,,,,,,,,,,,
Logitech Wireless Mouse,,,,,,,,,,,,,,,,,,,,,,,,,,,,,,,
Dell Desktop,HP Laptop,Logitech Wireless Mouse,ASUS Monitor,Apple MacBook Pro,,,,,,,,,,,,,,,,,,,,,,,,,,,
Apple MacBook Air,,,,,,,,,,,,,,,,,,,,,,,,,,,,,,,
Samsung Monitor,Acer Desktop,ViewSonic Monitor,iMac,ASUS Monitor,Microsoft Office Home and Student 2016,Logitech 3-button Mouse,Generic Black 3-Button,Smart Light Bulb,HP Monitor,ASUS Desktop,Dell Laptop,,,,,,,,,,,,,,,,,,,,
Apple Earpods,Acer Desktop,HP Desktop,,,,,,,,,,,,,,,,,,,,,,,,,,,,,
iMac,Brother Printer Toner,Dell Desktop,Apple Wireless Keyboard,PC Gaming Headset,Brother Printer,iPad Pro ,Microsoft Wireless Desktop Keyboard and Mouse,,,,,,,,,,,,,,,,,,,,,,,,
Logitech Keyboard,3-Button Mouse,Brother Printer Toner,DOSS Touch Wireless Bluetooth,Apple Wireless Keyboard,,,,,,,,,,,,,,,,,,,,,,,,,,,
Acer Aspire,Dell Desktop,Acer Desktop,Microsoft Wireless Desktop Keyboard and Mouse,,,,,,,,,,,,,,,,,,,,,,,,,,,,
Apple Wireless Keyboard,PC Gaming Headset,Microsoft Wireless Desktop Keyboard and Mouse,,,,,,,,,,,,,,,,,,,,,,,,,,,,,
Etekcity Power Extension Cord Cable,Apple MacBook Air,,,,,,,,,,,,,,,,,,,,,,,,,,,,,,
Dell Desktop,,,,,,,,,,,,,,,,,,,,,,,,,,,,,,,
Apple Earpods,,,,,,,,,,,,,,,,,,,,,,,,,,,,,,,
HP Wireless Mouse,ASUS 2 Monitor,,,,,,,,,,,,,,,,,,,,,,,,,,,,,,
HP Laptop,Logitech Wireless Mouse,HP Wireless Printer,Epson Printer,Microsoft Office Home and Student 2016,Rii LED Gaming Keyboard & Mouse Combo ,Lenovo Desktop Computer,Dell Desktop,,,,,,,,,,,,,,,,,,,,,,,,
HP Wireless Printer,Etekcity Power Extension Cord Cable,Halter Mesh Metal Monitor Stand,,,,,,,,,,,,,,,,,,,,,,,,,,,,,
Samsung Monitor,HP Laptop,Logitech Keyboard,3-Button Mouse,HP Monitor,ASUS Desktop,,,,,,,,,,,,,,,,,,,,,,,,,,
Epson Black Ink,3-Button Mouse,Dell Laptop,,,,,,,,,,,,,,,,,,,,,,,,,,,,,
Logitech 3-button Mouse,Apple Earpods,,,,,,,,,,,,,,,,,,,,,,,,,,,,,,
Acer Desktop,,,,,,,,,,,,,,,,,,,,,,,,,,,,,,,
Apple MacBook Pro,Apple Earpods,HP Monitor,Slim Wireless Mouse,Backlit LED Gaming Keyboard,,,,,,,,,,,,,,,,,,,,,,,,,,,
Microsoft Wireless Desktop Keyboard and Mouse,,,,,,,,,,,,,,,,,,,,,,,,,,,,,,,
Samsung Monitor,EagleTec Wireless Combo Keyboard and Mouse,,,,,,,,,,,,,,,,,,,,,,,,,,,,,,
iMac,Epson Printer,Apple MacBook Pro,,,,,,,,,,,,,,,,,,,,,,,,,,,,,
Apple Earpods,,,,,,,,,,,,,,,,,,,,,,,,,,,,,,,
iMac,Lenovo Desktop Computer,Epson Printer,,,,,,,,,,,,,,,,,,,,,,,,,,,,,
3-Button Mouse,Dell Laptop,HP Desktop,,,,,,,,,,,,,,,,,,,,,,,,,,,,,
Acer Aspire,Dell Desktop,iMac,ASUS 2 Monitor,Lenovo Desktop Computer,Microsoft Office Home and Student 2016,Apple MacBook Pro,Apple Earpods,Microsoft Wireless Desktop Keyboard and Mouse,,,,,,,,,,,,,,,,,,,,,,,
Sonos,,,,,,,,,,,,,,,,,,,,,,,,,,,,,,,
iMac,Bose Companion Speakers,Dell Monitor,Smart Light Bulb,APIE Bluetooth Headphone,Microsoft Wireless Comfort Keyboard and Mouse,iPad,,,,,,,,,,,,,,,,,,,,,,,,,
iMac,HP Wireless Printer,Lenovo Desktop Computer,AOC Monitor,,,,,,,,,,,,,,,,,,,,,,,,,,,,
Acer Monitor,Logitech MK270 Wireless Keyboard and Mouse Combo,,,,,,,,,,,,,,,,,,,,,,,,,,,,,,
Acer Aspire,Etekcity Power Extension Cord Cable,Acer Desktop,,,,,,,,,,,,,,,,,,,,,,,,,,,,,
Lenovo Desktop Computer,Apple MacBook Pro,Apple Earpods,Backlit LED Gaming Keyboard,,,,,,,,,,,,,,,,,,,,,,,,,,,,
Lenovo Desktop Computer,Wireless Portable Mouse,Brother Printer,,,,,,,,,,,,,,,,,,,,,,,,,,,,,
CYBERPOWER Gamer Desktop,Apple MacBook Air,Brother Printer,,,,,,,,,,,,,,,,,,,,,,,,,,,,,
Apple Earpods,HP Monitor,Apple MacBook Air,,,,,,,,,,,,,,,,,,,,,,,,,,,,,
Computer Game,iMac,Dell Wired Keyboard,3-Button Mouse,Etekcity Power Extension Cord Cable,,,,,,,,,,,,,,,,,,,,,,,,,,,
Alienware Laptop,AOC Monitor,APIE Bluetooth Headphone,Backlit LED Gaming Keyboard,,,,,,,,,,,,,,,,,,,,,,,,,,,,
Acer Monitor,HP Wireless Printer,CYBERPOWER Gamer Desktop,Microsoft Office Home and Student 2016,Fire HD Tablet,Apple MacBook Air,Apple TV,Samsung Galaxy Tablet,,,,,,,,,,,,,,,,,,,,,,,,
Logitech Keyboard,USB Cable,,,,,,,,,,,,,,,,,,,,,,,,,,,,,,
Acer Aspire,Dell Desktop,Acer Desktop,Lenovo Desktop Computer,Sonos,Apple Earpods,,,,,,,,,,,,,,,,,,,,,,,,,,
Dell Desktop,HP Laptop,iMac,ASUS 2 Monitor,Ailihen Stereo Headphones,Microsoft Office Home and Student 2016,Smart Light Bulb,DYMO Labeling Tape ,,,,,,,,,,,,,,,,,,,,,,,,
Logitech MK550 Wireless Wave Keyboard and Mouse Combo,3-Button Mouse,Microsoft Wireless Comfort Keyboard and Mouse,Logitech Keyboard,,,,,,,,,,,,,,,,,,,,,,,,,,,,
Apple Magic Keyboard,,,,,,,,,,,,,,,,,,,,,,,,,,,,,,,
LG Monitor,Apple MacBook Pro,LG Touchscreen Laptop,,,,,,,,,,,,,,,,,,,,,,,,,,,,,
Computer Game,AOC Monitor,Brother Printer,,,,,,,,,,,,,,,,,,,,,,,,,,,,,
Dell Desktop,Acer Desktop,iMac,Logitech MK550 Wireless Wave Keyboard and Mouse Combo,Cambridge Bluetooth Speaker,AOC Monitor,3TB Portable External Hard Drive,EagleTec Wireless Combo Keyboard and Mouse,USB Cable,Brother Printer,Backlit LED Gaming Keyboard,,,,,,,,,,,,,,,,,,,,,
HP Laptop,,,,,,,,,,,,,,,,,,,,,,,,,,,,,,,
Samsung Monitor,HP Laptop,Logitech 3-button Mouse,Acer Desktop,HP Monitor,Dell Laptop,iPad,,,,,,,,,,,,,,,,,,,,,,,,,
Dell Laptop,,,,,,,,,,,,,,,,,,,,,,,,,,,,,,,
Apple Earpods,,,,,,,,,,,,,,,,,,,,,,,,,,,,,,,
Lenovo Desktop Computer,Cambridge Bluetooth Speaker,Apple Earpods,,,,,,,,,,,,,,,,,,,,,,,,,,,,,
Acer Desktop,Apple MacBook Air,,,,,,,,,,,,,,,,,,,,,,,,,,,,,,
Apple MacBook Pro,Apple Earpods,Dell Laptop,Microsoft Wireless Desktop Keyboard and Mouse,,,,,,,,,,,,,,,,,,,,,,,,,,,,
Apple MacBook Air,,,,,,,,,,,,,,,,,,,,,,,,,,,,,,,
Epson Printer,,,,,,,,,,,,,,,,,,,,,,,,,,,,,,,
Zombie Gaming Headset,,,,,,,,,,,,,,,,,,,,,,,,,,,,,,,
Apple MacBook Pro,Apple Earpods,Rii LED Keyboard,Dell Laptop,Microsoft Wireless Desktop Keyboard and Mouse,,,,,,,,,,,,,,,,,,,,,,,,,,,
HP Laptop,,,,,,,,,,,,,,,,,,,,,,,,,,,,,,,
Lenovo Desktop Computer,Belkin Mouse Pad,Apple MacBook Pro,Microsoft Headset,,,,,,,,,,,,,,,,,,,,,,,,,,,,
Fire TV Stick,Wireless Portable Mouse,,,,,,,,,,,,,,,,,,,,,,,,,,,,,,
Dell Desktop,Lenovo Desktop Computer,Apple Wired Keyboard,Logitech 3-button Mouse,,,,,,,,,,,,,,,,,,,,,,,,,,,,
iMac,Logitech 3-button Mouse,Backlit LED Gaming Keyboard,,,,,,,,,,,,,,,,,,,,,,,,,,,,,
Acer Aspire,Apple Earpods,,,,,,,,,,,,,,,,,,,,,,,,,,,,,,
Acer Aspire,Acer Desktop,Logitech MK270 Wireless Keyboard and Mouse Combo,HP Laptop,Logitech 3-button Mouse,Redragon Gaming Mouse,Apple MacBook Pro,iPad Pro ,,,,,,,,,,,,,,,,,,,,,,,,
Acer Aspire,HP Laptop,Cambridge Bluetooth Speaker,Mackie CR Speakers,Apple MacBook Air,Apple MacBook Air,,,,,,,,,,,,,,,,,,,,,,,,,,
LG Monitor,,,,,,,,,,,,,,,,,,,,,,,,,,,,,,,
Lenovo Desktop Computer,Apple Earpods,HP Monitor,,,,,,,,,,,,,,,,,,,,,,,,,,,,,
ASUS Chromebook,Dell Desktop,ViewSonic Monitor,iMac,CYBERPOWER Gamer Desktop,Apple MacBook Pro,Slim Wireless Mouse,,,,,,,,,,,,,,,,,,,,,,,,,
Microsoft Wireless Desktop Keyboard and Mouse,,,,,,,,,,,,,,,,,,,,,,,,,,,,,,,
Apple Magic Keyboard,iPad Pro ,,,,,,,,,,,,,,,,,,,,,,,,,,,,,,
HP Laptop,Logitech 3-button Mouse,,,,,,,,,,,,,,,,,,,,,,,,,,,,,,
Dell Desktop,,,,,,,,,,,,,,,,,,,,,,,,,,,,,,,
Logitech Wireless Mouse,iMac,Apple Earpods,,,,,,,,,,,,,,,,,,,,,,,,,,,,,
Dell Desktop,ASUS Monitor,Apple Magic Keyboard,CYBERPOWER Gamer Desktop,,,,,,,,,,,,,,,,,,,,,,,,,,,,
iMac,Sonos,,,,,,,,,,,,,,,,,,,,,,,,,,,,,,
Apple MacBook Air,,,,,,,,,,,,,,,,,,,,,,,,,,,,,,,
Dell Desktop,iMac,Lenovo Desktop Computer,3-Button Mouse,Apple Earpods,Acer Desktop,,,,,,,,,,,,,,,,,,,,,,,,,,
Microsoft Headset,Brother Printer,,,,,,,,,,,,,,,,,,,,,,,,,,,,,,
Dell Desktop,iMac,ASUS Desktop,Dell Laptop,,,,,,,,,,,,,,,,,,,,,,,,,,,,
LG Touchscreen Laptop,,,,,,,,,,,,,,,,,,,,,,,,,,,,,,,
iMac,Apple Wireless Keyboard,,,,,,,,,,,,,,,,,,,,,,,,,,,,,,
Apple MacBook Air,,,,,,,,,,,,,,,,,,,,,,,,,,,,,,,
Dell Desktop,Acer Desktop,HP Laptop,ASUS 2 Monitor,Slim 2TB Portable External Hard Drive,3-Button Mouse,Apple Earpods,Wireless Portable Mouse,,,,,,,,,,,,,,,,,,,,,,,,
HP Wireless Mouse,ASUS Chromebook,Logitech Wireless Mouse,HP Wireless Printer,Apple Magic Keyboard,Koss Home Headphones,Cambridge Bluetooth Speaker,CYBERPOWER Gamer Desktop,AOC Monitor,Cyber Acoustics,Microsoft Wireless Desktop Keyboard and Mouse,,,,,,,,,,,,,,,,,,,,,
Fire TV Stick,Brother Printer,Epson Black Ink,,,,,,,,,,,,,,,,,,,,,,,,,,,,,
Logitech Wireless Mouse,HP Monitor,Slim Wireless Mouse,,,,,,,,,,,,,,,,,,,,,,,,,,,,,
HP Laptop,iMac,,,,,,,,,,,,,,,,,,,,,,,,,,,,,,
Acer Aspire,Epson Black Ink,Rii LED Gaming Keyboard & Mouse Combo ,,,,,,,,,,,,,,,,,,,,,,,,,,,,,
Apple Magic Keyboard,,,,,,,,,,,,,,,,,,,,,,,,,,,,,,,
Eluktronics Pro Gaming Laptop,Acer Aspire,ViewSonic Monitor,HP Laptop,Sonos,Microsoft Office Home and Student 2016,CYBERPOWER Gamer Desktop,AOC Monitor,Apple MacBook Air,ASUS Desktop,DYMO Labeling Tape ,,,,,,,,,,,,,,,,,,,,,
Apple MacBook Pro,Apple Earpods,,,,,,,,,,,,,,,,,,,,,,,,,,,,,,
Cambridge Bluetooth Speaker,Ailihen Stereo Headphones,Logitech Keyboard,3-Button Mouse,Apple MacBook Air,ASUS Desktop,Wireless Portable Mouse,iPad Pro ,Microsoft Wireless Desktop Keyboard and Mouse,,,,,,,,,,,,,,,,,,,,,,,
AOC Monitor,Rii LED Gaming Keyboard & Mouse Combo ,HP Monitor,Brother Printer,,,,,,,,,,,,,,,,,,,,,,,,,,,,
3-Button Mouse,Microsoft Basic Optical Mouse,Apple MacBook Air,,,,,,,,,,,,,,,,,,,,,,,,,,,,,
Apple MacBook Air,,,,,,,,,,,,,,,,,,,,,,,,,,,,,,,
Dell Desktop,Lenovo Desktop Computer,Apple Magic Keyboard,Panasonic In-Ear Headphone ,Apple Wireless Keyboard,Apple Earpods,HP Monitor,Kindle,Eluktronics Pro Gaming Laptop,,,,,,,,,,,,,,,,,,,,,,,
Samsung Monitor,Dell Desktop,iMac,Koss Home Headphones,Logitech 3-button Mouse,HP Monitor,,,,,,,,,,,,,,,,,,,,,,,,,,
Apple Earpods,,,,,,,,,,,,,,,,,,,,,,,,,,,,,,,
CYBERPOWER Gamer Desktop,,,,,,,,,,,,,,,,,,,,,,,,,,,,,,,
Bose Companion Speakers,Apple MacBook Pro,,,,,,,,,,,,,,,,,,,,,,,,,,,,,,
5TB Desktop Hard Drive,Halter Acrylic Monitor Stand,Apple Earpods,Microsoft Wireless Desktop Keyboard and Mouse,,,,,,,,,,,,,,,,,,,,,,,,,,,,
Apple MacBook Air,,,,,,,,,,,,,,,,,,,,,,,,,,,,,,,
Dell Desktop,ViewSonic Monitor,iMac,Epson Black Ink,CYBERPOWER Gamer Desktop,Apple MacBook Air,Wireless Portable Mouse,,,,,,,,,,,,,,,,,,,,,,,,,
Etekcity Power Extension Cord Cable,Microsoft Basic Optical Mouse,Brother Printer,,,,,,,,,,,,,,,,,,,,,,,,,,,,,
CYBERPOWER Gamer Desktop,,,,,,,,,,,,,,,,,,,,,,,,,,,,,,,
Acer Aspire,Dell Desktop,iMac,CYBERPOWER Gamer Desktop,,,,,,,,,,,,,,,,,,,,,,,,,,,,
Dell 2 Desktop,Lenovo Desktop Computer,,,,,,,,,,,,,,,,,,,,,,,,,,,,,,
ASUS Chromebook,Acer Aspire,ViewSonic Monitor,Cyber Acoustics,Apple MacBook Air,Samsung Galaxy Tablet,Brother Printer,,,,,,,,,,,,,,,,,,,,,,,,,
Acer Aspire,CYBERPOWER Gamer Desktop,Microsoft Headset,Microsoft Wireless Desktop Keyboard and Mouse,,,,,,,,,,,,,,,,,,,,,,,,,,,,
Acer Monitor,3-Button Mouse,Apple Earpods,,,,,,,,,,,,,,,,,,,,,,,,,,,,,
iMac,Panasonic In-Ear Headphone ,CYBERPOWER Gamer Desktop,Microsoft Wireless Desktop Keyboard and Mouse,,,,,,,,,,,,,,,,,,,,,,,,,,,,
ASUS Chromebook,Computer Game,HP Laptop,CYBERPOWER Gamer Desktop,,,,,,,,,,,,,,,,,,,,,,,,,,,,
Acer Desktop,Apple TV,iPad Pro ,,,,,,,,,,,,,,,,,,,,,,,,,,,,,
Microsoft Office Home and Student 2016,iPad,,,,,,,,,,,,,,,,,,,,,,,,,,,,,,
ViewSonic Monitor,ASUS Monitor,ASUS 2 Monitor,3-Button Mouse,Dell Laptop,Multi Media Stand,,,,,,,,,,,,,,,,,,,,,,,,,,
USB Cable,,,,,,,,,,,,,,,,,,,,,,,,,,,,,,,
iMac,ASUS Monitor,Dell Desktop,Apple Wireless Keyboard,,,,,,,,,,,,,,,,,,,,,,,,,,,,
Acer Monitor,Brother Printer,,,,,,,,,,,,,,,,,,,,,,,,,,,,,,
HP Wireless Mouse,ViewSonic Monitor,HP Laptop,ASUS 2 Monitor,Lenovo Desktop Computer,Slim 2TB Portable External Hard Drive,Belkin Mouse Pad,Sceptre Monitor,Halter Mesh Metal Monitor Stand,,,,,,,,,,,,,,,,,,,,,,,
Samsung Monitor,HP Wireless Mouse,HP Laptop,iMac,Apple Magic Keyboard,Logitech MK550 Wireless Wave Keyboard and Mouse Combo,Cambridge Bluetooth Speaker,CYBERPOWER Gamer Desktop,Generic Black 3-Button,Apple Wireless Keyboard,Monster Beats By Dr Dre,Rii LED Keyboard,Apple TV,Canon Office Printer,2TB Portable External Hard Drive,Epson Black Ink,,,,,,,,,,,,,,,,
ASUS 2 Monitor,Lenovo Desktop Computer,1TB Portable External Hard Drive,,,,,,,,,,,,,,,,,,,,,,,,,,,,,
Acer Monitor,Apple Wireless Keyboard,,,,,,,,,,,,,,,,,,,,,,,,,,,,,,
Acer Desktop,ASUS 2 Monitor,Belkin Mouse Pad,Smart Light Bulb,,,,,,,,,,,,,,,,,,,,,,,,,,,,
Lenovo Desktop Computer,Roku Express,,,,,,,,,,,,,,,,,,,,,,,,,,,,,,
CYBERPOWER Gamer Desktop,,,,,,,,,,,,,,,,,,,,,,,,,,,,,,,
HP Wireless Mouse,ViewSonic Monitor,ASUS 2 Monitor,HP Desktop,Backlit LED Gaming Keyboard,,,,,,,,,,,,,,,,,,,,,,,,,,,
ASUS Chromebook,,,,,,,,,,,,,,,,,,,,,,,,,,,,,,,
Acer Aspire,iMac,ASUS Monitor,Lenovo Desktop Computer,Epson Printer,CYBERPOWER Gamer Desktop,Smart Light Bulb,Apple Wireless Keyboard,iPad Pro ,JBL Splashproof Portable Bluetooth Speaker,Backlit LED Gaming Keyboard,,,,,,,,,,,,,,,,,,,,,
ASUS Chromebook,Koss Home Headphones,Apple MacBook Air,,,,,,,,,,,,,,,,,,,,,,,,,,,,,
CYBERPOWER Gamer Desktop,Apple MacBook Pro,,,,,,,,,,,,,,,,,,,,,,,,,,,,,,
3-Button Mouse,Apple Earpods,,,,,,,,,,,,,,,,,,,,,,,,,,,,,,
Apple MacBook Air,,,,,,,,,,,,,,,,,,,,,,,,,,,,,,,
iMac,,,,,,,,,,,,,,,,,,,,,,,,,,,,,,,
Acer Desktop,iMac,ASUS Monitor, Intel Desktop ,Apple MacBook Pro,Backlit LED Gaming Keyboard,,,,,,,,,,,,,,,,,,,,,,,,,,
Acer Aspire,Dell Desktop,iMac,3-Button Mouse,Belkin Mouse Pad,Sceptre Monitor,,,,,,,,,,,,,,,,,,,,,,,,,,
HP Laptop,iMac,Lenovo Desktop Computer,Microsoft Office Home and Student 2016,iPad ,Backlit LED Gaming Keyboard,Microsoft Wireless Desktop Keyboard and Mouse,,,,,,,,,,,,,,,,,,,,,,,,,
Acer Aspire,ViewSonic Monitor,iMac,Alienware Laptop,Lenovo Desktop Computer,Smart Light Bulb,Apple MacBook Pro,,,,,,,,,,,,,,,,,,,,,,,,,
ASUS Chromebook,LG Touchscreen Laptop,,,,,,,,,,,,,,,,,,,,,,,,,,,,,,
Otium Wireless Sports Bluetooth Headphone,,,,,,,,,,,,,,,,,,,,,,,,,,,,,,,
Bose Companion Speakers,Epson Black Ink,Dell Desktop,Apple Wireless Keyboard,DYMO Labeling Tape ,,,,,,,,,,,,,,,,,,,,,,,,,,,
Acer Monitor,Samsung Monitor,Kensington Headphones ,Samsung Monitor,3-Button Mouse,Wireless Portable Mouse,,,,,,,,,,,,,,,,,,,,,,,,,,
Samsung Monitor,Panasonic In-Ear Headphone ,CYBERPOWER Gamer Desktop,Apple Earpods,,,,,,,,,,,,,,,,,,,,,,,,,,,,
Apple MacBook Air,iPhone Charger Cable,Microsoft Wireless Desktop Keyboard and Mouse,,,,,,,,,,,,,,,,,,,,,,,,,,,,,
Apple Earpods,,,,,,,,,,,,,,,,,,,,,,,,,,,,,,,
Dell Desktop,iMac,ASUS 2 Monitor,Lenovo Desktop Computer,Logitech 3-button Mouse,3-Button Mouse,Generic Black 3-Button,PC Gaming Headset,,,,,,,,,,,,,,,,,,,,,,,,
HP Laptop,iMac,CYBERPOWER Gamer Desktop,Rii LED Gaming Keyboard & Mouse Combo ,,,,,,,,,,,,,,,,,,,,,,,,,,,,
Eluktronics Pro Gaming Laptop,CYBERPOWER Gamer Desktop,Sceptre Monitor,,,,,,,,,,,,,,,,,,,,,,,,,,,,,
Ailihen Stereo Headphones,ViewSonic Monitor,CYBERPOWER Gamer Desktop,iPad ,iPad Pro ,,,,,,,,,,,,,,,,,,,,,,,,,,,
Acer Monitor,Samsung Monitor,HP Wireless Mouse,Acer Aspire,ViewSonic Monitor,Computer Game,HP Laptop,ASUS Monitor,Dell Wired Keyboard,Apple Wired Keyboard,USB Cable,Epson Printer,Ailihen Stereo Headphones,CYBERPOWER Gamer Desktop,Rii LED Gaming Keyboard & Mouse Combo ,Microsoft Office Home and Student 2016,Apple Earpods,iPad,Apple TV,,,,,,,,,,,,,
Lenovo Desktop Computer, Intel Desktop ,Apple Wired Keyboard,CYBERPOWER Gamer Desktop,Apple MacBook Pro,Apple Earpods,HP Monitor,Apple MacBook Air,Dell Laptop,Backlit LED Gaming Keyboard,,,,,,,,,,,,,,,,,,,,,,
Dell Desktop,Lenovo Desktop Computer,Apple Wireless Keyboard,DYMO Labeling Tape ,Backlit LED Gaming Keyboard,,,,,,,,,,,,,,,,,,,,,,,,,,,
Otium Wireless Sports Bluetooth Headphone,ViewSonic Monitor,3-Button Mouse,,,,,,,,,,,,,,,,,,,,,,,,,,,,,
Apple MacBook Pro,Apple Earpods,Slim Wireless Mouse,,,,,,,,,,,,,,,,,,,,,,,,,,,,,
Eluktronics Pro Gaming Laptop,iMac,Lenovo Desktop Computer,Lenovo Desktop Computer,Full Motion Monitor Mount,Apple Earpods,DYMO Labeling Tape ,,,,,,,,,,,,,,,,,,,,,,,,,
Otium Wireless Sports Bluetooth Headphone,ViewSonic Monitor,Logitech MK550 Wireless Wave Keyboard and Mouse Combo,Logitech 3-button Mouse,,,,,,,,,,,,,,,,,,,,,,,,,,,,
Acer Monitor,,,,,,,,,,,,,,,,,,,,,,,,,,,,,,,
HP Wireless Mouse,Acer Aspire,ASUS Monitor,Belkin Mouse Pad,Apple MacBook Pro,Apple Earpods,HP Monitor,Backlit LED Gaming Keyboard,,,,,,,,,,,,,,,,,,,,,,,,
HP Wireless Mouse,HP Laptop,Apple Magic Keyboard,Microsoft Basic Optical Mouse,,,,,,,,,,,,,,,,,,,,,,,,,,,,
Slim Wireless Mouse,,,,,,,,,,,,,,,,,,,,,,,,,,,,,,,
iMac,Apple Magic Keyboard,,,,,,,,,,,,,,,,,,,,,,,,,,,,,,
CYBERPOWER Gamer Desktop,,,,,,,,,,,,,,,,,,,,,,,,,,,,,,,
ASUS Chromebook,Eluktronics Pro Gaming Laptop,,,,,,,,,,,,,,,,,,,,,,,,,,,,,,
Acer Aspire,Computer Game,Computer Game,,,,,,,,,,,,,,,,,,,,,,,,,,,,,
HP Wireless Mouse,HP Black & Tri-color Ink ,ASUS 2 Monitor,Etekcity Power Extension Cord Cable,Apple Earpods,Apple MacBook Air,iPad Pro ,,,,,,,,,,,,,,,,,,,,,,,,,
Acer Aspire,HP Laptop,ASUS 2 Monitor,Logitech 3-button Mouse,Brother Printer,,,,,,,,,,,,,,,,,,,,,,,,,,,
Apple MacBook Pro,LG Touchscreen Laptop,Slim Wireless Mouse,,,,,,,,,,,,,,,,,,,,,,,,,,,,,
Samsung Monitor,HP Laptop,iMac,Bose Companion Speakers,Epson Printer,Ailihen Stereo Headphones,DYMO Labeling Tape ,Epson Black Ink,Microsoft Wireless Desktop Keyboard and Mouse,,,,,,,,,,,,,,,,,,,,,,,
Acer Desktop,Logitech MK270 Wireless Keyboard and Mouse Combo,iMac,CYBERPOWER Gamer Desktop,,,,,,,,,,,,,,,,,,,,,,,,,,,,
Acer Monitor,ASUS Chromebook,iMac,Logitech ClearChat Headset,,,,,,,,,,,,,,,,,,,,,,,,,,,,
HDMI Cable 6ft,Eluktronics Pro Gaming Laptop,iMac,Dell Wired Keyboard,CYBERPOWER Gamer Desktop,3-Button Mouse,Logitech MK360 Wireless Keyboard and Mouse Combo,HP Monitor,Slim Wireless Mouse,Logitech ClearChat Headset,,,,,,,,,,,,,,,,,,,,,,
ASUS Monitor,Panasonic In-Ear Headphone ,Logitech 3-button Mouse,,,,,,,,,,,,,,,,,,,,,,,,,,,,,
LG Monitor,Acer Aspire,iMac,ASUS 2 Monitor,Lenovo Desktop Computer,Apple MacBook Air,JBL Splashproof Portable Bluetooth Speaker,,,,,,,,,,,,,,,,,,,,,,,,,
LG Monitor,Slim 2TB Portable External Hard Drive,,,,,,,,,,,,,,,,,,,,,,,,,,,,,,
Acer Aspire,Acer Desktop,HP Laptop,Epson Black Ink,Epson Printer,3-Button Mouse,Wireless Portable Mouse,,,,,,,,,,,,,,,,,,,,,,,,,
Apple MacBook Air,,,,,,,,,,,,,,,,,,,,,,,,,,,,,,,
Dell 2 Desktop,iPhone Charger Cable,,,,,,,,,,,,,,,,,,,,,,,,,,,,,,
Epson Black Ink,Apple MacBook Pro,HP Monitor,Apple MacBook Air,Apple MacBook Air,,,,,,,,,,,,,,,,,,,,,,,,,,,
HP Wireless Mouse,CYBERPOWER Gamer Desktop,Belkin Mouse Pad,Apple Wireless Keyboard,Apple MacBook Pro,Dell KM117 Wireless Keyboard & Mouse,ASUS Desktop,iPad,Backlit LED Gaming Keyboard,,,,,,,,,,,,,,,,,,,,,,,
CYBERPOWER Gamer Desktop,,,,,,,,,,,,,,,,,,,,,,,,,,,,,,,
LG Monitor,Acer Aspire,Dell Desktop,Acer Desktop,,,,,,,,,,,,,,,,,,,,,,,,,,,,
iMac,CYBERPOWER Gamer Desktop,Eluktronics Pro Gaming Laptop,iPad Pro ,Backlit LED Gaming Keyboard,,,,,,,,,,,,,,,,,,,,,,,,,,,
ViewSonic Monitor,Epson Printer,,,,,,,,,,,,,,,,,,,,,,,,,,,,,,
HP Wireless Mouse,ASUS Chromebook,ViewSonic Monitor,iMac,ASUS 2 Monitor,Lenovo Desktop Computer,Logitech MK550 Wireless Wave Keyboard and Mouse Combo, Intel Desktop ,Microsoft Office Home and Student 2016,Fire TV Stick,HP USB Keyboard ,iPad Pro ,,,,,,,,,,,,,,,,,,,,
ViewSonic Monitor,HP Laptop,iMac,Lenovo Desktop Computer,Logitech MK550 Wireless Wave Keyboard and Mouse Combo,Epson Printer,CYBERPOWER Gamer Desktop,,,,,,,,,,,,,,,,,,,,,,,,,
Dell Desktop,HP Laptop,iMac,Belkin Mouse Pad,,,,,,,,,,,,,,,,,,,,,,,,,,,,
ViewSonic Monitor,HP Laptop,Lenovo Desktop Computer, Intel Desktop ,CYBERPOWER Gamer Desktop,,,,,,,,,,,,,,,,,,,,,,,,,,,
Microsoft Headset,,,,,,,,,,,,,,,,,,,,,,,,,,,,,,,
ViewSonic Monitor,iMac,Slim 2TB Portable External Hard Drive,Lenovo Desktop Computer,,,,,,,,,,,,,,,,,,,,,,,,,,,,
HP Wireless Mouse,Logitech MK270 Wireless Keyboard and Mouse Combo,iMac,CYBERPOWER Gamer Desktop,LG Touchscreen Laptop,JBL Splashproof Portable Bluetooth Speaker,,,,,,,,,,,,,,,,,,,,,,,,,,
Apple MacBook Air,,,,,,,,,,,,,,,,,,,,,,,,,,,,,,,
iMac,,,,,,,,,,,,,,,,,,,,,,,,,,,,,,,
Acer Aspire,Dell Desktop,ViewSonic Monitor,Cambridge Bluetooth Speaker,Ailihen Stereo Headphones,Apple MacBook Pro,,,,,,,,,,,,,,,,,,,,,,,,,,
Apple MacBook Air,,,,,,,,,,,,,,,,,,,,,,,,,,,,,,,
iMac,,,,,,,,,,,,,,,,,,,,,,,,,,,,,,,
Computer Game,HP Laptop,Lenovo Desktop Computer,Apple Magic Keyboard,Bose Companion Speakers,Dell Desktop,,,,,,,,,,,,,,,,,,,,,,,,,,
Samsung Monitor,Dell Desktop,Dell 2 Desktop,HP Laptop,iMac,ASUS 2 Monitor,Height-Adjustable Standing Desk,CYBERPOWER Gamer Desktop,Rii LED Gaming Keyboard & Mouse Combo ,Belkin Mouse Pad,Dell Desktop,Rii LED Keyboard,Dell Laptop,,,,,,,,,,,,,,,,,,,
HP Laptop,,,,,,,,,,,,,,,,,,,,,,,,,,,,,,,
Apple MacBook Air,,,,,,,,,,,,,,,,,,,,,,,,,,,,,,,
iMac,,,,,,,,,,,,,,,,,,,,,,,,,,,,,,,
Lenovo Desktop Computer,Halter Acrylic Monitor Stand,,,,,,,,,,,,,,,,,,,,,,,,,,,,,,
Samsung Monitor,3-Button Mouse,Apple Earpods,Slim Wireless Mouse,Backlit LED Gaming Keyboard,Microsoft Wireless Desktop Keyboard and Mouse,,,,,,,,,,,,,,,,,,,,,,,,,,
Dell Laptop,,,,,,,,,,,,,,,,,,,,,,,,,,,,,,,
3TB Portable External Hard Drive,JBL Splashproof Portable Bluetooth Speaker,,,,,,,,,,,,,,,,,,,,,,,,,,,,,,
Epson Printer,,,,,,,,,,,,,,,,,,,,,,,,,,,,,,,
Acer Monitor,CYBERPOWER Gamer Desktop,,,,,,,,,,,,,,,,,,,,,,,,,,,,,,
iMac,CYBERPOWER Gamer Desktop,Apple MacBook Pro,,,,,,,,,,,,,,,,,,,,,,,,,,,,,
Acer Monitor,Dell Desktop,ViewSonic Monitor,Alienware Laptop,Slim 2TB Portable External Hard Drive,Logitech 3-button Mouse,HP Monitor,,,,,,,,,,,,,,,,,,,,,,,,,
LG Monitor,Apple MacBook Air,PC Gaming Headset,,,,,,,,,,,,,,,,,,,,,,,,,,,,,
Full Motion Monitor Mount,,,,,,,,,,,,,,,,,,,,,,,,,,,,,,,
HP Wireless Mouse,Dell 2 Desktop,HP Laptop,Lenovo Desktop Computer,Epson Printer,,,,,,,,,,,,,,,,,,,,,,,,,,,
Acer Desktop,ViewSonic Monitor,HP Laptop,Slim 2TB Portable External Hard Drive,Canon Ink ,,,,,,,,,,,,,,,,,,,,,,,,,,,
Samsung Monitor,Panasonic In-Ear Headphone ,CYBERPOWER Gamer Desktop,Dell Desktop,iPad,,,,,,,,,,,,,,,,,,,,,,,,,,,
iMac,Etekcity Power Extension Cord Cable,Sceptre Monitor,,,,,,,,,,,,,,,,,,,,,,,,,,,,,
LG Monitor,,,,,,,,,,,,,,,,,,,,,,,,,,,,,,,
HP Wireless Mouse,,,,,,,,,,,,,,,,,,,,,,,,,,,,,,,
Apple Wireless Keyboard,2TB Portable External Hard Drive,iPad Pro ,,,,,,,,,,,,,,,,,,,,,,,,,,,,,
Samsung Monitor,ViewSonic Monitor,Epson Printer,Cambridge Bluetooth Speaker,CYBERPOWER Gamer Desktop,Apple MacBook Pro,,,,,,,,,,,,,,,,,,,,,,,,,,
Samsung Monitor,CYBERPOWER Gamer Desktop,Samsung Galaxy Tablet,,,,,,,,,,,,,,,,,,,,,,,,,,,,,
Apple MacBook Air,,,,,,,,,,,,,,,,,,,,,,,,,,,,,,,
ASUS 2 Monitor,,,,,,,,,,,,,,,,,,,,,,,,,,,,,,,
Acer Monitor,CYBERPOWER Gamer Desktop,,,,,,,,,,,,,,,,,,,,,,,,,,,,,,
Samsung Monitor,Dell Desktop,CYBERPOWER Gamer Desktop,3-Button Mouse,,,,,,,,,,,,,,,,,,,,,,,,,,,,
Apple Earpods,Slim Wireless Mouse,,,,,,,,,,,,,,,,,,,,,,,,,,,,,,
CYBERPOWER Gamer Desktop,Halter Acrylic Monitor Stand,Apple MacBook Air,Wireless Portable Mouse,Backlit LED Gaming Keyboard,,,,,,,,,,,,,,,,,,,,,,,,,,,
Dell Desktop,,,,,,,,,,,,,,,,,,,,,,,,,,,,,,,
ASUS Monitor,Slim 2TB Portable External Hard Drive,Panasonic In-Ear Headphone ,3-Button Mouse,Microsoft Wireless Desktop Keyboard and Mouse,,,,,,,,,,,,,,,,,,,,,,,,,,,
Acer Monitor,LG Touchscreen Laptop,Apple TV,,,,,,,,,,,,,,,,,,,,,,,,,,,,,
Kensington Headphones ,,,,,,,,,,,,,,,,,,,,,,,,,,,,,,,
Monster Beats By Dr Dre,Acer Desktop,Logitech MK270 Wireless Keyboard and Mouse Combo,HP Laptop,,,,,,,,,,,,,,,,,,,,,,,,,,,,
Acer Monitor,ASUS Chromebook,Dell 2 Desktop,Dell Wired Keyboard,Cambridge Bluetooth Speaker,Dell Monitor,CYBERPOWER Gamer Desktop,VGA Monitor Cable,Apple MacBook Pro,Apple Earpods,HP Monitor,Dell KM117 Wireless Keyboard & Mouse,ASUS Desktop,HP Desktop,,,,,,,,,,,,,,,,,,
Alienware Laptop,Apple Wireless Keyboard,,,,,,,,,,,,,,,,,,,,,,,,,,,,,,
iMac,ASUS 2 Monitor,Dell KM117 Wireless Keyboard & Mouse,Backlit LED Gaming Keyboard,,,,,,,,,,,,,,,,,,,,,,,,,,,,
iMac,ASUS Monitor,CYBERPOWER Gamer Desktop,Cyber Acoustics,iPad,,,,,,,,,,,,,,,,,,,,,,,,,,,
ViewSonic Monitor,HP Laptop,ASUS Monitor,Microsoft Office Home and Student 2016,Apple MacBook Pro,Apple Earpods,Acer Desktop,,,,,,,,,,,,,,,,,,,,,,,,,
iMac,Lenovo Desktop Computer,Cambridge Bluetooth Speaker,Wireless Portable Mouse,iPad Pro ,Backlit LED Gaming Keyboard,,,,,,,,,,,,,,,,,,,,,,,,,,
Samsung Monitor,ASUS Chromebook,iMac,CYBERPOWER Gamer Desktop,3-Button Mouse,HP Monitor,,,,,,,,,,,,,,,,,,,,,,,,,,
Wireless Portable Mouse,,,,,,,,,,,,,,,,,,,,,,,,,,,,,,,
Acer Aspire,,,,,,,,,,,,,,,,,,,,,,,,,,,,,,,
iMac,,,,,,,,,,,,,,,,,,,,,,,,,,,,,,,
LG Monitor,Backlit LED Gaming Keyboard,,,,,,,,,,,,,,,,,,,,,,,,,,,,,,
Dell 2 Desktop,HP Laptop,Lenovo Desktop Computer,Apple Wired Keyboard,CYBERPOWER Gamer Desktop,,,,,,,,,,,,,,,,,,,,,,,,,,,
Apple MacBook Pro,Dell Laptop,,,,,,,,,,,,,,,,,,,,,,,,,,,,,,
Dell Laptop,,,,,,,,,,,,,,,,,,,,,,,,,,,,,,,
HP Monitor,,,,,,,,,,,,,,,,,,,,,,,,,,,,,,,
iMac,Microsoft Office Home and Student 2016,,,,,,,,,,,,,,,,,,,,,,,,,,,,,,
Logitech ClearChat Headset,,,,,,,,,,,,,,,,,,,,,,,,,,,,,,,
HP Wireless Mouse,iMac,,,,,,,,,,,,,,,,,,,,,,,,,,,,,,
Brother Printer,,,,,,,,,,,,,,,,,,,,,,,,,,,,,,,
LG Monitor,,,,,,,,,,,,,,,,,,,,,,,,,,,,,,,
ViewSonic Monitor,Bose Companion Speakers,Epson Black Ink,AOC Monitor,Microsoft Wireless Desktop Keyboard and Mouse,,,,,,,,,,,,,,,,,,,,,,,,,,,
HP Wireless Mouse,Sonos,,,,,,,,,,,,,,,,,,,,,,,,,,,,,,
ViewSonic Monitor,Computer Game,Lenovo Desktop Computer,Apple Magic Keyboard,Bose Companion Speakers,Lenovo Desktop Computer,Apple Wireless Keyboard,Apple MacBook Pro,Apple MacBook Air,,,,,,,,,,,,,,,,,,,,,,,
Acer Desktop,iMac,Microsoft Office Home and Student 2016,Fire TV Stick,Apple Earpods,,,,,,,,,,,,,,,,,,,,,,,,,,,
Acer Desktop,iMac,CYBERPOWER Gamer Desktop,iPhone Charger Cable,HP Notebook Touchscreen Laptop PC,Dell Laptop,,,,,,,,,,,,,,,,,,,,,,,,,,
Apple MacBook Air,,,,,,,,,,,,,,,,,,,,,,,,,,,,,,,
CYBERPOWER Gamer Desktop,Backlit LED Gaming Keyboard,,,,,,,,,,,,,,,,,,,,,,,,,,,,,,
iMac,Apple MacBook Pro,Apple MacBook Air,,,,,,,,,,,,,,,,,,,,,,,,,,,,,
iPad,,,,,,,,,,,,,,,,,,,,,,,,,,,,,,,
ASUS 2 Monitor,Logitech MK360 Wireless Keyboard and Mouse Combo,HP Desktop,,,,,,,,,,,,,,,,,,,,,,,,,,,,,
Samsung Monitor,Logitech Desktop MK120 Mouse and keyboard Combo,Acer Desktop,ASUS 2 Monitor,Lenovo Desktop Computer,Epson Printer,AOC Monitor,Full Motion Monitor Mount,Fire TV Stick,Apple Earpods,HP Monitor,Brother Printer,,,,,,,,,,,,,,,,,,,,
Acer Monitor,Samsung Monitor,Dell Desktop,HP Laptop,Apple Magic Keyboard,Logitech MK550 Wireless Wave Keyboard and Mouse Combo,CYBERPOWER Gamer Desktop,Brother Printer Toner,Dell Laptop,Apple TV,Microsoft Wireless Desktop Keyboard and Mouse,,,,,,,,,,,,,,,,,,,,,
HP Black & Tri-color Ink ,HP Laptop,Brother Printer,iPad Pro ,,,,,,,,,,,,,,,,,,,,,,,,,,,,
Logitech MK270 Wireless Keyboard and Mouse Combo,Dell 2 Desktop,,,,,,,,,,,,,,,,,,,,,,,,,,,,,,
Samsung Monitor,ViewSonic Monitor,HP Laptop,iMac,Apple Earpods,iPad,,,,,,,,,,,,,,,,,,,,,,,,,,
Apple MacBook Air,Dell KM117 Wireless Keyboard & Mouse,,,,,,,,,,,,,,,,,,,,,,,,,,,,,,
Lenovo Desktop Computer,Apple Wired Keyboard,3-Button Mouse,Microsoft Wireless Desktop Keyboard and Mouse,,,,,,,,,,,,,,,,,,,,,,,,,,,,
Apple MacBook Air,Dell KM117 Wireless Keyboard & Mouse,,,,,,,,,,,,,,,,,,,,,,,,,,,,,,
5TB Desktop Hard Drive,iMac,CYBERPOWER Gamer Desktop,Wireless Portable Mouse,Dell Laptop,Backlit LED Gaming Keyboard,,,,,,,,,,,,,,,,,,,,,,,,,,
Logitech MK270 Wireless Keyboard and Mouse Combo,Dell 2 Desktop,Apple Earpods,,,,,,,,,,,,,,,,,,,,,,,,,,,,,
Logitech MK270 Wireless Keyboard and Mouse Combo,HP Laptop,Logitech Keyboard,,,,,,,,,,,,,,,,,,,,,,,,,,,,,
Acer Aspire,Brother Printer Toner,,,,,,,,,,,,,,,,,,,,,,,,,,,,,,
iMac,Apple MacBook Air,,,,,,,,,,,,,,,,,,,,,,,,,,,,,,
CYBERPOWER Gamer Desktop,Logitech 3-button Mouse,,,,,,,,,,,,,,,,,,,,,,,,,,,,,,
CYBERPOWER Gamer Desktop,Logitech Stereo Headset ,,,,,,,,,,,,,,,,,,,,,,,,,,,,,,
Apple MacBook Air,,,,,,,,,,,,,,,,,,,,,,,,,,,,,,,
ASUS Monitor,,,,,,,,,,,,,,,,,,,,,,,,,,,,,,,
ASUS Chromebook,Dell Desktop,ViewSonic Monitor,Lenovo Desktop Computer,Logitech 3-button Mouse,Halter Acrylic Monitor Stand,Apple MacBook Air,Dell KM117 Wireless Keyboard & Mouse,Backlit LED Gaming Keyboard,,,,,,,,,,,,,,,,,,,,,,,
Apple Earpods,,,,,,,,,,,,,,,,,,,,,,,,,,,,,,,
Samsung Monitor,iMac,CYBERPOWER Gamer Desktop,Apple Wireless Keyboard,Backlit LED Gaming Keyboard,,,,,,,,,,,,,,,,,,,,,,,,,,,
Samsung Monitor,CYBERPOWER Gamer Desktop,Apple Earpods,,,,,,,,,,,,,,,,,,,,,,,,,,,,,
 Intel Desktop ,Apple Wireless Keyboard,Apple MacBook Pro,,,,,,,,,,,,,,,,,,,,,,,,,,,,,
ASUS Desktop,Wireless Portable Mouse,Backlit LED Gaming Keyboard,,,,,,,,,,,,,,,,,,,,,,,,,,,,,
HP Laptop,Alienware Laptop,Lenovo Desktop Computer,,,,,,,,,,,,,,,,,,,,,,,,,,,,,
Apple MacBook Air,Backlit LED Gaming Keyboard,,,,,,,,,,,,,,,,,,,,,,,,,,,,,,
Apple MacBook Pro,Apple Earpods,Apple MacBook Air,,,,,,,,,,,,,,,,,,,,,,,,,,,,,
Samsung Monitor,Microsoft Office Home and Student 2016,CYBERPOWER Gamer Desktop,Halter Acrylic Monitor Stand,Apple Wireless Keyboard,Apple MacBook Air,LG Touchscreen Laptop,Samsung Galaxy Tablet,iPad Pro ,Microsoft Wireless Desktop Keyboard and Mouse,,,,,,,,,,,,,,,,,,,,,,
LG Monitor,ViewSonic Monitor,HP Laptop,Slim 2TB Portable External Hard Drive,CYBERPOWER Gamer Desktop,3-Button Mouse,Samsung Charging Cable,Apple MacBook Pro,Apple Earpods,Dell KM117 Wireless Keyboard & Mouse,EagleTec Wireless Combo Keyboard and Mouse,Dell Laptop,Dell Laptop,iPad,iPad Pro ,Backlit LED Gaming Keyboard,,,,,,,,,,,,,,,,
Logitech MK270 Wireless Keyboard and Mouse Combo,,,,,,,,,,,,,,,,,,,,,,,,,,,,,,,
Apple MacBook Air,Computer Game,,,,,,,,,,,,,,,,,,,,,,,,,,,,,,
Apple Wireless Keyboard,,,,,,,,,,,,,,,,,,,,,,,,,,,,,,,
Dell 2 Desktop,Lenovo Desktop Computer,Redragon Gaming Mouse,Dell Laptop,,,,,,,,,,,,,,,,,,,,,,,,,,,,
Acer Aspire,Microsoft Basic Optical Mouse,XIBERIA Gaming Headset,Dell Laptop,,,,,,,,,,,,,,,,,,,,,,,,,,,,
ASUS Chromebook,iMac,,,,,,,,,,,,,,,,,,,,,,,,,,,,,,
Lenovo Desktop Computer,Apple MacBook Air,LG Touchscreen Laptop,Slim Wireless Mouse,iPad Pro ,,,,,,,,,,,,,,,,,,,,,,,,,,,
Cambridge Bluetooth Speaker,3TB Portable External Hard Drive,HP Monitor,Slim Wireless Mouse,ASUS Desktop,Dell Laptop,Brother Printer,iPad Pro ,,,,,,,,,,,,,,,,,,,,,,,,
Dell Desktop,Microsoft Basic Optical Mouse,HP Monitor,,,,,,,,,,,,,,,,,,,,,,,,,,,,,
Acer Aspire,ASUS Monitor,Panasonic In-Ear Headphone ,Microsoft Office Home and Student 2016,,,,,,,,,,,,,,,,,,,,,,,,,,,,
Slim Wireless Mouse,,,,,,,,,,,,,,,,,,,,,,,,,,,,,,,
Apple Earpods,Dell Laptop,,,,,,,,,,,,,,,,,,,,,,,,,,,,,,
ASUS Chromebook,ViewSonic Monitor,Lenovo Desktop Computer,Apple Magic Keyboard,Epson Printer,Computer Game,,,,,,,,,,,,,,,,,,,,,,,,,,
Acer Aspire,Dell Desktop,Acer Desktop,HP Laptop,3TB Portable External Hard Drive,Microsoft Wireless Desktop Keyboard and Mouse,,,,,,,,,,,,,,,,,,,,,,,,,,
Samsung Monitor,Lenovo Desktop Computer,,,,,,,,,,,,,,,,,,,,,,,,,,,,,,
ViewSonic Monitor,iMac,,,,,,,,,,,,,,,,,,,,,,,,,,,,,,
Acer Monitor,HP Laptop,ASUS Monitor,Lenovo Desktop Computer,Koss Home Headphones,CYBERPOWER Gamer Desktop,Backlit LED Gaming Keyboard,,,,,,,,,,,,,,,,,,,,,,,,,
ASUS 2 Monitor,HP Wireless Printer,Apple Earpods,Apple MacBook Air,Rii LED Keyboard,,,,,,,,,,,,,,,,,,,,,,,,,,,
ASUS 2 Monitor,,,,,,,,,,,,,,,,,,,,,,,,,,,,,,,
iMac,Fire HD Tablet,,,,,,,,,,,,,,,,,,,,,,,,,,,,,,
iMac,CYBERPOWER Gamer Desktop,,,,,,,,,,,,,,,,,,,,,,,,,,,,,,
Computer Game,HP Laptop,iMac,Lenovo Desktop Computer,Epson Printer,Apple MacBook Pro,HP Monitor,Apple MacBook Air,Slim Wireless Mouse,Microsoft Wireless Comfort Keyboard and Mouse,,,,,,,,,,,,,,,,,,,,,,
iMac,CYBERPOWER Gamer Desktop,DOSS Touch Wireless Bluetooth,Smart Light Bulb,Apple Wireless Keyboard,Apple MacBook Pro,iPad Pro ,JBL Splashproof Portable Bluetooth Speaker,Etekcity Power Extension Cord Cable,,,,,,,,,,,,,,,,,,,,,,,
ViewSonic Monitor,Computer Game,iMac,ASUS Monitor,Etekcity Power Extension Cord Cable,Computer Game,Apple MacBook Air,,,,,,,,,,,,,,,,,,,,,,,,,
Acer Desktop,HP Laptop,Logitech 3-button Mouse,HP Monitor,Dell Laptop,,,,,,,,,,,,,,,,,,,,,,,,,,,
ASUS Chromebook,Acer Desktop,HP Laptop,iMac,ASUS 2 Monitor,CYBERPOWER Gamer Desktop,3-Button Mouse,Apple Earpods,,,,,,,,,,,,,,,,,,,,,,,,
Acer Aspire,Alienware Laptop,Panasonic In-Ear Headphone ,Apple MacBook Pro,Apple TV,,,,,,,,,,,,,,,,,,,,,,,,,,,
Samsung Monitor,Eluktronics Pro Gaming Laptop,ViewSonic Monitor,Computer Game,XIBERIA Gaming Headset,iPad Pro ,Backlit LED Gaming Keyboard,,,,,,,,,,,,,,,,,,,,,,,,,
Sonos,CYBERPOWER Gamer Desktop,,,,,,,,,,,,,,,,,,,,,,,,,,,,,,
Sonos,Dell Laptop,,,,,,,,,,,,,,,,,,,,,,,,,,,,,,
Dell Desktop,iMac,Apple MacBook Pro,Apple Earpods,,,,,,,,,,,,,,,,,,,,,,,,,,,,
Dell Desktop,CYBERPOWER Gamer Desktop,Halter Acrylic Monitor Stand,Dell Laptop,iPad Pro ,,,,,,,,,,,,,,,,,,,,,,,,,,,
EagleTec Wireless Combo Keyboard and Mouse,,,,,,,,,,,,,,,,,,,,,,,,,,,,,,,
Samsung Monitor,HP Laptop,iMac,Apple Magic Keyboard,Microsoft Office Home and Student 2016,3-Button Mouse,XIBERIA Gaming Headset,Apple Wireless Keyboard,Apple MacBook Pro,Apple Earpods,,,,,,,,,,,,,,,,,,,,,,
Dell Desktop,Apple Earpods,Philips Flexible Earhook Headphone,,,,,,,,,,,,,,,,,,,,,,,,,,,,,
ASUS Desktop,Backlit LED Gaming Keyboard,,,,,,,,,,,,,,,,,,,,,,,,,,,,,,
iMac,CYBERPOWER Gamer Desktop,Monster Beats By Dr Dre,,,,,,,,,,,,,,,,,,,,,,,,,,,,,
HDMI Cable 6ft,LG Monitor,Logitech MK550 Wireless Wave Keyboard and Mouse Combo,Microsoft Office Home and Student 2016,CYBERPOWER Gamer Desktop,3-Button Mouse,Dell Desktop,Slim Wireless Mouse,,,,,,,,,,,,,,,,,,,,,,,,
Acer Monitor,Otium Wireless Sports Bluetooth Headphone,Acer Aspire,Acer Desktop,Logitech 3-button Mouse,Microsoft Basic Optical Mouse,Apple Wireless Keyboard,Dell Laptop,Backlit LED Gaming Keyboard,,,,,,,,,,,,,,,,,,,,,,,
CYBERPOWER Gamer Desktop,Logitech MK360 Wireless Keyboard and Mouse Combo,,,,,,,,,,,,,,,,,,,,,,,,,,,,,,
Eluktronics Pro Gaming Laptop,Epson Printer,,,,,,,,,,,,,,,,,,,,,,,,,,,,,,
Epson Black Ink,Apple Wireless Keyboard,,,,,,,,,,,,,,,,,,,,,,,,,,,,,,
iMac,Microsoft Basic Optical Mouse,,,,,,,,,,,,,,,,,,,,,,,,,,,,,,
Apple MacBook Air,,,,,,,,,,,,,,,,,,,,,,,,,,,,,,,
Samsung Monitor,HDMI Cable 6ft,Acer Desktop,Dell Wired Keyboard,,,,,,,,,,,,,,,,,,,,,,,,,,,,
AOC Monitor,Apple Wireless Keyboard,PC Gaming Headset,,,,,,,,,,,,,,,,,,,,,,,,,,,,,
HP Laptop,Apple MacBook Air,,,,,,,,,,,,,,,,,,,,,,,,,,,,,,
Samsung Monitor,Acer Desktop,Dell 2 Desktop,iMac,ASUS Monitor,Apple Magic Keyboard,,,,,,,,,,,,,,,,,,,,,,,,,,
ASUS Chromebook,Dell Desktop,ViewSonic Monitor,HP Laptop,iMac,ASUS 2 Monitor,Microsoft Office Home and Student 2016,Dell Laptop,,,,,,,,,,,,,,,,,,,,,,,,
Dell 2 Desktop,Bose Companion Speakers,Brother Printer Toner,Redragon Gaming Mouse,Rii LED Keyboard,Microsoft Wireless Desktop Keyboard and Mouse,,,,,,,,,,,,,,,,,,,,,,,,,,
ASUS Chromebook,ViewSonic Monitor,iMac,Lenovo Desktop Computer,Panasonic On-Ear Stereo Headphones,Fire TV Stick,,,,,,,,,,,,,,,,,,,,,,,,,,
iMac,ASUS Monitor,Alienware Laptop,Slim 2TB Portable External Hard Drive,Microsoft Office Home and Student 2016,CYBERPOWER Gamer Desktop,Lenovo Desktop Computer,Apple Wireless Keyboard,Dell Laptop,Microsoft Wireless Desktop Keyboard and Mouse,,,,,,,,,,,,,,,,,,,,,,
Acer Monitor,ASUS 2 Monitor,Lenovo Desktop Computer,Logitech MK550 Wireless Wave Keyboard and Mouse Combo,Logitech 3-button Mouse,Apple MacBook Air,,,,,,,,,,,,,,,,,,,,,,,,,,
Dell Desktop,iMac,Microsoft Office Home and Student 2016,Logitech 3-button Mouse,Apple Earpods,Apple MacBook Air,,,,,,,,,,,,,,,,,,,,,,,,,,
iMac,Epson Black Ink,,,,,,,,,,,,,,,,,,,,,,,,,,,,,,
Acer Aspire,Logitech 3-button Mouse,3-Button Mouse,LG Touchscreen Laptop,Dell Laptop,Microsoft Wireless Desktop Keyboard and Mouse,,,,,,,,,,,,,,,,,,,,,,,,,,
HP Wireless Printer,Bose Companion Speakers,Backlit LED Gaming Keyboard,Microsoft Wireless Desktop Keyboard and Mouse,,,,,,,,,,,,,,,,,,,,,,,,,,,,
iMac,Apple Earpods,Eluktronics Pro Gaming Laptop,,,,,,,,,,,,,,,,,,,,,,,,,,,,,
3-Button Mouse,Dell Laptop,2TB Portable External Hard Drive,,,,,,,,,,,,,,,,,,,,,,,,,,,,,
ASUS 2 Monitor,CYBERPOWER Gamer Desktop,Apple MacBook Air,,,,,,,,,,,,,,,,,,,,,,,,,,,,,
HP Laptop,iMac,Dell Wired Keyboard,Apple Earpods,,,,,,,,,,,,,,,,,,,,,,,,,,,,
Samsung Galaxy Tablet,,,,,,,,,,,,,,,,,,,,,,,,,,,,,,,
HP Laptop,Lenovo Desktop Computer,Google Home,Apple MacBook Pro,,,,,,,,,,,,,,,,,,,,,,,,,,,,
Kensington Headphones ,CYBERPOWER Gamer Desktop,,,,,,,,,,,,,,,,,,,,,,,,,,,,,,
HP Laptop,Cambridge Bluetooth Speaker,CYBERPOWER Gamer Desktop,Apple MacBook Pro,Apple MacBook Air,Dell KM117 Wireless Keyboard & Mouse,,,,,,,,,,,,,,,,,,,,,,,,,,
HP Monitor,,,,,,,,,,,,,,,,,,,,,,,,,,,,,,,
Dell 2 Desktop,HP Laptop,Lenovo Desktop Computer,,,,,,,,,,,,,,,,,,,,,,,,,,,,,
HP Laptop,iMac,ASUS Monitor,Lenovo Desktop Computer,Apple Magic Keyboard,Epson Printer,CYBERPOWER Gamer Desktop,Belkin Mouse Pad,iPad Pro ,,,,,,,,,,,,,,,,,,,,,,,
iPad ,,,,,,,,,,,,,,,,,,,,,,,,,,,,,,,
Samsung Monitor,LG Monitor,ASUS Chromebook,Dell Desktop,Logitech MK270 Wireless Keyboard and Mouse Combo,HP Laptop,iMac,Logitech Keyboard,Microsoft Office Home and Student 2016,Apple Earpods,Dell Laptop,,,,,,,,,,,,,,,,,,,,,
ASUS Chromebook,Acer Aspire,ASUS Monitor,Microsoft Office Home and Student 2016,Rii LED Gaming Keyboard & Mouse Combo ,Belkin Mouse Pad,Smart Light Bulb,ASUS Desktop,,,,,,,,,,,,,,,,,,,,,,,,
Dell Desktop,Apple Magic Keyboard,Bose Companion Speakers,Lenovo Desktop Computer,Cyber Acoustics,Etekcity Power Extension Cord Cable,Slim Wireless Mouse,iPad,,,,,,,,,,,,,,,,,,,,,,,,
Samsung Monitor,ASUS Monitor,Alienware Laptop,Sonos,Apple Wireless Keyboard,Slim Wireless Mouse,,,,,,,,,,,,,,,,,,,,,,,,,,
Dell Laptop,,,,,,,,,,,,,,,,,,,,,,,,,,,,,,,
Apple MacBook Pro,Apple Earpods,Apple MacBook Air,,,,,,,,,,,,,,,,,,,,,,,,,,,,,
Samsung Monitor,Lenovo Desktop Computer,Belkin Mouse Pad,Slim Wireless Mouse,,,,,,,,,,,,,,,,,,,,,,,,,,,,
iMac,Dell Laptop,Roku Express,,,,,,,,,,,,,,,,,,,,,,,,,,,,,
Slim 2TB Portable External Hard Drive,HP Desktop,,,,,,,,,,,,,,,,,,,,,,,,,,,,,,
3-Button Mouse,Wireless Portable Mouse,Microsoft Wireless Desktop Keyboard and Mouse,,,,,,,,,,,,,,,,,,,,,,,,,,,,,
Logitech MK270 Wireless Keyboard and Mouse Combo,ViewSonic Monitor,Computer Game,Apple Magic Keyboard,CYBERPOWER Gamer Desktop,Fire HD Tablet,Apple Wireless Keyboard,Apple MacBook Pro,Apple Earpods,HP Monitor,Dell Laptop,Microsoft Wireless Desktop Keyboard and Mouse,,,,,,,,,,,,,,,,,,,,
Acer Aspire,Lenovo Desktop Computer,,,,,,,,,,,,,,,,,,,,,,,,,,,,,,
Acer Aspire,Dell Desktop,HP Laptop,CYBERPOWER Gamer Desktop,Microsoft Wireless Desktop Keyboard and Mouse,,,,,,,,,,,,,,,,,,,,,,,,,,,
Otium Wireless Sports Bluetooth Headphone,HP Laptop,Lenovo Desktop Computer,Sonos,HP Monitor,Slim Wireless Mouse,Backlit LED Gaming Keyboard,,,,,,,,,,,,,,,,,,,,,,,,,
Slim Wireless Mouse,Dell Laptop,,,,,,,,,,,,,,,,,,,,,,,,,,,,,,
Kensington Headphones ,ASUS Chromebook,Cambridge Bluetooth Speaker,CYBERPOWER Gamer Desktop,Apple Earpods,,,,,,,,,,,,,,,,,,,,,,,,,,,
Apple MacBook Air,iPhone Charger Cable,,,,,,,,,,,,,,,,,,,,,,,,,,,,,,
Acer Aspire,Dell Desktop,3-Button Mouse,PC Gaming Headset,,,,,,,,,,,,,,,,,,,,,,,,,,,,
Sonos,Apple Earpods,Acer Desktop,Large Mouse Pad,,,,,,,,,,,,,,,,,,,,,,,,,,,,
Dell Desktop,ViewSonic Monitor,Lenovo Desktop Computer, Intel Desktop ,Dell Wired Keyboard,Logitech 3-button Mouse,iPhone Charger Cable,Slim Wireless Mouse,Wireless Portable Mouse,iPad,,,,,,,,,,,,,,,,,,,,,,
Belkin Mouse Pad,,,,,,,,,,,,,,,,,,,,,,,,,,,,,,,
Apple Earpods,,,,,,,,,,,,,,,,,,,,,,,,,,,,,,,
Samsung Monitor,Logitech 3-button Mouse,,,,,,,,,,,,,,,,,,,,,,,,,,,,,,
Slim 2TB Portable External Hard Drive,,,,,,,,,,,,,,,,,,,,,,,,,,,,,,,
Apple Magic Keyboard,,,,,,,,,,,,,,,,,,,,,,,,,,,,,,,
Dell Desktop,,,,,,,,,,,,,,,,,,,,,,,,,,,,,,,
HP Black & Tri-color Ink ,Apple Magic Keyboard,Brother Printer Toner,Microsoft Headset,Backlit LED Gaming Keyboard,,,,,,,,,,,,,,,,,,,,,,,,,,,
iMac,,,,,,,,,,,,,,,,,,,,,,,,,,,,,,,
Lenovo Desktop Computer,Apple MacBook Air,LG Touchscreen Laptop,,,,,,,,,,,,,,,,,,,,,,,,,,,,,
Eluktronics Pro Gaming Laptop,ViewSonic Monitor,HP Black & Tri-color Ink ,HP Laptop,Apple MacBook Pro,Apple MacBook Air,Backlit LED Gaming Keyboard,,,,,,,,,,,,,,,,,,,,,,,,,
Acer Desktop,CYBERPOWER Gamer Desktop,,,,,,,,,,,,,,,,,,,,,,,,,,,,,,
Dell Monitor,,,,,,,,,,,,,,,,,,,,,,,,,,,,,,,
iMac,,,,,,,,,,,,,,,,,,,,,,,,,,,,,,,
iMac,Logitech 3-button Mouse,HP Monitor,,,,,,,,,,,,,,,,,,,,,,,,,,,,,
Samsung Monitor,CYBERPOWER Gamer Desktop,,,,,,,,,,,,,,,,,,,,,,,,,,,,,,
2TB Portable External Hard Drive,,,,,,,,,,,,,,,,,,,,,,,,,,,,,,,
ASUS Chromebook,iMac,Lenovo Desktop Computer,Koss Home Headphones,,,,,,,,,,,,,,,,,,,,,,,,,,,,
Samsung Monitor,iMac,CYBERPOWER Gamer Desktop,Apple Earpods,Slim Wireless Mouse,ASUS Desktop,Wireless Portable Mouse,Logitech ClearChat Headset,iPad,,,,,,,,,,,,,,,,,,,,,,,
Samsung Monitor,Slim 2TB Portable External Hard Drive,Logitech 3-button Mouse,Lenovo Desktop Computer,Apple Earpods,Slim Wireless Mouse,Microsoft Wireless Comfort Keyboard and Mouse,DYMO Label Manker  ,,,,,,,,,,,,,,,,,,,,,,,,
Dell Desktop,Logitech Keyboard,,,,,,,,,,,,,,,,,,,,,,,,,,,,,,
Acer Monitor,Apple Wireless Keyboard,,,,,,,,,,,,,,,,,,,,,,,,,,,,,,
ASUS Chromebook,ViewSonic Monitor,Microsoft Office Home and Student 2016,DOSS Touch Wireless Bluetooth,Apple Earpods,,,,,,,,,,,,,,,,,,,,,,,,,,,
ASUS 2 Monitor,Sonos,Cyber Acoustics,Redragon Gaming Mouse,,,,,,,,,,,,,,,,,,,,,,,,,,,,
Apple MacBook Pro,Apple MacBook Air,iPad,,,,,,,,,,,,,,,,,,,,,,,,,,,,,
Lenovo Desktop Computer,Backlit LED Gaming Keyboard,,,,,,,,,,,,,,,,,,,,,,,,,,,,,,
ViewSonic Monitor,HP Laptop,Microsoft Basic Optical Mouse,Apple MacBook Pro,HP Monitor,,,,,,,,,,,,,,,,,,,,,,,,,,,
Panasonic In-Ear Headphone ,Microsoft Office Home and Student 2016,Apple Wireless Keyboard,Microsoft Wireless Desktop Keyboard and Mouse,,,,,,,,,,,,,,,,,,,,,,,,,,,,
Acer Desktop,Slim 2TB Portable External Hard Drive,Cambridge Bluetooth Speaker,ASUS Desktop,Dell Laptop,iPad Pro ,,,,,,,,,,,,,,,,,,,,,,,,,,
HP Wireless Mouse,iMac,,,,,,,,,,,,,,,,,,,,,,,,,,,,,,
HDMI Cable 6ft,iMac,Logitech MK550 Wireless Wave Keyboard and Mouse Combo,Redragon Gaming Mouse,,,,,,,,,,,,,,,,,,,,,,,,,,,,
Dell Laptop,,,,,,,,,,,,,,,,,,,,,,,,,,,,,,,
Ailihen Stereo Headphones,iMac,AOC Monitor,Zombie Gaming Headset,,,,,,,,,,,,,,,,,,,,,,,,,,,,
Zombie Gaming Headset,Brother Printer,iPad Pro ,,,,,,,,,,,,,,,,,,,,,,,,,,,,,
CYBERPOWER Gamer Desktop,Belkin Mouse Pad,Halter Acrylic Monitor Stand,,,,,,,,,,,,,,,,,,,,,,,,,,,,,
Samsung Monitor,HDMI Cable 6ft,Lenovo Desktop Computer,Dell Desktop,Acer Desktop,Gaming Mouse Professional,Apple TV,JBL Splashproof Portable Bluetooth Speaker,,,,,,,,,,,,,,,,,,,,,,,,
Apple Wireless Keyboard,HP Monitor,,,,,,,,,,,,,,,,,,,,,,,,,,,,,,
Acer Monitor,iMac,,,,,,,,,,,,,,,,,,,,,,,,,,,,,,
Samsung Monitor,Slim 2TB Portable External Hard Drive,Logitech 3-button Mouse,3-Button Mouse,,,,,,,,,,,,,,,,,,,,,,,,,,,,
iMac,ASUS Monitor,Lenovo Desktop Computer,Microsoft Office Home and Student 2016,CYBERPOWER Gamer Desktop,,,,,,,,,,,,,,,,,,,,,,,,,,,
HP Wireless Printer,Slim 2TB Portable External Hard Drive,,,,,,,,,,,,,,,,,,,,,,,,,,,,,,
Acer Desktop,HP Laptop,iMac,Alienware Laptop,Apple TV,,,,,,,,,,,,,,,,,,,,,,,,,,,
Samsung Monitor,HP Laptop,Lenovo Desktop Computer,Microsoft Basic Optical Mouse,Apple MacBook Pro,iPhone Charger Cable,Microsoft Wireless Desktop Keyboard and Mouse,,,,,,,,,,,,,,,,,,,,,,,,,
iMac,Belkin Mouse Pad,Smart Light Bulb,Apple MacBook Pro,Apple MacBook Air,Wireless Portable Mouse,iPad Pro ,,,,,,,,,,,,,,,,,,,,,,,,,
Slim Wireless Mouse,Dell Laptop,,,,,,,,,,,,,,,,,,,,,,,,,,,,,,
Samsung Monitor,CYBERPOWER Gamer Desktop,Apple MacBook Air,,,,,,,,,,,,,,,,,,,,,,,,,,,,,
Apple MacBook Air,,,,,,,,,,,,,,,,,,,,,,,,,,,,,,,
Fire TV Stick,,,,,,,,,,,,,,,,,,,,,,,,,,,,,,,
Acer Desktop,,,,,,,,,,,,,,,,,,,,,,,,,,,,,,,
LG Monitor,Apple MacBook Pro,LG Touchscreen Laptop,Microsoft Wireless Desktop Keyboard and Mouse,,,,,,,,,,,,,,,,,,,,,,,,,,,,
Slim 2TB Portable External Hard Drive,3-Button Mouse,Apple MacBook Pro,HP Monitor,Apple MacBook Air,,,,,,,,,,,,,,,,,,,,,,,,,,,
iMac,,,,,,,,,,,,,,,,,,,,,,,,,,,,,,,
Dell Desktop,Acer Desktop,ViewSonic Monitor,ASUS Monitor,ASUS 2 Monitor,Microsoft Headset,Dell Laptop,,,,,,,,,,,,,,,,,,,,,,,,,
Acer Monitor, Intel Desktop ,AOC Monitor,,,,,,,,,,,,,,,,,,,,,,,,,,,,,
Fire TV Stick,,,,,,,,,,,,,,,,,,,,,,,,,,,,,,,
Computer Game,Samsung Galaxy Tablet,,,,,,,,,,,,,,,,,,,,,,,,,,,,,,
Apple Earpods,Zombie Gaming Headset,,,,,,,,,,,,,,,,,,,,,,,,,,,,,,
ViewSonic Monitor,Lenovo Desktop Computer,Slim 2TB Portable External Hard Drive,,,,,,,,,,,,,,,,,,,,,,,,,,,,,
iMac,,,,,,,,,,,,,,,,,,,,,,,,,,,,,,,
Acer Aspire,Redragon Gaming Mouse,Apple Wireless Keyboard,Slim Wireless Mouse,iPad Pro ,,,,,,,,,,,,,,,,,,,,,,,,,,,
iMac,ASUS 2 Monitor, Intel Desktop ,Microsoft Wireless Desktop Keyboard and Mouse,,,,,,,,,,,,,,,,,,,,,,,,,,,,
Apple Earpods,HP Desktop,,,,,,,,,,,,,,,,,,,,,,,,,,,,,,
Samsung Monitor,Lenovo Desktop Computer,HP Monitor,Microsoft Wireless Desktop Keyboard and Mouse,,,,,,,,,,,,,,,,,,,,,,,,,,,,
Apple Magic Keyboard,,,,,,,,,,,,,,,,,,,,,,,,,,,,,,,
Acer Monitor,LG Monitor,Dell Desktop,HP Wireless Printer,Microsoft Basic Optical Mouse,Slim Wireless Mouse,Microsoft Wireless Desktop Keyboard and Mouse,,,,,,,,,,,,,,,,,,,,,,,,,
HP Laptop,Logitech 3-button Mouse,HP Notebook Touchscreen Laptop PC,LG Touchscreen Laptop,,,,,,,,,,,,,,,,,,,,,,,,,,,,
Apple MacBook Air,,,,,,,,,,,,,,,,,,,,,,,,,,,,,,,
Acer Desktop,ViewSonic Monitor,ASUS 2 Monitor,Logitech MK550 Wireless Wave Keyboard and Mouse Combo,Google Home,,,,,,,,,,,,,,,,,,,,,,,,,,,
Acer Aspire,iMac,Microsoft Office Home and Student 2016,Dell Laptop,Microsoft Wireless Desktop Keyboard and Mouse,,,,,,,,,,,,,,,,,,,,,,,,,,,
Apple Magic Keyboard,,,,,,,,,,,,,,,,,,,,,,,,,,,,,,,
Apple Magic Keyboard,Backlit LED Gaming Keyboard,,,,,,,,,,,,,,,,,,,,,,,,,,,,,,
HP Laptop,Alienware Laptop,Bose Companion Speakers,Panasonic In-Ear Headphone , Intel Desktop ,Dell Wired Keyboard,Google Home,Full Motion Monitor Mount,,,,,,,,,,,,,,,,,,,,,,,,
Dell Desktop,iMac, Intel Desktop ,Logitech 3-button Mouse,,,,,,,,,,,,,,,,,,,,,,,,,,,,
Dell Desktop,CYBERPOWER Gamer Desktop,AOC Monitor,Slim Wireless Mouse,iPad,,,,,,,,,,,,,,,,,,,,,,,,,,,
HP Desktop,,,,,,,,,,,,,,,,,,,,,,,,,,,,,,,
Otium Wireless Sports Bluetooth Headphone,Logitech 3-button Mouse,PC Gaming Headset,Microsoft Wireless Desktop Keyboard and Mouse,,,,,,,,,,,,,,,,,,,,,,,,,,,,
Apple Earpods,Apple MacBook Air,Large Mouse Pad,Slim Wireless Mouse,Microsoft Wireless Desktop Keyboard and Mouse,,,,,,,,,,,,,,,,,,,,,,,,,,,
Lenovo Desktop Computer,HP Desktop,,,,,,,,,,,,,,,,,,,,,,,,,,,,,,
Acer Monitor,Computer Game,Logitech Wireless Mouse, Intel Desktop ,Logitech 3-button Mouse,Halter Acrylic Monitor Stand,Microsoft Wireless Desktop Keyboard and Mouse,,,,,,,,,,,,,,,,,,,,,,,,,
HDMI Cable 6ft,Acer Desktop,Microsoft Office Home and Student 2016,3-Button Mouse,Brother Printer Toner,Redragon Gaming Mouse,Backlit LED Gaming Keyboard,,,,,,,,,,,,,,,,,,,,,,,,,
Monster Beats By Dr Dre,USB Cable,Brother Printer,,,,,,,,,,,,,,,,,,,,,,,,,,,,,
Apple MacBook Air,,,,,,,,,,,,,,,,,,,,,,,,,,,,,,,
Cambridge Bluetooth Speaker,Dell Monitor,Apple Wireless Keyboard,,,,,,,,,,,,,,,,,,,,,,,,,,,,,
HP Laptop,iMac,Apple Wireless Keyboard,Apple Earpods,Apple MacBook Air,,,,,,,,,,,,,,,,,,,,,,,,,,,
Samsung Monitor,Apple Wireless Keyboard,ASUS Desktop,Microsoft Wireless Desktop Keyboard and Mouse,,,,,,,,,,,,,,,,,,,,,,,,,,,,
Samsung Monitor,Bose Companion Speakers,Microsoft Basic Optical Mouse,Apple MacBook Pro,Apple MacBook Air,,,,,,,,,,,,,,,,,,,,,,,,,,,
Acer Monitor,LG Monitor,ASUS 2 Monitor,Microsoft Wireless Desktop Keyboard and Mouse,,,,,,,,,,,,,,,,,,,,,,,,,,,,
Samsung Galaxy Tablet,,,,,,,,,,,,,,,,,,,,,,,,,,,,,,,
Cambridge Bluetooth Speaker,,,,,,,,,,,,,,,,,,,,,,,,,,,,,,,
iMac,3-Button Mouse,Brother Printer Toner,Dell Desktop,Apple Earpods,Slim Wireless Mouse,HP Desktop,,,,,,,,,,,,,,,,,,,,,,,,,
Bose Companion Speakers,,,,,,,,,,,,,,,,,,,,,,,,,,,,,,,
Acer Desktop,,,,,,,,,,,,,,,,,,,,,,,,,,,,,,,
HP Monitor,,,,,,,,,,,,,,,,,,,,,,,,,,,,,,,
ViewSonic Monitor,HP Laptop,iMac,Lenovo Desktop Computer,ASUS Desktop,Backlit LED Gaming Keyboard,,,,,,,,,,,,,,,,,,,,,,,,,,
Acer Monitor,iMac,Epson Printer,,,,,,,,,,,,,,,,,,,,,,,,,,,,,
Logitech MK270 Wireless Keyboard and Mouse Combo,Logitech 3-button Mouse,,,,,,,,,,,,,,,,,,,,,,,,,,,,,,
Logitech MK270 Wireless Keyboard and Mouse Combo,Dell Desktop,DYMO Labeling Tape ,,,,,,,,,,,,,,,,,,,,,,,,,,,,,
Apple MacBook Air,,,,,,,,,,,,,,,,,,,,,,,,,,,,,,,
CYBERPOWER Gamer Desktop,iPad Pro ,Microsoft Wireless Desktop Keyboard and Mouse,,,,,,,,,,,,,,,,,,,,,,,,,,,,,
CYBERPOWER Gamer Desktop,Apple MacBook Pro,,,,,,,,,,,,,,,,,,,,,,,,,,,,,,
ASUS 2 Monitor,Lenovo Desktop Computer,Backlit LED Gaming Keyboard,,,,,,,,,,,,,,,,,,,,,,,,,,,,,
Samsung Monitor,Acer Aspire,ASUS Monitor,Lenovo Desktop Computer,Logitech 3-button Mouse,Belkin Mouse Pad,HP Monitor,Brother Printer,Backlit LED Gaming Keyboard,,,,,,,,,,,,,,,,,,,,,,,
Acer Monitor,Samsung Monitor,Acer Aspire,Epson Printer,Cambridge Bluetooth Speaker,DOSS Touch Wireless Bluetooth,Etekcity Power Extension Cord Cable,Apple Wireless Keyboard,Wireless Portable Mouse,Dell Laptop,Brother Printer,,,,,,,,,,,,,,,,,,,,,
Monster Beats By Dr Dre,iMac,CYBERPOWER Gamer Desktop,Acer Desktop,Dell Laptop,,,,,,,,,,,,,,,,,,,,,,,,,,,
Apple MacBook Air,,,,,,,,,,,,,,,,,,,,,,,,,,,,,,,
Koss Home Headphones,Apple Wireless Keyboard,iPad,,,,,,,,,,,,,,,,,,,,,,,,,,,,,
LG Monitor,ASUS Chromebook,Dell 2 Desktop,Microsoft Office Home and Student 2016,Etekcity Power Extension Cord Cable,,,,,,,,,,,,,,,,,,,,,,,,,,,
Dell Desktop,,,,,,,,,,,,,,,,,,,,,,,,,,,,,,,
Acer Desktop,Logitech MK270 Wireless Keyboard and Mouse Combo,Cambridge Bluetooth Speaker,CYBERPOWER Gamer Desktop,Fire HD Tablet,Apple MacBook Air,iPhone Charger Cable,,,,,,,,,,,,,,,,,,,,,,,,,
Acer Aspire,Dell Desktop,CYBERPOWER Gamer Desktop,Apple Earpods,HP Desktop,,,,,,,,,,,,,,,,,,,,,,,,,,,
Otium Wireless Sports Bluetooth Headphone,Eluktronics Pro Gaming Laptop,HP Laptop,iMac,CYBERPOWER Gamer Desktop,iPad,,,,,,,,,,,,,,,,,,,,,,,,,,
Microsoft Wireless Desktop Keyboard and Mouse,,,,,,,,,,,,,,,,,,,,,,,,,,,,,,,
Eluktronics Pro Gaming Laptop,iMac,Panasonic In-Ear Headphone ,Cyber Acoustics,Microsoft Wireless Desktop Keyboard and Mouse,,,,,,,,,,,,,,,,,,,,,,,,,,,
ViewSonic Monitor,Belkin Mouse Pad,Sceptre Monitor,,,,,,,,,,,,,,,,,,,,,,,,,,,,,
ASUS Chromebook,ViewSonic Monitor,iMac,Epson Black Ink,,,,,,,,,,,,,,,,,,,,,,,,,,,,
Apple MacBook Air,Slim Wireless Mouse,,,,,,,,,,,,,,,,,,,,,,,,,,,,,,
Apple Magic Keyboard,Bose Companion Speakers,3-Button Mouse,Belkin Mouse Pad,Redragon Gaming Mouse,Dell Laptop,JBL Splashproof Portable Bluetooth Speaker,Backlit LED Gaming Keyboard,,,,,,,,,,,,,,,,,,,,,,,,
Dell Desktop,Lenovo Desktop Computer,CYBERPOWER Gamer Desktop,Canon Office Printer,Microsoft Wireless Desktop Keyboard and Mouse,,,,,,,,,,,,,,,,,,,,,,,,,,,
Dell Desktop,iMac,CYBERPOWER Gamer Desktop,,,,,,,,,,,,,,,,,,,,,,,,,,,,,
3-Button Mouse,,,,,,,,,,,,,,,,,,,,,,,,,,,,,,,
Logitech Desktop MK120 Mouse and keyboard Combo,Acer Desktop,ViewSonic Monitor,Lenovo Desktop Computer, Intel Desktop ,Rii LED Gaming Keyboard & Mouse Combo ,Dell Desktop,iPad Pro ,Backlit LED Gaming Keyboard,,,,,,,,,,,,,,,,,,,,,,,
Dell Desktop,Alienware Laptop,Logitech 3-button Mouse,Rii LED Gaming Keyboard & Mouse Combo ,,,,,,,,,,,,,,,,,,,,,,,,,,,,
Dell Desktop,HP Desktop,,,,,,,,,,,,,,,,,,,,,,,,,,,,,,
Kensington Headphones ,iMac,USB Cable,,,,,,,,,,,,,,,,,,,,,,,,,,,,,
Otium Wireless Sports Bluetooth Headphone,Acer Desktop,iMac,Apple Earpods,Backlit LED Gaming Keyboard,,,,,,,,,,,,,,,,,,,,,,,,,,,
Eluktronics Pro Gaming Laptop,Acer Desktop,ASUS 2 Monitor,HP Wireless Printer, Intel Desktop ,CYBERPOWER Gamer Desktop,Logitech 3-button Mouse,,,,,,,,,,,,,,,,,,,,,,,,,
LG Monitor,,,,,,,,,,,,,,,,,,,,,,,,,,,,,,,
iMac,AOC Monitor,Fire HD Tablet,Apple MacBook Pro,Apple Earpods,Backlit LED Gaming Keyboard,,,,,,,,,,,,,,,,,,,,,,,,,,
LG Monitor,HP Black & Tri-color Ink ,HP Laptop,iMac,ASUS 2 Monitor,HP Monitor,,,,,,,,,,,,,,,,,,,,,,,,,,
Bose Companion Speakers,Apple Earpods,,,,,,,,,,,,,,,,,,,,,,,,,,,,,,
HP Laptop,iMac,Microsoft Office Home and Student 2016,JBL Splashproof Portable Bluetooth Speaker,,,,,,,,,,,,,,,,,,,,,,,,,,,,
iMac,ASUS Monitor,HP Monitor,iPad,,,,,,,,,,,,,,,,,,,,,,,,,,,,
HP Wireless Mouse,iMac,CYBERPOWER Gamer Desktop,,,,,,,,,,,,,,,,,,,,,,,,,,,,,
iMac,CYBERPOWER Gamer Desktop,Logitech 3-button Mouse,Etekcity Power Extension Cord Cable,Samsung Charging Cable,,,,,,,,,,,,,,,,,,,,,,,,,,,
Acer Desktop,3-Button Mouse,,,,,,,,,,,,,,,,,,,,,,,,,,,,,,
CYBERPOWER Gamer Desktop,Backlit LED Gaming Keyboard,,,,,,,,,,,,,,,,,,,,,,,,,,,,,,
ViewSonic Monitor,Epson Printer,CYBERPOWER Gamer Desktop,HP Monitor,Apple MacBook Air,,,,,,,,,,,,,,,,,,,,,,,,,,,
Acer Monitor,Dell Desktop,Acer Desktop,HP Laptop,Epson Printer,Ailihen Stereo Headphones,3TB Portable External Hard Drive,Belkin Mouse Pad,,,,,,,,,,,,,,,,,,,,,,,,
iMac,Apple Magic Keyboard,,,,,,,,,,,,,,,,,,,,,,,,,,,,,,
Acer Monitor,Dell Desktop,Acer Desktop,iMac,ASUS 2 Monitor,3-Button Mouse,Rii LED Gaming Keyboard & Mouse Combo ,Belkin Mouse Pad,Dell Desktop,Monster Beats By Dr Dre,,,,,,,,,,,,,,,,,,,,,,
ViewSonic Monitor,iMac,Apple Magic Keyboard,Apple Earpods,,,,,,,,,,,,,,,,,,,,,,,,,,,,
Acer Desktop,,,,,,,,,,,,,,,,,,,,,,,,,,,,,,,
Samsung Monitor,CYBERPOWER Gamer Desktop,Apple MacBook Air,,,,,,,,,,,,,,,,,,,,,,,,,,,,,
Bose Companion Speakers,Microsoft Office Home and Student 2016,Etekcity Power Extension Cord Cable,Belkin Mouse Pad,,,,,,,,,,,,,,,,,,,,,,,,,,,,
LG Monitor,HP Laptop,Logitech MK360 Wireless Keyboard and Mouse Combo,Zombie Gaming Headset,,,,,,,,,,,,,,,,,,,,,,,,,,,,
Acer Aspire,HP Laptop,Bose Companion Speakers,CYBERPOWER Gamer Desktop,,,,,,,,,,,,,,,,,,,,,,,,,,,,
ASUS Chromebook,Eluktronics Pro Gaming Laptop,iMac,Koss Home Headphones,HP Wireless Mouse,CYBERPOWER Gamer Desktop,Belkin Mouse Pad,PC Gaming Headset,,,,,,,,,,,,,,,,,,,,,,,,
iMac,Logitech MK550 Wireless Wave Keyboard and Mouse Combo,Logitech 3-button Mouse,Apple Wireless Keyboard,Apple Earpods,,,,,,,,,,,,,,,,,,,,,,,,,,,
ASUS Chromebook,Logitech MK270 Wireless Keyboard and Mouse Combo,HP Laptop,iMac,HP Wireless Printer,Lenovo Desktop Computer,Epson Printer,Rii LED Keyboard,JBL Splashproof Portable Bluetooth Speaker,Backlit LED Gaming Keyboard,,,,,,,,,,,,,,,,,,,,,,
Samsung Monitor,HDMI Cable 6ft,ViewSonic Monitor,HP Laptop,iMac,Lenovo Desktop Computer,CYBERPOWER Gamer Desktop,3-Button Mouse,Belkin Mouse Pad,Apple MacBook Pro,Microsoft Wireless Desktop Keyboard and Mouse,,,,,,,,,,,,,,,,,,,,,
Apple MacBook Air,,,,,,,,,,,,,,,,,,,,,,,,,,,,,,,
CYBERPOWER Gamer Desktop,,,,,,,,,,,,,,,,,,,,,,,,,,,,,,,
ViewSonic Monitor,Belkin Mouse Pad,APIE Bluetooth Headphone,,,,,,,,,,,,,,,,,,,,,,,,,,,,,
Acer Aspire,ASUS Monitor,Lenovo Desktop Computer, Intel Desktop ,CYBERPOWER Gamer Desktop,Apple MacBook Pro,Apple Earpods,Backlit LED Gaming Keyboard,,,,,,,,,,,,,,,,,,,,,,,,
Dell Desktop,CYBERPOWER Gamer Desktop,Backlit LED Gaming Keyboard,,,,,,,,,,,,,,,,,,,,,,,,,,,,,
Acer Monitor,Samsung Monitor,CYBERPOWER Gamer Desktop,Apple Earpods,Large Mouse Pad,HP Desktop,Microsoft Wireless Desktop Keyboard and Mouse,,,,,,,,,,,,,,,,,,,,,,,,,
Samsung Monitor,Apple Earpods,,,,,,,,,,,,,,,,,,,,,,,,,,,,,,
Dell Desktop,Computer Game,iMac, Intel Desktop ,Google Home,Apple MacBook Pro,Apple Earpods,,,,,,,,,,,,,,,,,,,,,,,,,
Acer Monitor,Dell 2 Desktop,iMac,Mackie CR Speakers,Apple Wireless Keyboard,DYMO Labeling Tape ,,,,,,,,,,,,,,,,,,,,,,,,,,
Samsung Monitor,Acer Aspire,Dell 2 Desktop,HP Laptop,iMac,ASUS Monitor,Apple Magic Keyboard,Logitech 3-button Mouse,Computer Game,Apple Wireless Keyboard,Apple MacBook Pro,Apple MacBook Air,Wireless Portable Mouse,,,,,,,,,,,,,,,,,,,
Dell Desktop,Logitech MK550 Wireless Wave Keyboard and Mouse Combo,Epson Printer,Microsoft Office Home and Student 2016,Brother Printer Toner,,,,,,,,,,,,,,,,,,,,,,,,,,,
Apple Magic Keyboard,,,,,,,,,,,,,,,,,,,,,,,,,,,,,,,
ASUS Chromebook,iMac,CYBERPOWER Gamer Desktop,Apple Wireless Keyboard,,,,,,,,,,,,,,,,,,,,,,,,,,,,
HDMI Cable 6ft,ASUS Chromebook,Acer Aspire,Backlit LED Gaming Keyboard,,,,,,,,,,,,,,,,,,,,,,,,,,,,
Dell Desktop,Logitech Keyboard,CYBERPOWER Gamer Desktop,Apple MacBook Pro,Halter Mesh Metal Monitor Stand,,,,,,,,,,,,,,,,,,,,,,,,,,,
Samsung Monitor, Intel Desktop ,Microsoft Office Home and Student 2016,CYBERPOWER Gamer Desktop,Generic Black 3-Button,Full Motion Monitor Mount,Redragon Gaming Mouse,Apple Earpods,Acer Desktop,,,,,,,,,,,,,,,,,,,,,,,
Acer Monitor,Microsoft Office Home and Student 2016,Fire HD Tablet,PC Gaming Headset,,,,,,,,,,,,,,,,,,,,,,,,,,,,
Samsung Monitor,Acer Desktop,ViewSonic Monitor,HP Laptop,iMac,Lenovo Desktop Computer,3-Button Mouse,Apple Earpods,iPad Pro ,Microsoft Wireless Desktop Keyboard and Mouse,,,,,,,,,,,,,,,,,,,,,,
Acer Monitor,Samsung Monitor,LG Monitor,ASUS Chromebook,Eluktronics Pro Gaming Laptop,Dell Desktop,ViewSonic Monitor,iMac,Lenovo Desktop Computer,Apple Wired Keyboard,CYBERPOWER Gamer Desktop,3-Button Mouse,Apple MacBook Air,Apple MacBook Air,Backlit LED Gaming Keyboard,,,,,,,,,,,,,,,,,
ASUS Chromebook,Dell Desktop,Belkin Mouse Pad,Apple MacBook Pro,,,,,,,,,,,,,,,,,,,,,,,,,,,,
Acer Monitor,Samsung Monitor,HDMI Cable 6ft,Logitech MK270 Wireless Keyboard and Mouse Combo,HP Laptop,HP Wireless Printer,Apple Magic Keyboard,Apple MacBook Pro,Apple Earpods,,,,,,,,,,,,,,,,,,,,,,,
Apple MacBook Pro,Dell KM117 Wireless Keyboard & Mouse,,,,,,,,,,,,,,,,,,,,,,,,,,,,,,
Slim 2TB Portable External Hard Drive,,,,,,,,,,,,,,,,,,,,,,,,,,,,,,,
Apple MacBook Air,,,,,,,,,,,,,,,,,,,,,,,,,,,,,,,
3-Button Mouse,Apple Earpods,,,,,,,,,,,,,,,,,,,,,,,,,,,,,,
Acer Monitor,Dell Desktop,HP Laptop,HP Notebook Touchscreen Laptop PC,Halter Mesh Metal Monitor Stand,,,,,,,,,,,,,,,,,,,,,,,,,,,
HP Laptop,Apple Earpods,Microsoft Wireless Desktop Keyboard and Mouse,,,,,,,,,,,,,,,,,,,,,,,,,,,,,
Acer Monitor,CYBERPOWER Gamer Desktop,3-Button Mouse,,,,,,,,,,,,,,,,,,,,,,,,,,,,,
LG Monitor,Apple Magic Keyboard,CYBERPOWER Gamer Desktop,Etekcity Power Extension Cord Cable,Apple Earpods,ASUS Desktop,Dell Laptop,iPad,,,,,,,,,,,,,,,,,,,,,,,,
Apple MacBook Air,,,,,,,,,,,,,,,,,,,,,,,,,,,,,,,
Logitech MK270 Wireless Keyboard and Mouse Combo,Cyber Acoustics,JBL Splashproof Portable Bluetooth Speaker,,,,,,,,,,,,,,,,,,,,,,,,,,,,,
Apple MacBook Pro,Acer Desktop,HP Monitor,Apple MacBook Air,,,,,,,,,,,,,,,,,,,,,,,,,,,,
ASUS Chromebook,Acer Aspire,Microsoft Office Home and Student 2016,Slim Wireless Mouse,ASUS Desktop,iPad Pro ,,,,,,,,,,,,,,,,,,,,,,,,,,
HP Black & Tri-color Ink ,iMac,ASUS Monitor,Computer Game,Apple MacBook Pro,Apple MacBook Air,,,,,,,,,,,,,,,,,,,,,,,,,,
Acer Monitor,Otium Wireless Sports Bluetooth Headphone,iMac,ASUS Monitor,Lenovo Desktop Computer, Intel Desktop ,CYBERPOWER Gamer Desktop,3-Button Mouse,,,,,,,,,,,,,,,,,,,,,,,,
Samsung Monitor,Kensington Headphones ,LG Monitor,Dell 2 Desktop,ViewSonic Monitor,Logitech Wireless Mouse,iMac,ASUS 2 Monitor,Epson Printer,Logitech 3-button Mouse,Dell Desktop,Apple Earpods,HP Monitor,Dell Laptop,Dell Laptop,HP Desktop,Brother Printer,iPad Pro ,,,,,,,,,,,,,,
Samsung Monitor,CYBERPOWER Gamer Desktop,,,,,,,,,,,,,,,,,,,,,,,,,,,,,,
Backlit LED Gaming Keyboard,,,,,,,,,,,,,,,,,,,,,,,,,,,,,,,
HDMI Cable 6ft,Logitech MK550 Wireless Wave Keyboard and Mouse Combo,3-Button Mouse,HP Monitor,,,,,,,,,,,,,,,,,,,,,,,,,,,,
Kensington Headphones ,HP Laptop,ASUS Desktop,,,,,,,,,,,,,,,,,,,,,,,,,,,,,
Acer Aspire,Dell 2 Desktop,3-Button Mouse,Samsung Galaxy Tablet,Brother Printer,,,,,,,,,,,,,,,,,,,,,,,,,,,
Dell 2 Desktop,HP Laptop,Lenovo Desktop Computer,Ailihen Stereo Headphones,Etekcity Power Extension Cord Cable,Belkin Mouse Pad,Slim Wireless Mouse,,,,,,,,,,,,,,,,,,,,,,,,,
HP Laptop,,,,,,,,,,,,,,,,,,,,,,,,,,,,,,,
Apple Earpods,,,,,,,,,,,,,,,,,,,,,,,,,,,,,,,
Samsung Monitor,iMac,Lenovo Desktop Computer,Bose Companion Speakers,CYBERPOWER Gamer Desktop,,,,,,,,,,,,,,,,,,,,,,,,,,,
Monster Beats By Dr Dre,ASUS Chromebook,iMac,Lenovo Desktop Computer,Koss Home Headphones,Epson Printer,AOC Monitor,iPad ,DOSS Touch Wireless Bluetooth,Smart Light Bulb,HP Monitor,,,,,,,,,,,,,,,,,,,,,
Apple Earpods,,,,,,,,,,,,,,,,,,,,,,,,,,,,,,,
Slim 2TB Portable External Hard Drive,,,,,,,,,,,,,,,,,,,,,,,,,,,,,,,
Eluktronics Pro Gaming Laptop, Intel Desktop ,Fire TV Stick,Apple Wireless Keyboard,Apple MacBook Air,DYMO Labeling Tape ,Microsoft Wireless Desktop Keyboard and Mouse,,,,,,,,,,,,,,,,,,,,,,,,,
HP Wireless Mouse,Dell Desktop,ViewSonic Monitor,HP Laptop,Slim 2TB Portable External Hard Drive,Apple Wireless Keyboard,Apple MacBook Air,iPhone Charger Cable,,,,,,,,,,,,,,,,,,,,,,,,
Dell Desktop,ASUS Monitor,Apple MacBook Pro,Samsung Galaxy Tablet,Backlit LED Gaming Keyboard,,,,,,,,,,,,,,,,,,,,,,,,,,,
5TB Desktop Hard Drive,ViewSonic Monitor,Lenovo Desktop Computer,Epson Black Ink,Sonos,Brother Printer Toner,Apple MacBook Air,Kindle ,Slim Wireless Mouse,,,,,,,,,,,,,,,,,,,,,,,
LG Monitor,ViewSonic Monitor,iMac,Panasonic In-Ear Headphone ,Ailihen Stereo Headphones,Microsoft Office Home and Student 2016,Rii LED Keyboard,Logitech ClearChat Headset,iPad,,,,,,,,,,,,,,,,,,,,,,,
Logitech MK270 Wireless Keyboard and Mouse Combo,Logitech MK550 Wireless Wave Keyboard and Mouse Combo,Belkin Mouse Pad,Audio Cable,Backlit LED Gaming Keyboard,,,,,,,,,,,,,,,,,,,,,,,,,,,
Samsung Monitor,Kensington Headphones ,Brother Printer Toner,Apple Earpods,,,,,,,,,,,,,,,,,,,,,,,,,,,,
Apple Earpods,,,,,,,,,,,,,,,,,,,,,,,,,,,,,,,
ASUS Chromebook,Apple Earpods,Backlit LED Gaming Keyboard,,,,,,,,,,,,,,,,,,,,,,,,,,,,,
iMac,ASUS Monitor,ASUS 2 Monitor,HP Laptop,,,,,,,,,,,,,,,,,,,,,,,,,,,,
Etekcity Power Extension Cord Cable,,,,,,,,,,,,,,,,,,,,,,,,,,,,,,,
HP Laptop,iMac,Slim 2TB Portable External Hard Drive,Rii LED Gaming Keyboard & Mouse Combo ,Halter Mesh Metal Monitor Stand,,,,,,,,,,,,,,,,,,,,,,,,,,,
Acer Desktop,ASUS Monitor,Lenovo Desktop Computer,,,,,,,,,,,,,,,,,,,,,,,,,,,,,
Acer Monitor,ASUS Chromebook,ViewSonic Monitor,Alienware Laptop,Dell Laptop,,,,,,,,,,,,,,,,,,,,,,,,,,,
iMac,,,,,,,,,,,,,,,,,,,,,,,,,,,,,,,
CYBERPOWER Gamer Desktop,Microsoft Wireless Desktop Keyboard and Mouse,,,,,,,,,,,,,,,,,,,,,,,,,,,,,,
Eluktronics Pro Gaming Laptop,ViewSonic Monitor,iMac,Epson Printer,CYBERPOWER Gamer Desktop,Logitech MK360 Wireless Keyboard and Mouse Combo,,,,,,,,,,,,,,,,,,,,,,,,,,
HP Wireless Mouse,Apple Wired Keyboard,Cambridge Bluetooth Speaker,Microsoft Office Home and Student 2016,,,,,,,,,,,,,,,,,,,,,,,,,,,,
Samsung Monitor,HP Laptop,Apple Magic Keyboard,Sonos,Microsoft Office Home and Student 2016,CYBERPOWER Gamer Desktop,Apple Wireless Keyboard,Apple MacBook Pro,Backlit LED Gaming Keyboard,,,,,,,,,,,,,,,,,,,,,,,
Eluktronics Pro Gaming Laptop,Dell 2 Desktop,HP Laptop,iMac,Slim 2TB Portable External Hard Drive,Koss Home Headphones,Logitech MK550 Wireless Wave Keyboard and Mouse Combo,3-Button Mouse,Samsung Charging Cable,Wireless Portable Mouse,,,,,,,,,,,,,,,,,,,,,,
Samsung Monitor,LG Monitor,Acer Aspire,ViewSonic Monitor,HP Laptop,ASUS 2 Monitor,Koss Home Headphones,Logitech MK550 Wireless Wave Keyboard and Mouse Combo, Intel Desktop ,Logitech Keyboard,iPad ,Mackie CR Speakers,Etekcity Power Extension Cord Cable,Apple Wireless Keyboard,HP Monitor,Dell Laptop,Gaming Mouse Professional,,,,,,,,,,,,,,,
Belkin Mouse Pad,,,,,,,,,,,,,,,,,,,,,,,,,,,,,,,
Logitech MK270 Wireless Keyboard and Mouse Combo,HP Laptop,iMac,ASUS Monitor,Apple Wireless Keyboard,Apple MacBook Pro,,,,,,,,,,,,,,,,,,,,,,,,,,
Apple MacBook Air,,,,,,,,,,,,,,,,,,,,,,,,,,,,,,,
Apple MacBook Air,,,,,,,,,,,,,,,,,,,,,,,,,,,,,,,
Eluktronics Pro Gaming Laptop,Acer Desktop,HP Laptop,iMac,ASUS 2 Monitor,iPad ,,,,,,,,,,,,,,,,,,,,,,,,,,
Microsoft Wireless Desktop Keyboard and Mouse,,,,,,,,,,,,,,,,,,,,,,,,,,,,,,,
Acer Aspire,Dell Desktop,Logitech MK270 Wireless Keyboard and Mouse Combo,ViewSonic Monitor,HP Black & Tri-color Ink ,HP Laptop,iMac,Epson Printer,Mackie CR Speakers,HP USB Keyboard ,Apple MacBook Pro,Acer Desktop,HP Monitor,iPad Pro ,,,,,,,,,,,,,,,,,,
ViewSonic Monitor,Microsoft Office Home and Student 2016,AOC Monitor,,,,,,,,,,,,,,,,,,,,,,,,,,,,,
Dell 2 Desktop,iMac,Lenovo Desktop Computer,Dell Desktop,DYMO Labeling Tape ,Epson Black Ink,,,,,,,,,,,,,,,,,,,,,,,,,,
iMac,ASUS Monitor,ASUS 2 Monitor,Apple Magic Keyboard,Backlit LED Gaming Keyboard,,,,,,,,,,,,,,,,,,,,,,,,,,,
Acer Monitor,LG Monitor,ASUS Chromebook,Dell Desktop,HP Laptop,iMac,Lenovo Desktop Computer,CYBERPOWER Gamer Desktop,Brother Printer Toner,Microsoft Basic Optical Mouse,Apple Earpods,Backlit LED Gaming Keyboard,,,,,,,,,,,,,,,,,,,,
HP Laptop,iMac,3-Button Mouse,Belkin Mouse Pad,Apple MacBook Pro,,,,,,,,,,,,,,,,,,,,,,,,,,,
 Intel Desktop ,CYBERPOWER Gamer Desktop,Logitech 3-button Mouse,,,,,,,,,,,,,,,,,,,,,,,,,,,,,
Acer Aspire,Lenovo Desktop Computer,CYBERPOWER Gamer Desktop,3-Button Mouse,,,,,,,,,,,,,,,,,,,,,,,,,,,,
Dell Desktop,HP Laptop,iMac,3-Button Mouse,Mackie CR Speakers,Halter Mesh Metal Monitor Stand,,,,,,,,,,,,,,,,,,,,,,,,,,
HP Laptop,CYBERPOWER Gamer Desktop,,,,,,,,,,,,,,,,,,,,,,,,,,,,,,
Logitech 3-button Mouse,Dell Desktop,Halter Acrylic Monitor Stand,Apple Wireless Keyboard,Apple Earpods,,,,,,,,,,,,,,,,,,,,,,,,,,,
HP Desktop,,,,,,,,,,,,,,,,,,,,,,,,,,,,,,,
Dell Wired Keyboard,CYBERPOWER Gamer Desktop,Dell Laptop,,,,,,,,,,,,,,,,,,,,,,,,,,,,,
HP Wireless Mouse,LG Monitor,Epson Printer,Belkin Mouse Pad,,,,,,,,,,,,,,,,,,,,,,,,,,,,
Samsung Monitor,Panasonic In-Ear Headphone ,CYBERPOWER Gamer Desktop,HP Monitor,,,,,,,,,,,,,,,,,,,,,,,,,,,,
Samsung Monitor,CYBERPOWER Gamer Desktop,Apple MacBook Air,,,,,,,,,,,,,,,,,,,,,,,,,,,,,
HP Wireless Mouse,HP Laptop,Microsoft Headset,Microsoft Wireless Desktop Keyboard and Mouse,,,,,,,,,,,,,,,,,,,,,,,,,,,,
 Intel Desktop ,Dell Wired Keyboard,HP Desktop,,,,,,,,,,,,,,,,,,,,,,,,,,,,,
HP Laptop,iMac,Dell Laptop,,,,,,,,,,,,,,,,,,,,,,,,,,,,,
3-Button Mouse,Apple MacBook Air,,,,,,,,,,,,,,,,,,,,,,,,,,,,,,
Apple Earpods,,,,,,,,,,,,,,,,,,,,,,,,,,,,,,,
Acer Aspire,HP Laptop,iMac,Apple Earpods,,,,,,,,,,,,,,,,,,,,,,,,,,,,
iMac, Intel Desktop ,Microsoft Headset,,,,,,,,,,,,,,,,,,,,,,,,,,,,,
ASUS 2 Monitor,HP Monitor,Dell Laptop,,,,,,,,,,,,,,,,,,,,,,,,,,,,,
HP Laptop,,,,,,,,,,,,,,,,,,,,,,,,,,,,,,,
Samsung Monitor,HP Wireless Mouse,Dell 2 Desktop,ViewSonic Monitor,HP Laptop,Alienware Laptop,CYBERPOWER Gamer Desktop,Lenovo Desktop Computer,Fire HD Tablet,Halter Acrylic Monitor Stand,Apple Wireless Keyboard,Apple MacBook Pro,HP Monitor,DYMO Labeling Tape ,Backlit LED Gaming Keyboard,,,,,,,,,,,,,,,,,
ASUS Chromebook,iMac,Panasonic In-Ear Headphone ,,,,,,,,,,,,,,,,,,,,,,,,,,,,,
Lenovo Desktop Computer,CYBERPOWER Gamer Desktop,,,,,,,,,,,,,,,,,,,,,,,,,,,,,,
Kensington Headphones ,ASUS Monitor,ASUS 2 Monitor,Apple Earpods,,,,,,,,,,,,,,,,,,,,,,,,,,,,
Logitech MK270 Wireless Keyboard and Mouse Combo,HP Monitor,Dell KM117 Wireless Keyboard & Mouse,ASUS Desktop,Wireless Portable Mouse,Dell Laptop,Microsoft Wireless Desktop Keyboard and Mouse,,,,,,,,,,,,,,,,,,,,,,,,,
Epson Printer,Rii LED Gaming Keyboard & Mouse Combo ,Apple MacBook Air,Large Mouse Pad,Slim Wireless Mouse,JBL Splashproof Portable Bluetooth Speaker,,,,,,,,,,,,,,,,,,,,,,,,,,
Samsung Monitor,Dell Desktop,Acer Desktop,HP Notebook Touchscreen Laptop PC,APIE Bluetooth Headphone,Apple MacBook Air,,,,,,,,,,,,,,,,,,,,,,,,,,
LG Monitor,Acer Aspire,HP Laptop,iMac,Apple Magic Keyboard,Google Home,Microsoft Office Home and Student 2016,Full Motion Monitor Mount,HP Monitor,Apple MacBook Air,HP Desktop,,,,,,,,,,,,,,,,,,,,,
Bose Companion Speakers,,,,,,,,,,,,,,,,,,,,,,,,,,,,,,,
Height-Adjustable Standing Desk,,,,,,,,,,,,,,,,,,,,,,,,,,,,,,,
Dell Desktop,iMac,Microsoft Basic Optical Mouse,Apple Earpods,,,,,,,,,,,,,,,,,,,,,,,,,,,,
Logitech Desktop MK120 Mouse and keyboard Combo,PC Gaming Headset,,,,,,,,,,,,,,,,,,,,,,,,,,,,,,
Samsung Monitor,Logitech MK550 Wireless Wave Keyboard and Mouse Combo,3-Button Mouse,,,,,,,,,,,,,,,,,,,,,,,,,,,,,
CYBERPOWER Gamer Desktop,Logitech 3-button Mouse,HP Desktop,,,,,,,,,,,,,,,,,,,,,,,,,,,,,
Apple Earpods,Apple MacBook Air,iPhone Charger Cable,Dell KM117 Wireless Keyboard & Mouse,,,,,,,,,,,,,,,,,,,,,,,,,,,,
iPad ,,,,,,,,,,,,,,,,,,,,,,,,,,,,,,,
Apple Earpods,,,,,,,,,,,,,,,,,,,,,,,,,,,,,,,
Samsung Monitor,Acer Desktop,ViewSonic Monitor,iMac,CYBERPOWER Gamer Desktop,3-Button Mouse,Apple Wireless Keyboard,,,,,,,,,,,,,,,,,,,,,,,,,
HP Laptop,iMac,Logitech 3-button Mouse,Belkin Mouse Pad,,,,,,,,,,,,,,,,,,,,,,,,,,,,
Samsung Monitor,CYBERPOWER Gamer Desktop,Dell KM117 Wireless Keyboard & Mouse,Microsoft Wireless Desktop Keyboard and Mouse,,,,,,,,,,,,,,,,,,,,,,,,,,,,
HP Laptop,iMac,ASUS 2 Monitor,Apple Magic Keyboard,Microsoft Office Home and Student 2016,Logitech 3-button Mouse,Rii LED Gaming Keyboard & Mouse Combo ,Apple Wireless Keyboard,,,,,,,,,,,,,,,,,,,,,,,,
Lenovo Desktop Computer,Microsoft Office Home and Student 2016,CYBERPOWER Gamer Desktop,,,,,,,,,,,,,,,,,,,,,,,,,,,,,
Otium Wireless Sports Bluetooth Headphone,ViewSonic Monitor,iMac,ASUS 2 Monitor,3-Button Mouse,Kindle ,,,,,,,,,,,,,,,,,,,,,,,,,,
Acer Monitor,LG Monitor,HP Laptop,Logitech 3-button Mouse,Microsoft Basic Optical Mouse,Apple Wireless Keyboard,Backlit LED Gaming Keyboard,,,,,,,,,,,,,,,,,,,,,,,,,
HP Laptop,iMac,Cambridge Bluetooth Speaker,3-Button Mouse,HP Monitor,ASUS Desktop,Microsoft Wireless Desktop Keyboard and Mouse,,,,,,,,,,,,,,,,,,,,,,,,,
Dell 2 Desktop,Lenovo Desktop Computer,Microsoft Wireless Desktop Keyboard and Mouse,,,,,,,,,,,,,,,,,,,,,,,,,,,,,
CYBERPOWER Gamer Desktop,,,,,,,,,,,,,,,,,,,,,,,,,,,,,,,
Slim 2TB Portable External Hard Drive,,,,,,,,,,,,,,,,,,,,,,,,,,,,,,,
Rii LED Gaming Keyboard & Mouse Combo ,,,,,,,,,,,,,,,,,,,,,,,,,,,,,,,
Acer Monitor,HDMI Cable 6ft,iMac, Intel Desktop ,Dell Wired Keyboard,AOC Monitor,Microsoft Wireless Desktop Keyboard and Mouse,,,,,,,,,,,,,,,,,,,,,,,,,
Bose Companion Speakers,CYBERPOWER Gamer Desktop,,,,,,,,,,,,,,,,,,,,,,,,,,,,,,
Acer Aspire,Dell Desktop,Computer Game,HP Laptop,3-Button Mouse,Apple MacBook Pro,1TB Portable External Hard Drive,Backlit LED Gaming Keyboard,,,,,,,,,,,,,,,,,,,,,,,,
HP Laptop,ASUS Monitor,Apple MacBook Pro,Zombie Gaming Headset,,,,,,,,,,,,,,,,,,,,,,,,,,,,
iMac,Cambridge Bluetooth Speaker,Fire HD Tablet,Halter Acrylic Monitor Stand,Apple MacBook Air,,,,,,,,,,,,,,,,,,,,,,,,,,,
Apple MacBook Air,,,,,,,,,,,,,,,,,,,,,,,,,,,,,,,
Computer Game,Logitech 3-button Mouse,,,,,,,,,,,,,,,,,,,,,,,,,,,,,,
iMac,ASUS 2 Monitor,Lenovo Desktop Computer,Microsoft Office Home and Student 2016,Philips Flexible Earhook Headphone,Brother Printer,iPad Pro ,Rokono Mini Speaker,,,,,,,,,,,,,,,,,,,,,,,,
Canon Ink ,,,,,,,,,,,,,,,,,,,,,,,,,,,,,,,
ASUS Chromebook,Acer Aspire,HP Laptop,,,,,,,,,,,,,,,,,,,,,,,,,,,,,
HP Wireless Mouse,Logitech MK270 Wireless Keyboard and Mouse Combo,,,,,,,,,,,,,,,,,,,,,,,,,,,,,,
Samsung Monitor,Dell 2 Desktop,Apple Magic Keyboard,Microsoft Wireless Desktop Keyboard and Mouse,,,,,,,,,,,,,,,,,,,,,,,,,,,,
Smart Light Bulb,Apple Wireless Keyboard,Apple MacBook Air,,,,,,,,,,,,,,,,,,,,,,,,,,,,,
CYBERPOWER Gamer Desktop,,,,,,,,,,,,,,,,,,,,,,,,,,,,,,,
ASUS Desktop,,,,,,,,,,,,,,,,,,,,,,,,,,,,,,,
Canon Ink ,,,,,,,,,,,,,,,,,,,,,,,,,,,,,,,
Acer Desktop,Logitech MK270 Wireless Keyboard and Mouse Combo,Lenovo Desktop Computer,Logitech MK550 Wireless Wave Keyboard and Mouse Combo,iPad Pro ,,,,,,,,,,,,,,,,,,,,,,,,,,,
Acer Aspire,Cambridge Bluetooth Speaker,Apple MacBook Air,Dell KM117 Wireless Keyboard & Mouse,,,,,,,,,,,,,,,,,,,,,,,,,,,,
Eluktronics Pro Gaming Laptop,Microsoft Basic Optical Mouse,Brother Printer,,,,,,,,,,,,,,,,,,,,,,,,,,,,,
HP Wireless Mouse,ViewSonic Monitor,,,,,,,,,,,,,,,,,,,,,,,,,,,,,,
ASUS Chromebook,Apple Wireless Keyboard,,,,,,,,,,,,,,,,,,,,,,,,,,,,,,
Apple Earpods,,,,,,,,,,,,,,,,,,,,,,,,,,,,,,,
HDMI Cable 6ft,Dell 2 Desktop,Computer Game,iMac,Alienware Laptop,Lenovo Desktop Computer,Apple Magic Keyboard, Intel Desktop ,Height-Adjustable Standing Desk,3-Button Mouse,Brother Printer Toner,Dell Laptop,Dell Laptop,Brother Printer,DYMO Labeling Tape ,,,,,,,,,,,,,,,,,
Acer Aspire,ViewSonic Monitor,CYBERPOWER Gamer Desktop,,,,,,,,,,,,,,,,,,,,,,,,,,,,,
Brother Printer,,,,,,,,,,,,,,,,,,,,,,,,,,,,,,,
Acer Aspire,Dell Desktop,HP Wireless Printer,HP Monitor,,,,,,,,,,,,,,,,,,,,,,,,,,,,
Apple MacBook Air,Roku Express,,,,,,,,,,,,,,,,,,,,,,,,,,,,,,
Rokono Mini Speaker,,,,,,,,,,,,,,,,,,,,,,,,,,,,,,,
Apple Earpods,,,,,,,,,,,,,,,,,,,,,,,,,,,,,,,
Samsung Monitor,CYBERPOWER Gamer Desktop,Apple Earpods,Dell Laptop,,,,,,,,,,,,,,,,,,,,,,,,,,,,
iMac,,,,,,,,,,,,,,,,,,,,,,,,,,,,,,,
Acer Aspire,Lenovo Desktop Computer,Apple Earpods,,,,,,,,,,,,,,,,,,,,,,,,,,,,,
Redragon Gaming Mouse,Apple Earpods,iPad,,,,,,,,,,,,,,,,,,,,,,,,,,,,,
CYBERPOWER Gamer Desktop,3-Button Mouse,iPad,,,,,,,,,,,,,,,,,,,,,,,,,,,,,
Rii LED Keyboard,Dell Laptop,,,,,,,,,,,,,,,,,,,,,,,,,,,,,,
Lenovo Desktop Computer,ASUS Desktop,,,,,,,,,,,,,,,,,,,,,,,,,,,,,,
Acer Monitor,LG Monitor,Dell Desktop,Acer Desktop,HP Laptop,iMac,HP Wireless Printer,Apple Magic Keyboard, Intel Desktop ,Cambridge Bluetooth Speaker,Redragon Gaming Mouse,Slim Wireless Mouse,Rii LED Keyboard,Microsoft Headset,HP Desktop,PC Gaming Headset,,,,,,,,,,,,,,,,
Samsung Monitor,HDMI Cable 6ft,Acer Aspire,ViewSonic Monitor,HP Laptop,iMac,Koss Home Headphones,Dell Wired Keyboard,Epson Printer,Lenovo Desktop Computer,Etekcity Power Extension Cord Cable,Belkin Mouse Pad,Apple Earpods,HP Monitor,Apple MacBook Air,Dell Laptop,,,,,,,,,,,,,,,,
Cambridge Bluetooth Speaker,HP Desktop,,,,,,,,,,,,,,,,,,,,,,,,,,,,,,
iMac,,,,,,,,,,,,,,,,,,,,,,,,,,,,,,,
Samsung Monitor,Dell Desktop,Dell 2 Desktop,Lenovo Desktop Computer,Microsoft Wireless Desktop Keyboard and Mouse,,,,,,,,,,,,,,,,,,,,,,,,,,,
LG Monitor,Logitech Wireless Mouse,Sonos,Etekcity Power Extension Cord Cable,Zombie Gaming Headset,,,,,,,,,,,,,,,,,,,,,,,,,,,
ViewSonic Monitor,HP Laptop,Halter Acrylic Monitor Stand,Microsoft Wireless Desktop Keyboard and Mouse,,,,,,,,,,,,,,,,,,,,,,,,,,,,
Wireless Portable Mouse,,,,,,,,,,,,,,,,,,,,,,,,,,,,,,,
Dell 2 Desktop,ViewSonic Monitor,iMac,ASUS Monitor,CYBERPOWER Gamer Desktop,Slim Wireless Mouse,,,,,,,,,,,,,,,,,,,,,,,,,,
Eluktronics Pro Gaming Laptop,Cambridge Bluetooth Speaker,Dell KM117 Wireless Keyboard & Mouse,,,,,,,,,,,,,,,,,,,,,,,,,,,,,
Wireless Portable Mouse,,,,,,,,,,,,,,,,,,,,,,,,,,,,,,,
HP Wireless Mouse,Epson Printer,Apple Earpods,Apple MacBook Air,Brother Printer,,,,,,,,,,,,,,,,,,,,,,,,,,,
HP Wireless Mouse,Dell Desktop,ViewSonic Monitor,iMac,AOC Monitor,HP Desktop,Microsoft Wireless Desktop Keyboard and Mouse,,,,,,,,,,,,,,,,,,,,,,,,,
Acer Monitor,iMac,HP Wireless Printer,AOC Monitor,Microsoft Wireless Desktop Keyboard and Mouse,,,,,,,,,,,,,,,,,,,,,,,,,,,
Dell Laptop,,,,,,,,,,,,,,,,,,,,,,,,,,,,,,,
LG Monitor,Apple MacBook Air,,,,,,,,,,,,,,,,,,,,,,,,,,,,,,
ViewSonic Monitor,iMac,CYBERPOWER Gamer Desktop,3TB Portable External Hard Drive,Backlit LED Gaming Keyboard,,,,,,,,,,,,,,,,,,,,,,,,,,,
 Intel Desktop ,Logitech 3-button Mouse,,,,,,,,,,,,,,,,,,,,,,,,,,,,,,
Dell Laptop,,,,,,,,,,,,,,,,,,,,,,,,,,,,,,,
Logitech 3-button Mouse,Kindle,,,,,,,,,,,,,,,,,,,,,,,,,,,,,,
HP Wireless Mouse,HP Laptop,iMac,ASUS 2 Monitor,ASUS Desktop,,,,,,,,,,,,,,,,,,,,,,,,,,,
Logitech Desktop MK120 Mouse and keyboard Combo,iPad ,JBL Splashproof Portable Bluetooth Speaker,,,,,,,,,,,,,,,,,,,,,,,,,,,,,
HP Laptop,iMac,Rii LED Keyboard,Zombie Gaming Headset,,,,,,,,,,,,,,,,,,,,,,,,,,,,
Logitech MK270 Wireless Keyboard and Mouse Combo,,,,,,,,,,,,,,,,,,,,,,,,,,,,,,,
Dell Monitor,iPhone Charger Cable,Dell Laptop,Brother Printer,Microsoft Wireless Desktop Keyboard and Mouse,,,,,,,,,,,,,,,,,,,,,,,,,,,
HP USB Keyboard ,APIE Bluetooth Headphone,Microsoft Wireless Desktop Keyboard and Mouse,,,,,,,,,,,,,,,,,,,,,,,,,,,,,
Eluktronics Pro Gaming Laptop,iMac,ASUS Monitor,Bose Companion Speakers,Redragon Gaming Mouse,APIE Bluetooth Headphone,Zombie Gaming Headset,,,,,,,,,,,,,,,,,,,,,,,,,
Dell Desktop,Apple MacBook Air,,,,,,,,,,,,,,,,,,,,,,,,,,,,,,
Acer Aspire,,,,,,,,,,,,,,,,,,,,,,,,,,,,,,,
Samsung Monitor,iMac,ASUS 2 Monitor,Redragon Gaming Mouse,,,,,,,,,,,,,,,,,,,,,,,,,,,,
Acer Desktop,Lenovo Desktop Computer,Logitech 3-button Mouse,,,,,,,,,,,,,,,,,,,,,,,,,,,,,
Dell Desktop,ASUS 2 Monitor,Lenovo Desktop Computer,Apple Magic Keyboard,,,,,,,,,,,,,,,,,,,,,,,,,,,,
Acer Monitor,Dell Monitor,CYBERPOWER Gamer Desktop,Audio Cable,,,,,,,,,,,,,,,,,,,,,,,,,,,,
Samsung Monitor,,,,,,,,,,,,,,,,,,,,,,,,,,,,,,,
Smart Light Bulb,,,,,,,,,,,,,,,,,,,,,,,,,,,,,,,
Apple MacBook Pro,,,,,,,,,,,,,,,,,,,,,,,,,,,,,,,
ViewSonic Monitor,,,,,,,,,,,,,,,,,,,,,,,,,,,,,,,
Apple MacBook Air,,,,,,,,,,,,,,,,,,,,,,,,,,,,,,,
3TB Portable External Hard Drive,,,,,,,,,,,,,,,,,,,,,,,,,,,,,,,
ViewSonic Monitor,Panasonic In-Ear Headphone ,,,,,,,,,,,,,,,,,,,,,,,,,,,,,,
Samsung Monitor,CYBERPOWER Gamer Desktop,HP Monitor,Rii LED Keyboard,,,,,,,,,,,,,,,,,,,,,,,,,,,,
Epson Black Ink,Apple Wireless Keyboard,Microsoft Wireless Desktop Keyboard and Mouse,,,,,,,,,,,,,,,,,,,,,,,,,,,,,
Acer Aspire,HP Laptop,Slim 2TB Portable External Hard Drive,Logitech Stereo Headset ,,,,,,,,,,,,,,,,,,,,,,,,,,,,
HP Laptop,Logitech MK550 Wireless Wave Keyboard and Mouse Combo,Epson Printer,HP Monitor,ASUS Desktop,,,,,,,,,,,,,,,,,,,,,,,,,,,
APIE Bluetooth Headphone,,,,,,,,,,,,,,,,,,,,,,,,,,,,,,,
Lenovo Desktop Computer,Apple MacBook Air,,,,,,,,,,,,,,,,,,,,,,,,,,,,,,
Acer Desktop,Epson Black Ink,Apple MacBook Air,Dell KM117 Wireless Keyboard & Mouse,Dell Laptop,Microsoft Wireless Desktop Keyboard and Mouse,,,,,,,,,,,,,,,,,,,,,,,,,,
iMac,Logitech 3-button Mouse,Apple Earpods,Apple MacBook Air,Slim Wireless Mouse,ASUS Desktop,Dell Laptop,Microsoft Wireless Desktop Keyboard and Mouse,,,,,,,,,,,,,,,,,,,,,,,,
HP Laptop,Sonos,,,,,,,,,,,,,,,,,,,,,,,,,,,,,,
Otium Wireless Sports Bluetooth Headphone,Sonos,CYBERPOWER Gamer Desktop,Apple Earpods,ASUS Desktop,iPad Pro ,,,,,,,,,,,,,,,,,,,,,,,,,,
iMac,,,,,,,,,,,,,,,,,,,,,,,,,,,,,,,
CYBERPOWER Gamer Desktop,JBL Splashproof Portable Bluetooth Speaker,,,,,,,,,,,,,,,,,,,,,,,,,,,,,,
HDMI Cable 6ft,ViewSonic Monitor,ASUS Monitor,Bose Companion Speakers,CYBERPOWER Gamer Desktop,Cyber Acoustics,Dell Desktop,Apple Wireless Keyboard,Apple Earpods,,,,,,,,,,,,,,,,,,,,,,,
,Halter Mesh Metal Monitor Stand,,,,,,,,,,,,,,,,,,,,,,,,,,,,,,
HP Wireless Mouse,Acer Aspire,Redragon Gaming Mouse,LG Touchscreen Laptop,Microsoft Wireless Desktop Keyboard and Mouse,,,,,,,,,,,,,,,,,,,,,,,,,,,
LG Touchscreen Laptop,,,,,,,,,,,,,,,,,,,,,,,,,,,,,,,
Brother Printer Toner,Apple MacBook Air,Dell KM117 Wireless Keyboard & Mouse,,,,,,,,,,,,,,,,,,,,,,,,,,,,,
Acer Monitor,LG Monitor,iMac,Lenovo Desktop Computer,Bose Companion Speakers,Logitech 3-button Mouse,,,,,,,,,,,,,,,,,,,,,,,,,,
HP Laptop,ASUS 2 Monitor,Apple Magic Keyboard,3-Button Mouse,Smart Light Bulb,Ethernet Cable,,,,,,,,,,,,,,,,,,,,,,,,,,
iMac,Cyber Acoustics,ASUS Desktop,Dell Laptop,,,,,,,,,,,,,,,,,,,,,,,,,,,,
Samsung Monitor,,,,,,,,,,,,,,,,,,,,,,,,,,,,,,,
Dell Desktop,ViewSonic Monitor,iMac,Logitech MK550 Wireless Wave Keyboard and Mouse Combo,ASUS 2 Monitor,Dell Desktop,Halter Acrylic Monitor Stand,,,,,,,,,,,,,,,,,,,,,,,,,
HP Laptop,iMac,Apple Earpods,,,,,,,,,,,,,,,,,,,,,,,,,,,,,
Apple Earpods,Apple MacBook Air,,,,,,,,,,,,,,,,,,,,,,,,,,,,,,
HP Desktop,,,,,,,,,,,,,,,,,,,,,,,,,,,,,,,
LG Monitor,Dell 2 Desktop,iMac,ASUS Monitor,Lenovo Desktop Computer,Apple Magic Keyboard,Logitech MK550 Wireless Wave Keyboard and Mouse Combo,,,,,,,,,,,,,,,,,,,,,,,,,
ASUS Monitor,Panasonic In-Ear Headphone ,Logitech Keyboard,CYBERPOWER Gamer Desktop,3-Button Mouse,Apple Earpods,Apple MacBook Air,,,,,,,,,,,,,,,,,,,,,,,,,
Lenovo Desktop Computer,iPad Pro ,,,,,,,,,,,,,,,,,,,,,,,,,,,,,,
Dell Desktop,Acer Desktop,Logitech MK270 Wireless Keyboard and Mouse Combo,,,,,,,,,,,,,,,,,,,,,,,,,,,,,
Apple MacBook Air,,,,,,,,,,,,,,,,,,,,,,,,,,,,,,,
Samsung Monitor,Acer Desktop,Dell 2 Desktop,iMac,ASUS 2 Monitor,HP Wireless Printer,Alienware Laptop,Lenovo Desktop Computer,Apple Magic Keyboard,Koss Home Headphones,Panasonic In-Ear Headphone ,ASUS 2 Monitor,Microsoft Office Home and Student 2016,CYBERPOWER Gamer Desktop,Dell Desktop,ASUS Desktop,,,,,,,,,,,,,,,,
Logitech MK270 Wireless Keyboard and Mouse Combo,Logitech MK550 Wireless Wave Keyboard and Mouse Combo,,,,,,,,,,,,,,,,,,,,,,,,,,,,,,
LG Monitor,ASUS Chromebook,iMac,Epson Printer,Dell Desktop,Apple MacBook Air,Zombie Gaming Headset,Canon Office Printer,iPad Pro ,Halter Mesh Metal Monitor Stand,,,,,,,,,,,,,,,,,,,,,,
Acer Aspire,,,,,,,,,,,,,,,,,,,,,,,,,,,,,,,
Lenovo Desktop Computer,Large Mouse Pad,Monster Beats By Dr Dre,ASUS Desktop,Brother Printer,Microsoft Wireless Desktop Keyboard and Mouse,,,,,,,,,,,,,,,,,,,,,,,,,,
Kindle ,iPhone Charger Cable,Large Mouse Pad,ASUS Desktop,Apple TV,iPad Pro ,JBL Splashproof Portable Bluetooth Speaker,Microsoft Wireless Desktop Keyboard and Mouse,,,,,,,,,,,,,,,,,,,,,,,,
Logitech Desktop MK120 Mouse and keyboard Combo,Dell Monitor,Apple Earpods,,,,,,,,,,,,,,,,,,,,,,,,,,,,,
iMac,Rii LED Keyboard,,,,,,,,,,,,,,,,,,,,,,,,,,,,,,
Kensington Headphones ,Logitech MK270 Wireless Keyboard and Mouse Combo,HP Laptop,ASUS 2 Monitor,Slim 2TB Portable External Hard Drive,CYBERPOWER Gamer Desktop,3-Button Mouse,Wireless Portable Mouse,HP Desktop,,,,,,,,,,,,,,,,,,,,,,,
Computer Game,HP Laptop,Koss Home Headphones,Logitech MK550 Wireless Wave Keyboard and Mouse Combo,USB Cable,Dell Laptop,,,,,,,,,,,,,,,,,,,,,,,,,,
Lenovo Desktop Computer,Dell Laptop,,,,,,,,,,,,,,,,,,,,,,,,,,,,,,
ASUS 2 Monitor,PC Gaming Headset,2TB Portable External Hard Drive,,,,,,,,,,,,,,,,,,,,,,,,,,,,,
ASUS Chromebook,ViewSonic Monitor,Computer Game,HP Black & Tri-color Ink ,iMac,ASUS 2 Monitor,CYBERPOWER Gamer Desktop,Etekcity Power Extension Cord Cable,HDMI Adapter,Apple MacBook Pro,Wireless Portable Mouse,,,,,,,,,,,,,,,,,,,,,
Acer Desktop,,,,,,,,,,,,,,,,,,,,,,,,,,,,,,,
Samsung Monitor,iMac,ASUS 2 Monitor,Apple MacBook Air,,,,,,,,,,,,,,,,,,,,,,,,,,,,
Acer Aspire,Apple Magic Keyboard,Logitech 3-button Mouse,Apple MacBook Pro,Brother Printer,,,,,,,,,,,,,,,,,,,,,,,,,,,
HP Wireless Mouse,LG Monitor,HP Black & Tri-color Ink ,HP Laptop,Halter Acrylic Monitor Stand,Acer Desktop,iPad Pro ,Backlit LED Gaming Keyboard,,,,,,,,,,,,,,,,,,,,,,,,
HP Laptop,Alienware Laptop,Apple MacBook Pro,Apple MacBook Air,,,,,,,,,,,,,,,,,,,,,,,,,,,,
Sonos,,,,,,,,,,,,,,,,,,,,,,,,,,,,,,,
Samsung Monitor,HP Wireless Mouse,Logitech MK270 Wireless Keyboard and Mouse Combo,iMac, Intel Desktop ,Sonos,Microsoft Office Home and Student 2016,Microsoft Basic Optical Mouse,Apple Earpods,Dell Laptop,Microsoft Wireless Desktop Keyboard and Mouse,,,,,,,,,,,,,,,,,,,,,
Dell Desktop,iMac,Slim Wireless Mouse,Multi Media Stand,,,,,,,,,,,,,,,,,,,,,,,,,,,,
Acer Desktop,ASUS Monitor,Koss Home Headphones,AOC Monitor,Acer Desktop,,,,,,,,,,,,,,,,,,,,,,,,,,,
Logitech MK270 Wireless Keyboard and Mouse Combo,Logitech 3-button Mouse,,,,,,,,,,,,,,,,,,,,,,,,,,,,,,
Dell 2 Desktop,iMac,,,,,,,,,,,,,,,,,,,,,,,,,,,,,,
Apple MacBook Pro,,,,,,,,,,,,,,,,,,,,,,,,,,,,,,,
LG Monitor,Dell Desktop,5TB Desktop Hard Drive,CYBERPOWER Gamer Desktop,Backlit LED Gaming Keyboard,,,,,,,,,,,,,,,,,,,,,,,,,,,
LG Monitor,Dell Desktop,Dell Wired Keyboard,ViewSonic Monitor,Apple MacBook Pro,Apple Earpods,Apple MacBook Air,,,,,,,,,,,,,,,,,,,,,,,,,
Samsung Monitor,CYBERPOWER Gamer Desktop,,,,,,,,,,,,,,,,,,,,,,,,,,,,,,
CYBERPOWER Gamer Desktop,,,,,,,,,,,,,,,,,,,,,,,,,,,,,,,
iMac,Sonos,Apple Earpods,,,,,,,,,,,,,,,,,,,,,,,,,,,,,
ASUS Chromebook,Acer Aspire,Logitech MK270 Wireless Keyboard and Mouse Combo,Dell 2 Desktop,Alienware Laptop,Lenovo Desktop Computer,Panasonic In-Ear Headphone ,CYBERPOWER Gamer Desktop,,,,,,,,,,,,,,,,,,,,,,,,
ASUS Chromebook,Koss Home Headphones,Microsoft Headset,,,,,,,,,,,,,,,,,,,,,,,,,,,,,
HDMI Cable 6ft,Dell Desktop,ViewSonic Monitor,HP Laptop,iMac,ASUS Monitor,Lenovo Desktop Computer,Epson Printer,Logitech Keyboard,Dell Monitor,AOC Monitor,Cyber Acoustics,,Microsoft Headset,Zombie Gaming Headset,Brother Printer,,,,,,,,,,,,,,,,
HP Laptop,ASUS Monitor,,,,,,,,,,,,,,,,,,,,,,,,,,,,,,
Eluktronics Pro Gaming Laptop,Logitech MK550 Wireless Wave Keyboard and Mouse Combo,Samsung Charging Cable,Apple Wireless Keyboard,Etekcity Power Extension Cord Cable,Microsoft Wireless Desktop Keyboard and Mouse,,,,,,,,,,,,,,,,,,,,,,,,,,
Dell 2 Desktop,iMac,Apple Magic Keyboard,3-Button Mouse,Apple Earpods,Microsoft Headset,Dell Laptop,iPad,,,,,,,,,,,,,,,,,,,,,,,,
Samsung Monitor,Dell Wired Keyboard,AOC Monitor,,,,,,,,,,,,,,,,,,,,,,,,,,,,,
Acer Aspire,HP Laptop,Bose Companion Speakers,Microsoft Office Home and Student 2016,AOC Monitor,Microsoft Basic Optical Mouse,,,,,,,,,,,,,,,,,,,,,,,,,,
iMac,ASUS 2 Monitor,Lenovo Desktop Computer,Apple Magic Keyboard,Belkin Mouse Pad,,,,,,,,,,,,,,,,,,,,,,,,,,,
Acer Aspire,,,,,,,,,,,,,,,,,,,,,,,,,,,,,,,
Apple MacBook Pro,ASUS Desktop,,,,,,,,,,,,,,,,,,,,,,,,,,,,,,
Samsung Monitor,Height-Adjustable Standing Desk,CYBERPOWER Gamer Desktop,Microsoft Wireless Desktop Keyboard and Mouse,,,,,,,,,,,,,,,,,,,,,,,,,,,,
Otium Wireless Sports Bluetooth Headphone,HP Laptop,iMac,3-Button Mouse,Apple Earpods,Backlit LED Gaming Keyboard,,,,,,,,,,,,,,,,,,,,,,,,,,
Dell Desktop,Apple Wireless Keyboard,iPad,Eluktronics Pro Gaming Laptop,Microsoft Wireless Desktop Keyboard and Mouse,,,,,,,,,,,,,,,,,,,,,,,,,,,
Acer Desktop,iMac,Logitech 3-button Mouse,HP Monitor,Apple MacBook Air,Dell KM117 Wireless Keyboard & Mouse,Microsoft Wireless Desktop Keyboard and Mouse,,,,,,,,,,,,,,,,,,,,,,,,,
HP Laptop,Apple MacBook Air,Microsoft Wireless Desktop Keyboard and Mouse,,,,,,,,,,,,,,,,,,,,,,,,,,,,,
Dell 2 Desktop,Epson Printer,Cambridge Bluetooth Speaker,,,,,,,,,,,,,,,,,,,,,,,,,,,,,
HP Laptop,ASUS Monitor,Slim 2TB Portable External Hard Drive,Apple Earpods,Rokono Mini Speaker,Microsoft Wireless Desktop Keyboard and Mouse,,,,,,,,,,,,,,,,,,,,,,,,,,
Acer Monitor,ViewSonic Monitor,Alienware Laptop,Halter Acrylic Monitor Stand,Apple MacBook Air,,,,,,,,,,,,,,,,,,,,,,,,,,,
Samsung Monitor,iMac,Microsoft Office Home and Student 2016,Dell Desktop,Apple Wireless Keyboard,iPad Pro ,Backlit LED Gaming Keyboard,Microsoft Wireless Desktop Keyboard and Mouse,,,,,,,,,,,,,,,,,,,,,,,,
Otium Wireless Sports Bluetooth Headphone,Eluktronics Pro Gaming Laptop,Computer Game,HP Laptop,Epson Black Ink,Logitech 3-button Mouse,,,,,,,,,,,,,,,,,,,,,,,,,,
Lenovo Desktop Computer,Etekcity Power Extension Cord Cable,Microsoft Basic Optical Mouse,HP Monitor,Slim Wireless Mouse,Brother Printer,,,,,,,,,,,,,,,,,,,,,,,,,,
Apple MacBook Air,Canon Ink ,,,,,,,,,,,,,,,,,,,,,,,,,,,,,,
iMac,Lenovo Desktop Computer, Intel Desktop ,Cambridge Bluetooth Speaker,Microsoft Wireless Desktop Keyboard and Mouse,,,,,,,,,,,,,,,,,,,,,,,,,,,
Samsung Monitor,HP Laptop,,,,,,,,,,,,,,,,,,,,,,,,,,,,,,
Acer Monitor,HP Laptop,,,,,,,,,,,,,,,,,,,,,,,,,,,,,,
Acer Monitor,Acer Aspire,HP Laptop,iMac,Lenovo Desktop Computer,3TB Portable External Hard Drive,DOSS Touch Wireless Bluetooth,Apple TV,,,,,,,,,,,,,,,,,,,,,,,,
Samsung Monitor,Acer Aspire,Dell Desktop,ViewSonic Monitor,Alienware Laptop,Logitech 3-button Mouse,Fire HD Tablet,Microsoft Wireless Comfort Keyboard and Mouse,Microsoft Wireless Desktop Keyboard and Mouse,,,,,,,,,,,,,,,,,,,,,,,
Acer Aspire,ViewSonic Monitor,HP Laptop,HP Wireless Printer,3-Button Mouse,Dell Laptop,JBL Splashproof Portable Bluetooth Speaker,Sceptre Monitor,,,,,,,,,,,,,,,,,,,,,,,,
Cambridge Bluetooth Speaker,Apple Earpods,iPad Pro ,,,,,,,,,,,,,,,,,,,,,,,,,,,,,
Samsung Monitor,Acer Aspire,iMac,Panasonic In-Ear Headphone ,Cambridge Bluetooth Speaker,AOC Monitor,Microsoft Headset,Rokono Mini Speaker,,,,,,,,,,,,,,,,,,,,,,,,
iMac,Logitech 3-button Mouse,Halter Mesh Metal Monitor Stand,,,,,,,,,,,,,,,,,,,,,,,,,,,,,
HDMI Cable 6ft,iMac,Panasonic In-Ear Headphone ,Apple Wired Keyboard,Logitech 3-button Mouse,Microsoft Basic Optical Mouse,Apple MacBook Air,Microsoft Wireless Desktop Keyboard and Mouse,,,,,,,,,,,,,,,,,,,,,,,,
DYMO Labeling Tape ,,,,,,,,,,,,,,,,,,,,,,,,,,,,,,,
HP Wireless Mouse,,,,,,,,,,,,,,,,,,,,,,,,,,,,,,,
Dell KM117 Wireless Keyboard & Mouse,,,,,,,,,,,,,,,,,,,,,,,,,,,,,,,
HP Wireless Mouse,Logitech MK270 Wireless Keyboard and Mouse Combo,iMac,Lenovo Desktop Computer,Panasonic In-Ear Headphone ,Apple MacBook Pro,HP Monitor,,,,,,,,,,,,,,,,,,,,,,,,,
Eluktronics Pro Gaming Laptop,ViewSonic Monitor,HP Laptop,HP Wireless Printer,CYBERPOWER Gamer Desktop,,,,,,,,,,,,,,,,,,,,,,,,,,,
Apple MacBook Pro,Apple Earpods,,,,,,,,,,,,,,,,,,,,,,,,,,,,,,
ASUS 2 Monitor,Apple Magic Keyboard,,,,,,,,,,,,,,,,,,,,,,,,,,,,,,
Acer Monitor,CYBERPOWER Gamer Desktop,iPhone Charger Cable,Apple Earpods,,,,,,,,,,,,,,,,,,,,,,,,,,,,
Logitech Desktop MK120 Mouse and keyboard Combo,iMac,Large Mouse Pad,Microsoft Wireless Desktop Keyboard and Mouse,,,,,,,,,,,,,,,,,,,,,,,,,,,,
Dell Desktop,iMac,CYBERPOWER Gamer Desktop,Computer Game,Slim Wireless Mouse,HP Desktop,,,,,,,,,,,,,,,,,,,,,,,,,,
HP Laptop,Lenovo Desktop Computer,Apple Magic Keyboard,Logitech 3-button Mouse,Belkin Mouse Pad,Microsoft Wireless Desktop Keyboard and Mouse,,,,,,,,,,,,,,,,,,,,,,,,,,
Acer Desktop,Apple MacBook Pro,iPad,,,,,,,,,,,,,,,,,,,,,,,,,,,,,
Otium Wireless Sports Bluetooth Headphone,CYBERPOWER Gamer Desktop,Apple Earpods,Apple MacBook Air,,,,,,,,,,,,,,,,,,,,,,,,,,,,
Samsung Monitor,ASUS Chromebook,ViewSonic Monitor,HP Laptop,AOC Monitor,3-Button Mouse,Apple Earpods,Microsoft Wireless Desktop Keyboard and Mouse,,,,,,,,,,,,,,,,,,,,,,,,
Height-Adjustable Standing Desk,LG Touchscreen Laptop,Microsoft Wireless Desktop Keyboard and Mouse,,,,,,,,,,,,,,,,,,,,,,,,,,,,,
Apple Earpods,Dell Laptop,Samsung Galaxy Tablet,Microsoft Wireless Desktop Keyboard and Mouse,,,,,,,,,,,,,,,,,,,,,,,,,,,,
LG Monitor,,,,,,,,,,,,,,,,,,,,,,,,,,,,,,,
CYBERPOWER Gamer Desktop,,,,,,,,,,,,,,,,,,,,,,,,,,,,,,,
Apple Earpods,,,,,,,,,,,,,,,,,,,,,,,,,,,,,,,
iMac,CYBERPOWER Gamer Desktop,,,,,,,,,,,,,,,,,,,,,,,,,,,,,,
Dell 2 Desktop,,,,,,,,,,,,,,,,,,,,,,,,,,,,,,,
HDMI Cable 6ft,,,,,,,,,,,,,,,,,,,,,,,,,,,,,,,
CYBERPOWER Gamer Desktop,iPhone Charger Cable,,,,,,,,,,,,,,,,,,,,,,,,,,,,,,
CYBERPOWER Gamer Desktop,Apple MacBook Air,,,,,,,,,,,,,,,,,,,,,,,,,,,,,,
Computer Game,iMac,Lenovo Desktop Computer,CYBERPOWER Gamer Desktop,Logitech 3-button Mouse,HP Monitor,,,,,,,,,,,,,,,,,,,,,,,,,,
iMac,Lenovo Desktop Computer,Microsoft Office Home and Student 2016,Smart Light Bulb,Backlit LED Gaming Keyboard,,,,,,,,,,,,,,,,,,,,,,,,,,,
Lenovo Desktop Computer,Epson Black Ink,Panasonic In-Ear Headphone ,CYBERPOWER Gamer Desktop,Belkin Mouse Pad,Apple MacBook Pro,Apple Earpods,DYMO Labeling Tape ,,,,,,,,,,,,,,,,,,,,,,,,
CYBERPOWER Gamer Desktop,,,,,,,,,,,,,,,,,,,,,,,,,,,,,,,
iMac,,,,,,,,,,,,,,,,,,,,,,,,,,,,,,,
CYBERPOWER Gamer Desktop,,,,,,,,,,,,,,,,,,,,,,,,,,,,,,,
CYBERPOWER Gamer Desktop,Apple MacBook Air,,,,,,,,,,,,,,,,,,,,,,,,,,,,,,
Acer Desktop,Dell 2 Desktop,HP Laptop,ASUS Monitor,Lenovo Desktop Computer,Apple Earpods,Dell Laptop,Epson Black Ink,,,,,,,,,,,,,,,,,,,,,,,,
Acer Monitor,Apple Magic Keyboard,Dell Desktop,HP Monitor,iPad Pro ,Backlit LED Gaming Keyboard,,,,,,,,,,,,,,,,,,,,,,,,,,
Logitech Desktop MK120 Mouse and keyboard Combo,Logitech MK270 Wireless Keyboard and Mouse Combo,HP Laptop,Logitech MK550 Wireless Wave Keyboard and Mouse Combo,Epson Printer,CYBERPOWER Gamer Desktop,Acer Desktop,Backlit LED Gaming Keyboard,,,,,,,,,,,,,,,,,,,,,,,,
Computer Game,HP Laptop,iPad ,Apple MacBook Air,Large Mouse Pad,Backlit LED Gaming Keyboard,,,,,,,,,,,,,,,,,,,,,,,,,,
ASUS Chromebook,Acer Desktop,HP Laptop,iMac,Epson Printer,CYBERPOWER Gamer Desktop,,,,,,,,,,,,,,,,,,,,,,,,,,
Samsung Monitor,Acer Aspire,Dell 2 Desktop,Apple Magic Keyboard,CYBERPOWER Gamer Desktop,Apple MacBook Air,HP Desktop,iPad Pro ,,,,,,,,,,,,,,,,,,,,,,,,
HP Laptop,Koss Home Headphones,Apple Earpods,Apple MacBook Air,,,,,,,,,,,,,,,,,,,,,,,,,,,,
HP Wireless Mouse,Dell Desktop,Dell 2 Desktop,iMac,Apple Magic Keyboard,Slim 2TB Portable External Hard Drive,Dell Desktop,JBL Splashproof Portable Bluetooth Speaker,,,,,,,,,,,,,,,,,,,,,,,,
Samsung Monitor,LG Monitor,ASUS Chromebook,Acer Desktop,Logitech MK270 Wireless Keyboard and Mouse Combo,HP Laptop,iMac,ASUS Monitor,ASUS 2 Monitor,Lenovo Desktop Computer,3-Button Mouse,Apple MacBook Pro,Brother Printer,iPad Pro ,,,,,,,,,,,,,,,,,,
Dell Desktop,Acer Desktop,iMac,CYBERPOWER Gamer Desktop,Apple Wireless Keyboard,Brother Printer,,,,,,,,,,,,,,,,,,,,,,,,,,
Dell Desktop,ViewSonic Monitor,ASUS Monitor,Cyber Acoustics,Apple Earpods,iPad Pro ,,,,,,,,,,,,,,,,,,,,,,,,,,
Acer Desktop,Bose Companion Speakers,ASUS 2 Monitor,Apple Wireless Keyboard,,,,,,,,,,,,,,,,,,,,,,,,,,,,
Lenovo Desktop Computer,Apple Earpods,,,,,,,,,,,,,,,,,,,,,,,,,,,,,,
Dell Desktop,ViewSonic Monitor,iMac,ASUS Monitor,ASUS 2 Monitor,Lenovo Desktop Computer,Panasonic On-Ear Stereo Headphones,Apple Wireless Keyboard,,,,,,,,,,,,,,,,,,,,,,,,
Apple Earpods,Apple MacBook Air,,,,,,,,,,,,,,,,,,,,,,,,,,,,,,
CYBERPOWER Gamer Desktop,Apple Earpods,,,,,,,,,,,,,,,,,,,,,,,,,,,,,,
Epson Black Ink,,,,,,,,,,,,,,,,,,,,,,,,,,,,,,,
Microsoft Office Home and Student 2016,3-Button Mouse,Belkin Mouse Pad,Dell Laptop,,,,,,,,,,,,,,,,,,,,,,,,,,,,
Sceptre Monitor,,,,,,,,,,,,,,,,,,,,,,,,,,,,,,,
Alienware Laptop,Logitech 3-button Mouse,3-Button Mouse,,,,,,,,,,,,,,,,,,,,,,,,,,,,,
iMac,ASUS 2 Monitor,Brother Printer Toner,,,,,,,,,,,,,,,,,,,,,,,,,,,,,
ASUS Chromebook,HP Black & Tri-color Ink ,iMac,Microsoft Basic Optical Mouse,Redragon Gaming Mouse,,,,,,,,,,,,,,,,,,,,,,,,,,,
Otium Wireless Sports Bluetooth Headphone,ASUS Chromebook,Dell 2 Desktop,HP Laptop,ASUS 2 Monitor,Lenovo Desktop Computer,Apple Magic Keyboard,Bose Companion Speakers,Logitech 3-button Mouse,,,,,,,,,,,,,,,,,,,,,,,
Acer Aspire,iMac,Microsoft Office Home and Student 2016,,,,,,,,,,,,,,,,,,,,,,,,,,,,,
ASUS Chromebook,Eluktronics Pro Gaming Laptop,Dell Desktop,Acer Desktop,ViewSonic Monitor,HP Black & Tri-color Ink ,HP Laptop,iMac,ASUS Monitor,Apple Magic Keyboard,Logitech MK550 Wireless Wave Keyboard and Mouse Combo,CYBERPOWER Gamer Desktop,Logitech 3-button Mouse,Etekcity Power Extension Cord Cable,Wireless Portable Mouse,Rii LED Keyboard,,,,,,,,,,,,,,,,
Bose Companion Speakers,Dell Desktop,Apple Earpods,,,,,,,,,,,,,,,,,,,,,,,,,,,,,
Dell 2 Desktop,iMac,Rii LED Gaming Keyboard & Mouse Combo ,Smart Light Bulb,HP USB Keyboard ,Dell Laptop,,,,,,,,,,,,,,,,,,,,,,,,,,
CYBERPOWER Gamer Desktop,,,,,,,,,,,,,,,,,,,,,,,,,,,,,,,
iMac,Alienware Laptop,Lenovo Desktop Computer,Slim 2TB Portable External Hard Drive,Apple MacBook Pro,Apple Earpods,Backlit LED Gaming Keyboard,,,,,,,,,,,,,,,,,,,,,,,,,
LG Monitor,iMac,,,,,,,,,,,,,,,,,,,,,,,,,,,,,,
Sceptre Monitor,,,,,,,,,,,,,,,,,,,,,,,,,,,,,,,
LG Monitor,HP Laptop,Apple Magic Keyboard,CYBERPOWER Gamer Desktop,Logitech 3-button Mouse,3-Button Mouse,Dell Desktop,JBL Splashproof Portable Bluetooth Speaker,,,,,,,,,,,,,,,,,,,,,,,,
Lenovo Desktop Computer,Zombie Gaming Headset,,,,,,,,,,,,,,,,,,,,,,,,,,,,,,
Acer Aspire,Dell Desktop,iMac,Cambridge Bluetooth Speaker,CYBERPOWER Gamer Desktop,Logitech 3-button Mouse,,,,,,,,,,,,,,,,,,,,,,,,,,
HP Laptop,iMac,Epson Printer,,,,,,,,,,,,,,,,,,,,,,,,,,,,,
3-Button Mouse,,,,,,,,,,,,,,,,,,,,,,,,,,,,,,,
Wireless Portable Mouse,,,,,,,,,,,,,,,,,,,,,,,,,,,,,,,
ASUS 2 Monitor,CYBERPOWER Gamer Desktop,3-Button Mouse,,,,,,,,,,,,,,,,,,,,,,,,,,,,,
iMac,CYBERPOWER Gamer Desktop,Etekcity Power Extension Cord Cable,Zombie Gaming Headset,Microsoft Wireless Desktop Keyboard and Mouse,,,,,,,,,,,,,,,,,,,,,,,,,,,
Samsung Monitor,ViewSonic Monitor,HP Laptop,Epson Printer,CYBERPOWER Gamer Desktop,AOC Monitor,Smart Light Bulb,Apple MacBook Air,Zombie Gaming Headset,,,,,,,,,,,,,,,,,,,,,,,
Apple Earpods,HP Monitor,ASUS Desktop,,,,,,,,,,,,,,,,,,,,,,,,,,,,,
Sonos,Logitech 3-button Mouse,3-Button Mouse,iPad Pro ,,,,,,,,,,,,,,,,,,,,,,,,,,,,
Dell Desktop,iMac,Alienware Laptop,Logitech 3-button Mouse,Apple MacBook Pro,,,,,,,,,,,,,,,,,,,,,,,,,,,
HDMI Cable 6ft,Acer Desktop,ViewSonic Monitor,HP Laptop,iMac,Apple Magic Keyboard,Logitech MK550 Wireless Wave Keyboard and Mouse Combo,Microsoft Office Home and Student 2016,Belkin Mouse Pad,,,,,,,,,,,,,,,,,,,,,,,
Otium Wireless Sports Bluetooth Headphone,Dell Desktop,CYBERPOWER Gamer Desktop,Apple Wireless Keyboard,Apple Earpods,Dell Laptop,Backlit LED Gaming Keyboard,,,,,,,,,,,,,,,,,,,,,,,,,
Dell 2 Desktop,Lenovo Desktop Computer,Microsoft Office Home and Student 2016,CYBERPOWER Gamer Desktop,,,,,,,,,,,,,,,,,,,,,,,,,,,,
HP Laptop,iMac,CYBERPOWER Gamer Desktop,ASUS Desktop,Halter Mesh Metal Monitor Stand,,,,,,,,,,,,,,,,,,,,,,,,,,,
ASUS Chromebook,AOC Monitor,,,,,,,,,,,,,,,,,,,,,,,,,,,,,,
Apple MacBook Air,,,,,,,,,,,,,,,,,,,,,,,,,,,,,,,
ASUS Monitor,3-Button Mouse,Redragon Gaming Mouse,Apple MacBook Air,Brother Printer,Microsoft Wireless Desktop Keyboard and Mouse,,,,,,,,,,,,,,,,,,,,,,,,,,
iMac,CYBERPOWER Gamer Desktop,AOC Monitor,Eluktronics Pro Gaming Laptop,,,,,,,,,,,,,,,,,,,,,,,,,,,,
Acer Aspire,iMac,Logitech Stereo Headset ,,,,,,,,,,,,,,,,,,,,,,,,,,,,,
Acer Monitor,Dell Desktop,iMac,,,,,,,,,,,,,,,,,,,,,,,,,,,,,
Samsung Monitor,HP Wireless Mouse,Dell Desktop,Computer Game,HP Laptop,HP Wireless Printer,Apple Magic Keyboard,Bose Companion Speakers, Intel Desktop ,3-Button Mouse,Apple MacBook Pro,Apple Earpods,Wireless Portable Mouse,Microsoft Headset,Microsoft Wireless Desktop Keyboard and Mouse,,,,,,,,,,,,,,,,,
Brother Printer,,,,,,,,,,,,,,,,,,,,,,,,,,,,,,,
Acer Monitor,Samsung Monitor,ASUS Chromebook,Acer Aspire,Acer Desktop,Dell 2 Desktop,HP Laptop,iMac,Logitech MK550 Wireless Wave Keyboard and Mouse Combo,Epson Printer,3-Button Mouse,Etekcity Power Extension Cord Cable,Smart Light Bulb,HP USB Keyboard ,HP Monitor,Apple MacBook Air,Dell Laptop,PC Gaming Headset,Zombie Gaming Headset,Eluktronics Pro Gaming Laptop,,,,,,,,,,,,
Microsoft Wireless Desktop Keyboard and Mouse,,,,,,,,,,,,,,,,,,,,,,,,,,,,,,,
ASUS Chromebook,Belkin Mouse Pad,,,,,,,,,,,,,,,,,,,,,,,,,,,,,,
Apple MacBook Air,,,,,,,,,,,,,,,,,,,,,,,,,,,,,,,
Acer Monitor,LG Monitor,HP Wireless Printer,Bose Companion Speakers,Belkin Mouse Pad,Audio Cable,iPad Pro ,,,,,,,,,,,,,,,,,,,,,,,,,
Acer Monitor,ASUS Chromebook,Dell 2 Desktop,HP Laptop,iMac,,,,,,,,,,,,,,,,,,,,,,,,,,,
iMac,HP Desktop,,,,,,,,,,,,,,,,,,,,,,,,,,,,,,
ASUS Chromebook,HP Laptop,CYBERPOWER Gamer Desktop,3-Button Mouse,Eluktronics Pro Gaming Laptop,,,,,,,,,,,,,,,,,,,,,,,,,,,
Apple MacBook Air,,,,,,,,,,,,,,,,,,,,,,,,,,,,,,,
Apple MacBook Air,,,,,,,,,,,,,,,,,,,,,,,,,,,,,,,
iMac,3-Button Mouse,Logitech Wireless Keyboard,Backlit LED Gaming Keyboard,,,,,,,,,,,,,,,,,,,,,,,,,,,,
iMac,Apple Wireless Keyboard,Apple MacBook Air,,,,,,,,,,,,,,,,,,,,,,,,,,,,,
HDMI Cable 6ft,Apple Magic Keyboard,Epson Printer,CYBERPOWER Gamer Desktop,PC Gaming Headset,,,,,,,,,,,,,,,,,,,,,,,,,,,
Kindle ,,,,,,,,,,,,,,,,,,,,,,,,,,,,,,,
Acer Monitor,Logitech MK270 Wireless Keyboard and Mouse Combo,Lenovo Desktop Computer,Apple Wireless Keyboard,Apple MacBook Pro,,,,,,,,,,,,,,,,,,,,,,,,,,,
ViewSonic Monitor,HP Laptop,iMac,Alienware Laptop,Cambridge Bluetooth Speaker,,,,,,,,,,,,,,,,,,,,,,,,,,,
Brother Printer,,,,,,,,,,,,,,,,,,,,,,,,,,,,,,,
Eluktronics Pro Gaming Laptop,Logitech Wireless Mouse,iMac,Apple Magic Keyboard,CYBERPOWER Gamer Desktop,Apple MacBook Pro,Slim Wireless Mouse,Microsoft Headset,,,,,,,,,,,,,,,,,,,,,,,,
Samsung Monitor,Dell KM117 Wireless Keyboard & Mouse,Backlit LED Gaming Keyboard,,,,,,,,,,,,,,,,,,,,,,,,,,,,,
Otium Wireless Sports Bluetooth Headphone,iMac,ASUS 2 Monitor,Panasonic In-Ear Headphone ,Rii LED Gaming Keyboard & Mouse Combo ,Dell Desktop,Panasonic On-Ear Stereo Headphones,Apple MacBook Pro,Apple Earpods,Apple MacBook Air,,,,,,,,,,,,,,,,,,,,,,
Dell Desktop,iMac,Slim 2TB Portable External Hard Drive,Dell Wired Keyboard,3-Button Mouse,Wireless Portable Mouse,HP Desktop,,,,,,,,,,,,,,,,,,,,,,,,,
ViewSonic Monitor,Computer Game,HP Laptop,iMac,Logitech Keyboard,Apple Wireless Keyboard,Apple MacBook Air,,,,,,,,,,,,,,,,,,,,,,,,,
Acer Desktop,Apple Wireless Keyboard,,,,,,,,,,,,,,,,,,,,,,,,,,,,,,
Lenovo Desktop Computer,,,,,,,,,,,,,,,,,,,,,,,,,,,,,,,
ViewSonic Monitor,iMac,ASUS 2 Monitor,Lenovo Desktop Computer,,,,,,,,,,,,,,,,,,,,,,,,,,,,
Apple MacBook Air,,,,,,,,,,,,,,,,,,,,,,,,,,,,,,,
LG Monitor,HP Laptop,iMac,Generic Black 3-Button,,,,,,,,,,,,,,,,,,,,,,,,,,,,
ViewSonic Monitor,Lenovo Desktop Computer,Logitech 3-button Mouse,Microsoft Wireless Desktop Keyboard and Mouse,,,,,,,,,,,,,,,,,,,,,,,,,,,,
Samsung Monitor,Logitech Wireless Mouse,Bose Companion Speakers,3-Button Mouse,Computer Game,Apple MacBook Pro,,,,,,,,,,,,,,,,,,,,,,,,,,
Dell Laptop,,,,,,,,,,,,,,,,,,,,,,,,,,,,,,,
Acer Aspire,iMac,Koss Home Headphones,Panasonic In-Ear Headphone , Intel Desktop ,Halter Acrylic Monitor Stand,,,,,,,,,,,,,,,,,,,,,,,,,,
HP Wireless Mouse,3-Button Mouse,,,,,,,,,,,,,,,,,,,,,,,,,,,,,,
iMac,Apple MacBook Pro,Apple MacBook Air,,,,,,,,,,,,,,,,,,,,,,,,,,,,,
Logitech Wireless Mouse,,,,,,,,,,,,,,,,,,,,,,,,,,,,,,,
iMac,HP Wireless Printer,,,,,,,,,,,,,,,,,,,,,,,,,,,,,,
ASUS Chromebook,Dell Desktop,Apple MacBook Air,,,,,,,,,,,,,,,,,,,,,,,,,,,,,
HDMI Cable 6ft,Dell Desktop,,,,,,,,,,,,,,,,,,,,,,,,,,,,,,
Backlit LED Gaming Keyboard,,,,,,,,,,,,,,,,,,,,,,,,,,,,,,,
Acer Monitor,Dell Wired Keyboard,Microsoft Office Home and Student 2016,AOC Monitor,Logitech 3-button Mouse,iPhone Charger Cable,Apple Earpods,Brother Printer,,,,,,,,,,,,,,,,,,,,,,,,
iMac,Brother Printer Toner,Apple Wireless Keyboard,Apple MacBook Air,,,,,,,,,,,,,,,,,,,,,,,,,,,,
Samsung Monitor,Acer Desktop,iMac,ASUS 2 Monitor,Lenovo Desktop Computer,,,,,,,,,,,,,,,,,,,,,,,,,,,
Microsoft Office Home and Student 2016,CYBERPOWER Gamer Desktop,Apple Wireless Keyboard,Apple MacBook Air,Kindle ,Dell Laptop,Microsoft Wireless Desktop Keyboard and Mouse,,,,,,,,,,,,,,,,,,,,,,,,,
JBL Splashproof Portable Bluetooth Speaker,,,,,,,,,,,,,,,,,,,,,,,,,,,,,,,
LG Monitor,ASUS Chromebook,Computer Game,Lenovo Desktop Computer,Bose Companion Speakers,Ailihen Stereo Headphones,CYBERPOWER Gamer Desktop,Belkin Mouse Pad,Dell Desktop,Slim Wireless Mouse,Backlit LED Gaming Keyboard,,,,,,,,,,,,,,,,,,,,,
Dell Desktop,iMac, Intel Desktop ,Etekcity Power Extension Cord Cable,Rii LED Keyboard,,,,,,,,,,,,,,,,,,,,,,,,,,,
Lenovo Desktop Computer,Zombie Gaming Headset,Microsoft Headset,Backlit LED Gaming Keyboard,,,,,,,,,,,,,,,,,,,,,,,,,,,,
Eluktronics Pro Gaming Laptop,ViewSonic Monitor,iMac,Apple Magic Keyboard,Rii LED Gaming Keyboard & Mouse Combo ,Logitech ClearChat Headset,Backlit LED Gaming Keyboard,,,,,,,,,,,,,,,,,,,,,,,,,
Apple MacBook Air,,,,,,,,,,,,,,,,,,,,,,,,,,,,,,,
APIE Bluetooth Headphone,Apple Earpods,Dell Laptop,iPad,,,,,,,,,,,,,,,,,,,,,,,,,,,,
ASUS Chromebook,Dell 2 Desktop,Lenovo Desktop Computer,Apple Magic Keyboard,,,,,,,,,,,,,,,,,,,,,,,,,,,,
HP Wireless Mouse,ViewSonic Monitor,Lenovo Desktop Computer, Intel Desktop ,iPad Pro ,,,,,,,,,,,,,,,,,,,,,,,,,,,
Lenovo Desktop Computer,Epson Printer,Microsoft Wireless Desktop Keyboard and Mouse,,,,,,,,,,,,,,,,,,,,,,,,,,,,,
Dell Desktop,,,,,,,,,,,,,,,,,,,,,,,,,,,,,,,
Backlit LED Gaming Keyboard,,,,,,,,,,,,,,,,,,,,,,,,,,,,,,,
Logitech MK550 Wireless Wave Keyboard and Mouse Combo,Cambridge Bluetooth Speaker,,,,,,,,,,,,,,,,,,,,,,,,,,,,,,
ASUS Chromebook,ViewSonic Monitor,Apple MacBook Pro,,,,,,,,,,,,,,,,,,,,,,,,,,,,,
Slim 2TB Portable External Hard Drive,Microsoft Office Home and Student 2016,Acer Desktop,,,,,,,,,,,,,,,,,,,,,,,,,,,,,
ASUS Chromebook,iMac,CYBERPOWER Gamer Desktop,3-Button Mouse,Redragon Gaming Mouse,Wireless Portable Mouse,Dell Laptop,Brother Printer,Backlit LED Gaming Keyboard,Microsoft Wireless Desktop Keyboard and Mouse,,,,,,,,,,,,,,,,,,,,,,
CYBERPOWER Gamer Desktop,,,,,,,,,,,,,,,,,,,,,,,,,,,,,,,
iMac,Lenovo Desktop Computer,Smart Light Bulb,Zombie Gaming Headset,Halter Mesh Metal Monitor Stand,Microsoft Wireless Desktop Keyboard and Mouse,,,,,,,,,,,,,,,,,,,,,,,,,,
HP Wireless Mouse,,,,,,,,,,,,,,,,,,,,,,,,,,,,,,,
Samsung Monitor,Eluktronics Pro Gaming Laptop,ViewSonic Monitor,iMac,Microsoft Office Home and Student 2016,AOC Monitor,Brother Printer Toner,,,,,,,,,,,,,,,,,,,,,,,,,
Acer Aspire,Logitech MK270 Wireless Keyboard and Mouse Combo,,,,,,,,,,,,,,,,,,,,,,,,,,,,,,
Dell KM117 Wireless Keyboard & Mouse,EagleTec Wireless Combo Keyboard and Mouse,,,,,,,,,,,,,,,,,,,,,,,,,,,,,,
iMac,,,,,,,,,,,,,,,,,,,,,,,,,,,,,,,
Acer Desktop,HP Laptop,Apple MacBook Air,,,,,,,,,,,,,,,,,,,,,,,,,,,,,
Logitech Desktop MK120 Mouse and keyboard Combo,Dell Desktop,ViewSonic Monitor,iMac,Backlit LED Gaming Keyboard,,,,,,,,,,,,,,,,,,,,,,,,,,,
Acer Monitor,Belkin Mouse Pad,Apple MacBook Pro,Dell KM117 Wireless Keyboard & Mouse,ASUS Desktop,,,,,,,,,,,,,,,,,,,,,,,,,,,
Apple MacBook Air,,,,,,,,,,,,,,,,,,,,,,,,,,,,,,,
3-Button Mouse,Apple Earpods,Dell Laptop,,,,,,,,,,,,,,,,,,,,,,,,,,,,,
Apple MacBook Pro,Kindle ,5TB Desktop Hard Drive,,,,,,,,,,,,,,,,,,,,,,,,,,,,,
iMac,Logitech MK550 Wireless Wave Keyboard and Mouse Combo,Logitech 3-button Mouse,Apple MacBook Air,Brother Printer,Backlit LED Gaming Keyboard,Microsoft Wireless Desktop Keyboard and Mouse,,,,,,,,,,,,,,,,,,,,,,,,,
Acer Aspire,Lenovo Desktop Computer,Backlit LED Gaming Keyboard,,,,,,,,,,,,,,,,,,,,,,,,,,,,,
iMac,HP Wireless Printer,Lenovo Desktop Computer,Halter Acrylic Monitor Stand,Apple Earpods,HP Monitor,Microsoft Wireless Desktop Keyboard and Mouse,,,,,,,,,,,,,,,,,,,,,,,,,
Apple MacBook Air,Kindle ,5TB Desktop Hard Drive,Dell Laptop,Dell Laptop,Microsoft Wireless Desktop Keyboard and Mouse,,,,,,,,,,,,,,,,,,,,,,,,,,
iPhone Charger Cable,Slim Wireless Mouse,Dell Laptop,Dell Laptop,HP Desktop,PC Gaming Headset,Microsoft Wireless Desktop Keyboard and Mouse,,,,,,,,,,,,,,,,,,,,,,,,,
ASUS 2 Monitor,Apple Wireless Keyboard,Apple Earpods,Apple MacBook Air,Dell Laptop,iPad,Microsoft Wireless Desktop Keyboard and Mouse,,,,,,,,,,,,,,,,,,,,,,,,,
HP Laptop,iMac,Microsoft Office Home and Student 2016,Belkin Mouse Pad,HP Monitor,,,,,,,,,,,,,,,,,,,,,,,,,,,
5TB Desktop Hard Drive,Apple Earpods,Dell Laptop,,,,,,,,,,,,,,,,,,,,,,,,,,,,,
HP Laptop,Sonos,Etekcity Power Extension Cord Cable,iPhone Charger Cable,Dell Laptop,Microsoft Wireless Desktop Keyboard and Mouse,,,,,,,,,,,,,,,,,,,,,,,,,,
Bose Companion Speakers,Apple MacBook Pro,HP Monitor,Apple MacBook Air,,,,,,,,,,,,,,,,,,,,,,,,,,,,
LG Monitor,Ailihen Stereo Headphones,Microsoft Office Home and Student 2016,Dell Desktop,Acer Desktop,DYMO Label Manker  ,Brother Printer,Microsoft Wireless Desktop Keyboard and Mouse,,,,,,,,,,,,,,,,,,,,,,,,
Samsung Monitor,Koss Home Headphones,CYBERPOWER Gamer Desktop,Apple MacBook Air,,,,,,,,,,,,,,,,,,,,,,,,,,,,
Slim 2TB Portable External Hard Drive,,,,,,,,,,,,,,,,,,,,,,,,,,,,,,,
3-Button Mouse,Apple Earpods,HP Desktop,,,,,,,,,,,,,,,,,,,,,,,,,,,,,
ViewSonic Monitor,iMac,Lenovo Desktop Computer,Microsoft Office Home and Student 2016,CYBERPOWER Gamer Desktop,ASUS Desktop,iPad Pro ,,,,,,,,,,,,,,,,,,,,,,,,,
ViewSonic Monitor,HP Notebook Touchscreen Laptop PC,Multi Media Stand,,,,,,,,,,,,,,,,,,,,,,,,,,,,,
ASUS Chromebook,ViewSonic Monitor,HP Laptop,AOC Monitor,Ethernet Cable,Apple Earpods,Dell Laptop,Backlit LED Gaming Keyboard,,,,,,,,,,,,,,,,,,,,,,,,
1TB Portable External Hard Drive,,,,,,,,,,,,,,,,,,,,,,,,,,,,,,,
Lenovo Desktop Computer,Bose Companion Speakers, Intel Desktop ,CYBERPOWER Gamer Desktop,Logitech 3-button Mouse,3-Button Mouse,Microsoft Basic Optical Mouse,Halter Acrylic Monitor Stand,DYMO Labeling Tape ,,,,,,,,,,,,,,,,,,,,,,,
Acer Monitor,iMac,Lenovo Desktop Computer,Ailihen Stereo Headphones,Microsoft Office Home and Student 2016,,,,,,,,,,,,,,,,,,,,,,,,,,,
ASUS 2 Monitor,Cambridge Bluetooth Speaker,,,,,,,,,,,,,,,,,,,,,,,,,,,,,,
iMac, Intel Desktop ,Microsoft Office Home and Student 2016,Belkin Mouse Pad,Apple MacBook Air,ASUS Desktop,Microsoft Wireless Desktop Keyboard and Mouse,,,,,,,,,,,,,,,,,,,,,,,,,
Logitech MK270 Wireless Keyboard and Mouse Combo,HP Wireless Printer,Lenovo Desktop Computer,Slim 2TB Portable External Hard Drive,Epson Printer,Apple MacBook Air,,,,,,,,,,,,,,,,,,,,,,,,,,
Apple MacBook Pro,Apple MacBook Air,,,,,,,,,,,,,,,,,,,,,,,,,,,,,,
Alienware Laptop,Panasonic In-Ear Headphone ,,,,,,,,,,,,,,,,,,,,,,,,,,,,,,
Panasonic In-Ear Headphone ,CYBERPOWER Gamer Desktop,Dell Laptop,,,,,,,,,,,,,,,,,,,,,,,,,,,,,
HP Monitor,Dell Laptop,,,,,,,,,,,,,,,,,,,,,,,,,,,,,,
2TB Portable External Hard Drive,,,,,,,,,,,,,,,,,,,,,,,,,,,,,,,
CYBERPOWER Gamer Desktop,Apple MacBook Air,,,,,,,,,,,,,,,,,,,,,,,,,,,,,,
Apple MacBook Air,,,,,,,,,,,,,,,,,,,,,,,,,,,,,,,
Acer Desktop,Alienware Laptop, Intel Desktop ,CYBERPOWER Gamer Desktop,,,,,,,,,,,,,,,,,,,,,,,,,,,,
Acer Desktop,ASUS Monitor,CYBERPOWER Gamer Desktop,Dell Laptop,,,,,,,,,,,,,,,,,,,,,,,,,,,,
CYBERPOWER Gamer Desktop,Logitech 3-button Mouse,,,,,,,,,,,,,,,,,,,,,,,,,,,,,,
ASUS Chromebook,,,,,,,,,,,,,,,,,,,,,,,,,,,,,,,
Ailihen Stereo Headphones,Apple MacBook Air,,,,,,,,,,,,,,,,,,,,,,,,,,,,,,
Apple Earpods,Dell Laptop,,,,,,,,,,,,,,,,,,,,,,,,,,,,,,
Apple MacBook Air,,,,,,,,,,,,,,,,,,,,,,,,,,,,,,,
Dell Desktop,,,,,,,,,,,,,,,,,,,,,,,,,,,,,,,
Logitech Wireless Mouse,Halter Acrylic Monitor Stand,,,,,,,,,,,,,,,,,,,,,,,,,,,,,,
CYBERPOWER Gamer Desktop,,,,,,,,,,,,,,,,,,,,,,,,,,,,,,,
Apple MacBook Air,,,,,,,,,,,,,,,,,,,,,,,,,,,,,,,
ASUS Monitor,Microsoft Office Home and Student 2016,Rii LED Gaming Keyboard & Mouse Combo ,Computer Game,Smart Light Bulb,,,,,,,,,,,,,,,,,,,,,,,,,,,
Dell 2 Desktop,Apple Earpods,Wireless Portable Mouse,,,,,,,,,,,,,,,,,,,,,,,,,,,,,
ViewSonic Monitor,Apple MacBook Air,Sceptre Monitor,Microsoft Wireless Desktop Keyboard and Mouse,,,,,,,,,,,,,,,,,,,,,,,,,,,,
Otium Wireless Sports Bluetooth Headphone,Logitech 3-button Mouse,Apple Earpods,Acer Desktop,Multi Media Stand,,,,,,,,,,,,,,,,,,,,,,,,,,,
Logitech 3-button Mouse,,,,,,,,,,,,,,,,,,,,,,,,,,,,,,,
Acer Aspire,Lenovo Desktop Computer,Bose Companion Speakers,3-Button Mouse,Samsung Charging Cable,Apple Wireless Keyboard,Roku Express,,,,,,,,,,,,,,,,,,,,,,,,,
iMac,Microsoft Wireless Comfort Keyboard and Mouse,Dell Laptop,HP Desktop,iPad,,,,,,,,,,,,,,,,,,,,,,,,,,,
Apple Earpods,Apple MacBook Air,iPhone Charger Cable,Dell KM117 Wireless Keyboard & Mouse,Microsoft Wireless Desktop Keyboard and Mouse,,,,,,,,,,,,,,,,,,,,,,,,,,,
ViewSonic Monitor,HP Laptop,Logitech Wireless Mouse,CYBERPOWER Gamer Desktop,Apple MacBook Air,Dell KM117 Wireless Keyboard & Mouse,,,,,,,,,,,,,,,,,,,,,,,,,,
Dell Desktop,Apple Earpods,,,,,,,,,,,,,,,,,,,,,,,,,,,,,,
ViewSonic Monitor,HP Laptop,iMac,ASUS Monitor,Epson Printer,Dell Desktop,Apple MacBook Pro,HP Monitor,,,,,,,,,,,,,,,,,,,,,,,,
Logitech MK270 Wireless Keyboard and Mouse Combo,Slim Wireless Mouse,,,,,,,,,,,,,,,,,,,,,,,,,,,,,,
Belkin Mouse Pad,ASUS Desktop,,,,,,,,,,,,,,,,,,,,,,,,,,,,,,
ASUS Chromebook,Cambridge Bluetooth Speaker,HP USB Keyboard ,,,,,,,,,,,,,,,,,,,,,,,,,,,,,
Lenovo Desktop Computer,CYBERPOWER Gamer Desktop,DOSS Touch Wireless Bluetooth,Belkin Mouse Pad,EagleTec Wireless Combo Keyboard and Mouse,,,,,,,,,,,,,,,,,,,,,,,,,,,
ASUS Monitor,3-Button Mouse,ASUS Desktop,Microsoft Wireless Desktop Keyboard and Mouse,,,,,,,,,,,,,,,,,,,,,,,,,,,,
CYBERPOWER Gamer Desktop,Apple MacBook Pro,Dell Laptop,,,,,,,,,,,,,,,,,,,,,,,,,,,,,
HDMI Cable 6ft,HP Laptop,Logitech MK550 Wireless Wave Keyboard and Mouse Combo,3-Button Mouse,Microsoft Headset,,,,,,,,,,,,,,,,,,,,,,,,,,,
Acer Monitor,iMac,Lenovo Desktop Computer,CYBERPOWER Gamer Desktop,Belkin Mouse Pad,,,,,,,,,,,,,,,,,,,,,,,,,,,
ViewSonic Monitor,HP Laptop,iMac,Dell Wired Keyboard,Height-Adjustable Standing Desk,Microsoft Office Home and Student 2016,Logitech 3-button Mouse,Etekcity Power Extension Cord Cable,Apple Earpods,ASUS Desktop,Microsoft Wireless Desktop Keyboard and Mouse,,,,,,,,,,,,,,,,,,,,,
Logitech 3-button Mouse,Slim Wireless Mouse,,,,,,,,,,,,,,,,,,,,,,,,,,,,,,
Eluktronics Pro Gaming Laptop,ASUS 2 Monitor,Logitech MK550 Wireless Wave Keyboard and Mouse Combo,Rii LED Gaming Keyboard & Mouse Combo ,Cyber Acoustics,Belkin Mouse Pad,Dell Desktop,Logitech MK360 Wireless Keyboard and Mouse Combo,HP Monitor,Microsoft Headset,Brother Printer,iPad Pro ,,,,,,,,,,,,,,,,,,,,
Acer Monitor,Dell Desktop,Dell 2 Desktop,Alienware Laptop,Lenovo Desktop Computer,Apple Magic Keyboard,Google Home,CYBERPOWER Gamer Desktop,,,,,,,,,,,,,,,,,,,,,,,,
ASUS Chromebook,ASUS 2 Monitor,Epson Printer,Logitech Keyboard,CYBERPOWER Gamer Desktop,Apple Wireless Keyboard,Backlit LED Gaming Keyboard,Microsoft Wireless Desktop Keyboard and Mouse,,,,,,,,,,,,,,,,,,,,,,,,
ViewSonic Monitor,Bose Companion Speakers,Sonos,Dell Monitor,Apple MacBook Pro,Apple Earpods,Apple MacBook Air,HP Desktop,iPad Pro ,Microsoft Wireless Desktop Keyboard and Mouse,,,,,,,,,,,,,,,,,,,,,,
Alienware Laptop,HP Desktop,iPad Pro ,,,,,,,,,,,,,,,,,,,,,,,,,,,,,
Samsung Monitor,LG Monitor,Dell Desktop,ViewSonic Monitor,HP Laptop,iMac,ASUS 2 Monitor,CYBERPOWER Gamer Desktop,Apple Earpods,,,,,,,,,,,,,,,,,,,,,,,
Dell Desktop,3-Button Mouse,Apple Earpods,Dell Laptop,,,,,,,,,,,,,,,,,,,,,,,,,,,,
Apple MacBook Air,,,,,,,,,,,,,,,,,,,,,,,,,,,,,,,
Samsung Monitor,iMac,Logitech 3-button Mouse,,,,,,,,,,,,,,,,,,,,,,,,,,,,,
Apple Earpods,,,,,,,,,,,,,,,,,,,,,,,,,,,,,,,
Dell Desktop,iPhone Charger Cable,Microsoft Wireless Desktop Keyboard and Mouse,,,,,,,,,,,,,,,,,,,,,,,,,,,,,
Dell Desktop,,,,,,,,,,,,,,,,,,,,,,,,,,,,,,,
iMac,Cambridge Bluetooth Speaker,CYBERPOWER Gamer Desktop,3-Button Mouse,Dell Desktop,Apple Earpods,,,,,,,,,,,,,,,,,,,,,,,,,,
Otium Wireless Sports Bluetooth Headphone,5TB Desktop Hard Drive,Apple MacBook Air,,,,,,,,,,,,,,,,,,,,,,,,,,,,,
ASUS Chromebook,ViewSonic Monitor,Wireless Portable Mouse,Backlit LED Gaming Keyboard,,,,,,,,,,,,,,,,,,,,,,,,,,,,
Microsoft Headset,PC Gaming Headset,,,,,,,,,,,,,,,,,,,,,,,,,,,,,,
Sonos,,,,,,,,,,,,,,,,,,,,,,,,,,,,,,,
HP Laptop,Koss Home Headphones,Google Home,Belkin Mouse Pad,Dell KM117 Wireless Keyboard & Mouse,,,,,,,,,,,,,,,,,,,,,,,,,,,
Logitech Keyboard,,,,,,,,,,,,,,,,,,,,,,,,,,,,,,,
CYBERPOWER Gamer Desktop,Apple MacBook Air,,,,,,,,,,,,,,,,,,,,,,,,,,,,,,
Dell Desktop,CYBERPOWER Gamer Desktop,,,,,,,,,,,,,,,,,,,,,,,,,,,,,,
Samsung Monitor,CYBERPOWER Gamer Desktop,Apple Earpods,,,,,,,,,,,,,,,,,,,,,,,,,,,,,
HP Monitor,,,,,,,,,,,,,,,,,,,,,,,,,,,,,,,
iMac,Logitech Wireless Keyboard,Microsoft Wireless Desktop Keyboard and Mouse,,,,,,,,,,,,,,,,,,,,,,,,,,,,,
Logitech MK270 Wireless Keyboard and Mouse Combo,ViewSonic Monitor,HP Laptop,Lenovo Desktop Computer,AOC Monitor,,,,,,,,,,,,,,,,,,,,,,,,,,,
CYBERPOWER Gamer Desktop,Belkin Mouse Pad,,,,,,,,,,,,,,,,,,,,,,,,,,,,,,
HP Laptop,iMac,Lenovo Desktop Computer,Apple Magic Keyboard,XIBERIA Gaming Headset,Apple Wireless Keyboard,Apple Earpods,,,,,,,,,,,,,,,,,,,,,,,,,
HDMI Cable 6ft,LG Monitor,Acer Aspire,Acer Desktop,ViewSonic Monitor,HP Laptop,Alienware Laptop,Slim 2TB Portable External Hard Drive,Panasonic In-Ear Headphone ,Epson Printer,Ailihen Stereo Headphones,Etekcity Power Extension Cord Cable,Belkin Mouse Pad,Full Motion Monitor Mount,,,,,,,,,,,,,,,,,,
Lenovo Desktop Computer,Apple TV,Sceptre Monitor,,,,,,,,,,,,,,,,,,,,,,,,,,,,,
Samsung Monitor,iMac,Belkin Mouse Pad,Wireless Portable Mouse,Sceptre Monitor,,,,,,,,,,,,,,,,,,,,,,,,,,,
Canon Ink ,,,,,,,,,,,,,,,,,,,,,,,,,,,,,,,
3-Button Mouse,Dell Laptop,Logitech ClearChat Headset,,,,,,,,,,,,,,,,,,,,,,,,,,,,,
Slim 2TB Portable External Hard Drive,CYBERPOWER Gamer Desktop,HP Monitor,,,,,,,,,,,,,,,,,,,,,,,,,,,,,
Apple MacBook Air,,,,,,,,,,,,,,,,,,,,,,,,,,,,,,,
Dell Desktop,iMac,,,,,,,,,,,,,,,,,,,,,,,,,,,,,,
Dell Desktop,iMac,Lenovo Desktop Computer,CYBERPOWER Gamer Desktop,3-Button Mouse,Apple Wireless Keyboard,Dell Laptop,,,,,,,,,,,,,,,,,,,,,,,,,
iMac,,,,,,,,,,,,,,,,,,,,,,,,,,,,,,,
LG Monitor,CYBERPOWER Gamer Desktop,Belkin Mouse Pad,Apple MacBook Air,iPad Pro ,,,,,,,,,,,,,,,,,,,,,,,,,,,
Apple MacBook Air,,,,,,,,,,,,,,,,,,,,,,,,,,,,,,,
LG Monitor,Dell Monitor,CYBERPOWER Gamer Desktop,3-Button Mouse,Apple Earpods,LG Touchscreen Laptop,,,,,,,,,,,,,,,,,,,,,,,,,,
Sonos,HP Desktop,,,,,,,,,,,,,,,,,,,,,,,,,,,,,,
Sonos,,,,,,,,,,,,,,,,,,,,,,,,,,,,,,,
Logitech Wireless Mouse,Apple Magic Keyboard,,,,,,,,,,,,,,,,,,,,,,,,,,,,,,
Acer Monitor,Bose Companion Speakers,Logitech MK550 Wireless Wave Keyboard and Mouse Combo,Apple Wired Keyboard,Logitech 3-button Mouse,3-Button Mouse,Apple MacBook Pro,PC Gaming Headset,Microsoft Wireless Desktop Keyboard and Mouse,,,,,,,,,,,,,,,,,,,,,,,
Lenovo Desktop Computer,CYBERPOWER Gamer Desktop,HP Desktop,,,,,,,,,,,,,,,,,,,,,,,,,,,,,
LG Monitor,Acer Desktop,HP Laptop,Lenovo Desktop Computer,Microsoft Office Home and Student 2016,,,,,,,,,,,,,,,,,,,,,,,,,,,
Dell Desktop,3-Button Mouse,HP Monitor,,,,,,,,,,,,,,,,,,,,,,,,,,,,,
Apple Wired Keyboard,Logitech 3-button Mouse,Apple MacBook Air,Dell KM117 Wireless Keyboard & Mouse,,,,,,,,,,,,,,,,,,,,,,,,,,,,
3-Button Mouse,,,,,,,,,,,,,,,,,,,,,,,,,,,,,,,
HP Laptop,Lenovo Desktop Computer,Apple Magic Keyboard,Height-Adjustable Standing Desk,Microsoft Office Home and Student 2016,Ethernet Cable,APIE Bluetooth Headphone,Acer Desktop,EagleTec Wireless Combo Keyboard and Mouse,,,,,,,,,,,,,,,,,,,,,,,
Acer Aspire,3-Button Mouse,,,,,,,,,,,,,,,,,,,,,,,,,,,,,,
Acer Monitor,Dell Desktop,Acer Desktop,Panasonic In-Ear Headphone ,Height-Adjustable Standing Desk,Microsoft Office Home and Student 2016,CYBERPOWER Gamer Desktop,HP Monitor,Microsoft Wireless Desktop Keyboard and Mouse,,,,,,,,,,,,,,,,,,,,,,,
HP Wireless Mouse,Dell Desktop,Computer Game,HP Laptop,Alienware Laptop,Lenovo Desktop Computer,Slim 2TB Portable External Hard Drive,Panasonic In-Ear Headphone ,Logitech MK550 Wireless Wave Keyboard and Mouse Combo,CYBERPOWER Gamer Desktop,3-Button Mouse,Generic Black 3-Button,Dell Laptop,iPad Pro ,Epson Black Ink,,,,,,,,,,,,,,,,,
Samsung Monitor,HDMI Cable 6ft,CYBERPOWER Gamer Desktop,Apple Earpods,LG Touchscreen Laptop,,,,,,,,,,,,,,,,,,,,,,,,,,,
Acer Monitor,ViewSonic Monitor,Epson Printer,AOC Monitor,1TB Portable External Hard Drive,,,,,,,,,,,,,,,,,,,,,,,,,,,
iMac,3-Button Mouse,Brother Printer Toner,,,,,,,,,,,,,,,,,,,,,,,,,,,,,
Acer Monitor,Samsung Monitor,HP Wireless Mouse,Acer Aspire,ViewSonic Monitor,HP Black & Tri-color Ink ,Logitech Wireless Mouse,iMac,Lenovo Desktop Computer,Dell Desktop,Apple MacBook Air,iPad Pro ,,,,,,,,,,,,,,,,,,,,
Apple Earpods,Apple MacBook Air,Microsoft Wireless Desktop Keyboard and Mouse,,,,,,,,,,,,,,,,,,,,,,,,,,,,,
Samsung Monitor,AOC Monitor,Apple Wireless Keyboard,Apple Earpods,Microsoft Wireless Desktop Keyboard and Mouse,,,,,,,,,,,,,,,,,,,,,,,,,,,
iMac,Dell Laptop,,,,,,,,,,,,,,,,,,,,,,,,,,,,,,
iMac,HP USB Keyboard ,Redragon Gaming Mouse,Apple Earpods,Dell Laptop,iPad Pro ,,,,,,,,,,,,,,,,,,,,,,,,,,
Logitech 3-button Mouse,EagleTec Wireless Combo Keyboard and Mouse,,,,,,,,,,,,,,,,,,,,,,,,,,,,,,
Bose Companion Speakers,,,,,,,,,,,,,,,,,,,,,,,,,,,,,,,
Eluktronics Pro Gaming Laptop,HP Laptop,iPad Pro ,,,,,,,,,,,,,,,,,,,,,,,,,,,,,
HP Laptop,Epson Black Ink,Apple Earpods,Backlit LED Gaming Keyboard,,,,,,,,,,,,,,,,,,,,,,,,,,,,
iMac,Apple Wireless Keyboard,Dell Laptop,Microsoft Wireless Desktop Keyboard and Mouse,,,,,,,,,,,,,,,,,,,,,,,,,,,,
Apple MacBook Air,Wireless Portable Mouse,Dell Laptop,,,,,,,,,,,,,,,,,,,,,,,,,,,,,
Apple MacBook Air,,,,,,,,,,,,,,,,,,,,,,,,,,,,,,,
Samsung Galaxy Tablet,iPad Pro ,,,,,,,,,,,,,,,,,,,,,,,,,,,,,,
Apple MacBook Air,,,,,,,,,,,,,,,,,,,,,,,,,,,,,,,
Backlit LED Gaming Keyboard,,,,,,,,,,,,,,,,,,,,,,,,,,,,,,,
iMac,,,,,,,,,,,,,,,,,,,,,,,,,,,,,,,
Lenovo Desktop Computer,Apple MacBook Air,,,,,,,,,,,,,,,,,,,,,,,,,,,,,,
Cambridge Bluetooth Speaker,,,,,,,,,,,,,,,,,,,,,,,,,,,,,,,
HP Laptop,,,,,,,,,,,,,,,,,,,,,,,,,,,,,,,
iMac,,,,,,,,,,,,,,,,,,,,,,,,,,,,,,,
HP Laptop,iMac,Apple Magic Keyboard,Apple Wireless Keyboard,Halter Mesh Metal Monitor Stand,,,,,,,,,,,,,,,,,,,,,,,,,,,
Apple Earpods,,,,,,,,,,,,,,,,,,,,,,,,,,,,,,,
ASUS 2 Monitor,HP Wireless Printer,CYBERPOWER Gamer Desktop,PC Gaming Headset,JBL Splashproof Portable Bluetooth Speaker,,,,,,,,,,,,,,,,,,,,,,,,,,,
iMac,Sonos,Computer Game,,,,,,,,,,,,,,,,,,,,,,,,,,,,,
Apple MacBook Pro,Apple MacBook Air,LG Touchscreen Laptop,HP Desktop,Microsoft Wireless Desktop Keyboard and Mouse,,,,,,,,,,,,,,,,,,,,,,,,,,,
Acer Aspire,Computer Game,HP Desktop,Microsoft Wireless Desktop Keyboard and Mouse,,,,,,,,,,,,,,,,,,,,,,,,,,,,
Microsoft Office Home and Student 2016,,,,,,,,,,,,,,,,,,,,,,,,,,,,,,,
Backlit LED Gaming Keyboard,,,,,,,,,,,,,,,,,,,,,,,,,,,,,,,
Eluktronics Pro Gaming Laptop,Dell 2 Desktop,HP Wireless Printer,Apple Magic Keyboard,Microsoft Wireless Desktop Keyboard and Mouse,,,,,,,,,,,,,,,,,,,,,,,,,,,
Zombie Gaming Headset,,,,,,,,,,,,,,,,,,,,,,,,,,,,,,,
Canon Ink ,,,,,,,,,,,,,,,,,,,,,,,,,,,,,,,
LG Monitor,ViewSonic Monitor,HP Black & Tri-color Ink ,iMac,Epson Printer,CYBERPOWER Gamer Desktop,Fire TV Stick,Zombie Gaming Headset,Halter Mesh Metal Monitor Stand,,,,,,,,,,,,,,,,,,,,,,,
Apple MacBook Air,,,,,,,,,,,,,,,,,,,,,,,,,,,,,,,
Samsung Monitor,Dell Desktop, Intel Desktop ,3-Button Mouse,Apple MacBook Pro,,,,,,,,,,,,,,,,,,,,,,,,,,,
Koss Home Headphones,Cambridge Bluetooth Speaker,Microsoft Office Home and Student 2016,CYBERPOWER Gamer Desktop,Redragon Gaming Mouse,,,,,,,,,,,,,,,,,,,,,,,,,,,
Ethernet Cable,,,,,,,,,,,,,,,,,,,,,,,,,,,,,,,
Acer Monitor,HDMI Cable 6ft,Otium Wireless Sports Bluetooth Headphone,Acer Desktop,Dell 2 Desktop,Bose Companion Speakers,Koss Home Headphones,Panasonic In-Ear Headphone , Intel Desktop ,Epson Printer,Ailihen Stereo Headphones,AOC Monitor,Logitech 3-button Mouse,Dell Desktop,Samsung Charging Cable,Fire TV Stick,Halter Acrylic Monitor Stand,APIE Bluetooth Headphone,HP Monitor,HP Desktop,Multi Media Stand,,,,,,,,,,,
Acer Monitor,iMac,CYBERPOWER Gamer Desktop,DYMO Labeling Tape ,Microsoft Wireless Desktop Keyboard and Mouse,,,,,,,,,,,,,,,,,,,,,,,,,,,
Dell 2 Desktop,Lenovo Desktop Computer,Google Home,,,,,,,,,,,,,,,,,,,,,,,,,,,,,
Sonos,,,,,,,,,,,,,,,,,,,,,,,,,,,,,,,
Samsung Monitor,Otium Wireless Sports Bluetooth Headphone,,,,,,,,,,,,,,,,,,,,,,,,,,,,,,
iMac,Lenovo Desktop Computer,iPad ,,,,,,,,,,,,,,,,,,,,,,,,,,,,,
Bose Companion Speakers,,,,,,,,,,,,,,,,,,,,,,,,,,,,,,,
iMac,,,,,,,,,,,,,,,,,,,,,,,,,,,,,,,
Otium Wireless Sports Bluetooth Headphone,Epson Printer,Apple Earpods,,,,,,,,,,,,,,,,,,,,,,,,,,,,,
ASUS Chromebook,Acer Aspire,Dell Desktop,ViewSonic Monitor,HP Laptop,iMac,Apple Magic Keyboard, Intel Desktop ,CYBERPOWER Gamer Desktop,Mackie CR Speakers,DOSS Touch Wireless Bluetooth,Smart Light Bulb,Zombie Gaming Headset,,,,,,,,,,,,,,,,,,,
Lenovo Desktop Computer,Lenovo Desktop Computer,Apple Wireless Keyboard,HP Desktop,USB Cable,Brother Printer,,,,,,,,,,,,,,,,,,,,,,,,,,
Apple MacBook Air,Microsoft Wireless Desktop Keyboard and Mouse,,,,,,,,,,,,,,,,,,,,,,,,,,,,,,
Logitech MK270 Wireless Keyboard and Mouse Combo,Dell Laptop,,,,,,,,,,,,,,,,,,,,,,,,,,,,,,
iMac,,,,,,,,,,,,,,,,,,,,,,,,,,,,,,,
iMac,Microsoft Office Home and Student 2016,,,,,,,,,,,,,,,,,,,,,,,,,,,,,,
Apple MacBook Air,,,,,,,,,,,,,,,,,,,,,,,,,,,,,,,
Dell Desktop,Acer Desktop,,,,,,,,,,,,,,,,,,,,,,,,,,,,,,
Computer Game,Etekcity Power Extension Cord Cable,HP USB Keyboard ,Apple MacBook Pro,Apple TV,Microsoft Wireless Desktop Keyboard and Mouse,,,,,,,,,,,,,,,,,,,,,,,,,,
iMac,Alienware Laptop, Intel Desktop ,HP Monitor,,,,,,,,,,,,,,,,,,,,,,,,,,,,
HP Wireless Mouse,ASUS Monitor,,,,,,,,,,,,,,,,,,,,,,,,,,,,,,
HP Laptop,iPad ,,,,,,,,,,,,,,,,,,,,,,,,,,,,,,
Acer Aspire,Logitech MK550 Wireless Wave Keyboard and Mouse Combo,,,,,,,,,,,,,,,,,,,,,,,,,,,,,,
LG Touchscreen Laptop,,,,,,,,,,,,,,,,,,,,,,,,,,,,,,,
LG Monitor,Acer Aspire,Dell Desktop,Logitech MK270 Wireless Keyboard and Mouse Combo,ViewSonic Monitor, Intel Desktop ,APIE Bluetooth Headphone,Apple MacBook Pro,HP Monitor,Apple MacBook Air,,,,,,,,,,,,,,,,,,,,,,
iMac,,,,,,,,,,,,,,,,,,,,,,,,,,,,,,,
iPad,Brother Printer,,,,,,,,,,,,,,,,,,,,,,,,,,,,,,
HP Wireless Mouse,Apple Earpods,Large Mouse Pad,Backlit LED Gaming Keyboard,Microsoft Wireless Desktop Keyboard and Mouse,,,,,,,,,,,,,,,,,,,,,,,,,,,
Acer Aspire,Alienware Laptop,AOC Monitor,Halter Acrylic Monitor Stand,Apple MacBook Pro,EagleTec Wireless Combo Keyboard and Mouse,Samsung Galaxy Tablet,,,,,,,,,,,,,,,,,,,,,,,,,
Logitech MK270 Wireless Keyboard and Mouse Combo,CYBERPOWER Gamer Desktop,ASUS Desktop,iPad,,,,,,,,,,,,,,,,,,,,,,,,,,,,
CYBERPOWER Gamer Desktop,,,,,,,,,,,,,,,,,,,,,,,,,,,,,,,
Eluktronics Pro Gaming Laptop,Dell Desktop,Computer Game,Full Motion Monitor Mount,Apple Earpods,iPad,Microsoft Wireless Desktop Keyboard and Mouse,,,,,,,,,,,,,,,,,,,,,,,,,
HP Laptop,,,,,,,,,,,,,,,,,,,,,,,,,,,,,,,
iPad,,,,,,,,,,,,,,,,,,,,,,,,,,,,,,,
Samsung Monitor,HP Laptop,Slim 2TB Portable External Hard Drive,CYBERPOWER Gamer Desktop,Dell KM117 Wireless Keyboard & Mouse,Dell Laptop,Microsoft Wireless Desktop Keyboard and Mouse,,,,,,,,,,,,,,,,,,,,,,,,,
LG Monitor,Computer Game,Lenovo Desktop Computer,,,,,,,,,,,,,,,,,,,,,,,,,,,,,
Computer Game,HP Laptop,iMac,Lenovo Desktop Computer,Apple Magic Keyboard,Logitech Multimedia Speakers,Apple TV,1TB Portable External Hard Drive,,,,,,,,,,,,,,,,,,,,,,,,
ASUS Chromebook,Acer Aspire,Logitech MK270 Wireless Keyboard and Mouse Combo,ViewSonic Monitor,CYBERPOWER Gamer Desktop,HP USB Keyboard ,Dell Laptop,,,,,,,,,,,,,,,,,,,,,,,,,
Lenovo Desktop Computer,Apple MacBook Pro,LG Touchscreen Laptop,,,,,,,,,,,,,,,,,,,,,,,,,,,,,
EagleTec Wireless Combo Keyboard and Mouse,,,,,,,,,,,,,,,,,,,,,,,,,,,,,,,
Acer Aspire,,,,,,,,,,,,,,,,,,,,,,,,,,,,,,,
Brother Printer Toner,,,,,,,,,,,,,,,,,,,,,,,,,,,,,,,
Apple Earpods,,,,,,,,,,,,,,,,,,,,,,,,,,,,,,,
Acer Monitor,Acer Aspire,HP Laptop,Bose Companion Speakers,Zombie Gaming Headset,PC Gaming Headset,Backlit LED Gaming Keyboard,,,,,,,,,,,,,,,,,,,,,,,,,
AOC Monitor,HP Desktop,,,,,,,,,,,,,,,,,,,,,,,,,,,,,,
LG Touchscreen Laptop,,,,,,,,,,,,,,,,,,,,,,,,,,,,,,,
Ailihen Stereo Headphones,Acer Aspire,Dell Desktop,HP Laptop,Etekcity Power Extension Cord Cable,Belkin Mouse Pad,LG Touchscreen Laptop,,,,,,,,,,,,,,,,,,,,,,,,,
HDMI Cable 6ft,,,,,,,,,,,,,,,,,,,,,,,,,,,,,,,
Slim 2TB Portable External Hard Drive,CYBERPOWER Gamer Desktop,Apple MacBook Pro,,,,,,,,,,,,,,,,,,,,,,,,,,,,,
Apple Earpods,Dell Laptop,Microsoft Wireless Desktop Keyboard and Mouse,,,,,,,,,,,,,,,,,,,,,,,,,,,,,
Panasonic In-Ear Headphone ,Apple MacBook Air,,,,,,,,,,,,,,,,,,,,,,,,,,,,,,
Dell Desktop,Wireless Portable Mouse,Backlit LED Gaming Keyboard,,,,,,,,,,,,,,,,,,,,,,,,,,,,,
CYBERPOWER Gamer Desktop,Apple Earpods,,,,,,,,,,,,,,,,,,,,,,,,,,,,,,
Wireless Portable Mouse,,,,,,,,,,,,,,,,,,,,,,,,,,,,,,,
Apple MacBook Air,,,,,,,,,,,,,,,,,,,,,,,,,,,,,,,
Eluktronics Pro Gaming Laptop,Koss Home Headphones,Logitech MK550 Wireless Wave Keyboard and Mouse Combo,Smart Light Bulb,XIBERIA Gaming Headset,Apple TV,,,,,,,,,,,,,,,,,,,,,,,,,,
HP Laptop,Cambridge Bluetooth Speaker,Apple Earpods,,,,,,,,,,,,,,,,,,,,,,,,,,,,,
ViewSonic Monitor,Lenovo Desktop Computer,Bose Companion Speakers,CYBERPOWER Gamer Desktop,,,,,,,,,,,,,,,,,,,,,,,,,,,,
iMac,iPad Pro ,,,,,,,,,,,,,,,,,,,,,,,,,,,,,,
Apple MacBook Air,PC Gaming Headset,,,,,,,,,,,,,,,,,,,,,,,,,,,,,,
Samsung Monitor,ASUS 2 Monitor,,,,,,,,,,,,,,,,,,,,,,,,,,,,,,
Samsung Monitor,HP Wireless Mouse,HP Laptop,Koss Home Headphones,Epson Printer,HP Notebook Touchscreen Laptop PC,Apple Earpods,Microsoft Wireless Desktop Keyboard and Mouse,,,,,,,,,,,,,,,,,,,,,,,,
iMac,,,,,,,,,,,,,,,,,,,,,,,,,,,,,,,
Microsoft Office Home and Student 2016,Apple Wireless Keyboard,,,,,,,,,,,,,,,,,,,,,,,,,,,,,,
Kensington Headphones ,HP Laptop,APIE Bluetooth Headphone,Acer Desktop,Dell Laptop,Backlit LED Gaming Keyboard,,,,,,,,,,,,,,,,,,,,,,,,,,
HP USB Keyboard ,,,,,,,,,,,,,,,,,,,,,,,,,,,,,,,
HDMI Cable 6ft,Dell Desktop,Acer Desktop,HP Laptop,Bose Companion Speakers,Panasonic In-Ear Headphone ,Microsoft Office Home and Student 2016,AOC Monitor,HP Monitor,,,,,,,,,,,,,,,,,,,,,,,
Apple MacBook Air,iPhone Charger Cable,Dell KM117 Wireless Keyboard & Mouse,Wireless Portable Mouse,iPad,iPad Pro ,Microsoft Wireless Desktop Keyboard and Mouse,,,,,,,,,,,,,,,,,,,,,,,,,
Sonos,Microsoft Office Home and Student 2016,CYBERPOWER Gamer Desktop,Apple MacBook Pro,Apple Earpods,Apple MacBook Air,Monster Beats By Dr Dre,Microsoft Wireless Desktop Keyboard and Mouse,,,,,,,,,,,,,,,,,,,,,,,,
Apple Wireless Keyboard,Zombie Gaming Headset,,,,,,,,,,,,,,,,,,,,,,,,,,,,,,
ASUS Chromebook,Apple Wired Keyboard,CYBERPOWER Gamer Desktop,LG Touchscreen Laptop,Microsoft Wireless Desktop Keyboard and Mouse,,,,,,,,,,,,,,,,,,,,,,,,,,,
Ailihen Stereo Headphones,,,,,,,,,,,,,,,,,,,,,,,,,,,,,,,
Apple MacBook Air,,,,,,,,,,,,,,,,,,,,,,,,,,,,,,,
Computer Game,HP Monitor,,,,,,,,,,,,,,,,,,,,,,,,,,,,,,
HP Wireless Mouse,Apple MacBook Air,,,,,,,,,,,,,,,,,,,,,,,,,,,,,,
ASUS Chromebook,HP Laptop,iMac,Sonos,,,,,,,,,,,,,,,,,,,,,,,,,,,,
Otium Wireless Sports Bluetooth Headphone,HP Laptop,HP Wireless Printer,Lenovo Desktop Computer,Microsoft Office Home and Student 2016,CYBERPOWER Gamer Desktop,Etekcity Power Extension Cord Cable,APIE Bluetooth Headphone,Apple Wireless Keyboard,Apple MacBook Pro,HP Monitor,Apple MacBook Air,,,,,,,,,,,,,,,,,,,,
Microsoft Headset,iPad Pro ,,,,,,,,,,,,,,,,,,,,,,,,,,,,,,
CYBERPOWER Gamer Desktop,JBL Splashproof Portable Bluetooth Speaker,,,,,,,,,,,,,,,,,,,,,,,,,,,,,,
Acer Monitor,Samsung Monitor,HP Laptop,Lenovo Desktop Computer,CYBERPOWER Gamer Desktop,AOC Monitor,,,,,,,,,,,,,,,,,,,,,,,,,,
iMac,Epson Printer,,,,,,,,,,,,,,,,,,,,,,,,,,,,,,
Apple MacBook Air,HP Desktop,,,,,,,,,,,,,,,,,,,,,,,,,,,,,,
Apple MacBook Air,Dell KM117 Wireless Keyboard & Mouse,,,,,,,,,,,,,,,,,,,,,,,,,,,,,,
Dell Laptop,,,,,,,,,,,,,,,,,,,,,,,,,,,,,,,
Bose Companion Speakers,HP Desktop,,,,,,,,,,,,,,,,,,,,,,,,,,,,,,
Slim 2TB Portable External Hard Drive, Intel Desktop ,,,,,,,,,,,,,,,,,,,,,,,,,,,,,,
Apple Earpods,,,,,,,,,,,,,,,,,,,,,,,,,,,,,,,
ViewSonic Monitor,iMac,ASUS Desktop,DYMO Labeling Tape ,,,,,,,,,,,,,,,,,,,,,,,,,,,,
Samsung Monitor,CYBERPOWER Gamer Desktop,Apple Wireless Keyboard,,,,,,,,,,,,,,,,,,,,,,,,,,,,,
CYBERPOWER Gamer Desktop,,,,,,,,,,,,,,,,,,,,,,,,,,,,,,,
Dell Desktop,Lenovo Desktop Computer,Apple MacBook Pro,Dell Laptop,,,,,,,,,,,,,,,,,,,,,,,,,,,,
Acer Aspire,Logitech MK270 Wireless Keyboard and Mouse Combo,Computer Game,HP Laptop,Apple Magic Keyboard, Intel Desktop ,Height-Adjustable Standing Desk,Epson Printer,Sonos,Fire HD Tablet,HP Notebook Touchscreen Laptop PC,,Apple Wireless Keyboard,Logitech Wireless Keyboard,ASUS Desktop,Wireless Portable Mouse,Dell Laptop,iPad,Apple TV,Gaming Mouse Professional,Brother Printer,,,,,,,,,,,
Slim Wireless Mouse,,,,,,,,,,,,,,,,,,,,,,,,,,,,,,,
HP Laptop,Mackie CR Speakers,Apple Wireless Keyboard,Dell Laptop,PC Gaming Headset,Brother Printer,Microsoft Wireless Desktop Keyboard and Mouse,,,,,,,,,,,,,,,,,,,,,,,,,
Apple MacBook Air,,,,,,,,,,,,,,,,,,,,,,,,,,,,,,,
Dell Laptop,,,,,,,,,,,,,,,,,,,,,,,,,,,,,,,
Computer Game,Apple Magic Keyboard,Backlit LED Gaming Keyboard,,,,,,,,,,,,,,,,,,,,,,,,,,,,,
Samsung Galaxy Tablet,,,,,,,,,,,,,,,,,,,,,,,,,,,,,,,
HP Wireless Mouse,Epson Printer,Dell Laptop,Logitech ClearChat Headset,Microsoft Wireless Desktop Keyboard and Mouse,,,,,,,,,,,,,,,,,,,,,,,,,,,
iMac,Apple Earpods,HP Monitor,Microsoft Wireless Desktop Keyboard and Mouse,,,,,,,,,,,,,,,,,,,,,,,,,,,,
AOC Monitor,,,,,,,,,,,,,,,,,,,,,,,,,,,,,,,
LG Monitor,HP Laptop,Apple Magic Keyboard,Epson Printer,Generic Black 3-Button,Redragon Gaming Mouse,HP Monitor,Rii LED Keyboard,Dell Laptop,HP Desktop,iPad Pro ,Backlit LED Gaming Keyboard,Microsoft Wireless Desktop Keyboard and Mouse,,,,,,,,,,,,,,,,,,,
Otium Wireless Sports Bluetooth Headphone,iMac,Microsoft Office Home and Student 2016,3-Button Mouse,,,,,,,,,,,,,,,,,,,,,,,,,,,,
HP Laptop,Epson Black Ink,Apple Earpods,Acer Desktop,,,,,,,,,,,,,,,,,,,,,,,,,,,,
iMac,Cambridge Bluetooth Speaker,AOC Monitor,Apple MacBook Pro,Apple Earpods,iPad,,,,,,,,,,,,,,,,,,,,,,,,,,
ASUS Chromebook,ViewSonic Monitor,HP Laptop,Apple MacBook Pro,Apple Earpods,,,,,,,,,,,,,,,,,,,,,,,,,,,
Acer Monitor,Samsung Monitor,Lenovo Desktop Computer,AOC Monitor,Apple MacBook Pro,Apple Earpods,Microsoft Wireless Desktop Keyboard and Mouse,,,,,,,,,,,,,,,,,,,,,,,,,
Samsung Monitor,HDMI Cable 6ft,ASUS 2 Monitor,Apple Earpods,Rii LED Keyboard,Microsoft Wireless Desktop Keyboard and Mouse,,,,,,,,,,,,,,,,,,,,,,,,,,
3-Button Mouse,Apple MacBook Air,,,,,,,,,,,,,,,,,,,,,,,,,,,,,,
iPad Pro ,,,,,,,,,,,,,,,,,,,,,,,,,,,,,,,
Halter Acrylic Monitor Stand,Apple MacBook Air,Dell Laptop,,,,,,,,,,,,,,,,,,,,,,,,,,,,,
Apple MacBook Air,,,,,,,,,,,,,,,,,,,,,,,,,,,,,,,
Acer Aspire,Dell Desktop,Logitech 3-button Mouse,Samsung Charging Cable,Apple Earpods,iPad Pro ,Microsoft Wireless Desktop Keyboard and Mouse,,,,,,,,,,,,,,,,,,,,,,,,,
iMac,Logitech 3-button Mouse,Lenovo Desktop Computer,Dell Desktop,,,,,,,,,,,,,,,,,,,,,,,,,,,,
iMac,ASUS Monitor,,,,,,,,,,,,,,,,,,,,,,,,,,,,,,
Acer Monitor,Computer Game,Alienware Laptop,HP Notebook Touchscreen Laptop PC,Computer Game,Apple Earpods,Microsoft Wireless Desktop Keyboard and Mouse,,,,,,,,,,,,,,,,,,,,,,,,,
Dell Desktop,Logitech MK270 Wireless Keyboard and Mouse Combo,Cambridge Bluetooth Speaker,Logitech 3-button Mouse,Apple MacBook Pro,Apple Earpods,Microsoft Wireless Desktop Keyboard and Mouse,,,,,,,,,,,,,,,,,,,,,,,,,
Apple Wireless Keyboard,,,,,,,,,,,,,,,,,,,,,,,,,,,,,,,
HP Black & Tri-color Ink ,ASUS Monitor,Dell Laptop,,,,,,,,,,,,,,,,,,,,,,,,,,,,,
Samsung Monitor,ViewSonic Monitor,HP Desktop,PC Gaming Headset,,,,,,,,,,,,,,,,,,,,,,,,,,,,
ViewSonic Monitor,HP Black & Tri-color Ink ,iMac,ASUS 2 Monitor,Epson Printer,Logitech Keyboard,Fire TV Stick,HP Monitor,,,,,,,,,,,,,,,,,,,,,,,,
ASUS 2 Monitor,Lenovo Desktop Computer,AOC Monitor,Logitech 3-button Mouse,Rii LED Gaming Keyboard & Mouse Combo ,Microsoft Office Home and Student 2016,Dell KM117 Wireless Keyboard & Mouse,Microsoft Wireless Desktop Keyboard and Mouse,,,,,,,,,,,,,,,,,,,,,,,,
HP Wireless Printer,Acer Desktop,HP Monitor,Microsoft Wireless Comfort Keyboard and Mouse,Microsoft Wireless Desktop Keyboard and Mouse,,,,,,,,,,,,,,,,,,,,,,,,,,,
Dell Desktop,Acer Desktop,iMac,CYBERPOWER Gamer Desktop,Logitech 3-button Mouse,Apple Earpods,Microsoft Headset,,,,,,,,,,,,,,,,,,,,,,,,,
3-Button Mouse,,,,,,,,,,,,,,,,,,,,,,,,,,,,,,,
CYBERPOWER Gamer Desktop,Apple Earpods,2TB Portable External Hard Drive,,,,,,,,,,,,,,,,,,,,,,,,,,,,,
CYBERPOWER Gamer Desktop,Apple MacBook Air,,,,,,,,,,,,,,,,,,,,,,,,,,,,,,
Eluktronics Pro Gaming Laptop,HP Laptop,ASUS 2 Monitor,CYBERPOWER Gamer Desktop,Apple MacBook Air,HP Desktop,,,,,,,,,,,,,,,,,,,,,,,,,,
3-Button Mouse,,,,,,,,,,,,,,,,,,,,,,,,,,,,,,,
Acer Desktop,,,,,,,,,,,,,,,,,,,,,,,,,,,,,,,
Apple MacBook Pro,Apple MacBook Air,LG Touchscreen Laptop,,,,,,,,,,,,,,,,,,,,,,,,,,,,,
 Intel Desktop ,Logitech 3-button Mouse,XIBERIA Gaming Headset,Apple Earpods,Dell Laptop,,,,,,,,,,,,,,,,,,,,,,,,,,,
ViewSonic Monitor,Lenovo Desktop Computer,Apple Earpods,Microsoft Wireless Comfort Keyboard and Mouse,,,,,,,,,,,,,,,,,,,,,,,,,,,,
Apple MacBook Air,Slim Wireless Mouse,Dell Laptop,,,,,,,,,,,,,,,,,,,,,,,,,,,,,
iMac,ASUS Monitor,Lenovo Desktop Computer,CYBERPOWER Gamer Desktop,Apple Wireless Keyboard,HP Monitor,Zombie Gaming Headset,,,,,,,,,,,,,,,,,,,,,,,,,
CYBERPOWER Gamer Desktop,,,,,,,,,,,,,,,,,,,,,,,,,,,,,,,
ViewSonic Monitor,,,,,,,,,,,,,,,,,,,,,,,,,,,,,,,
Lenovo Desktop Computer,Rii LED Gaming Keyboard & Mouse Combo ,Dell Desktop,Smart Light Bulb,,,,,,,,,,,,,,,,,,,,,,,,,,,,
Lenovo Desktop Computer,Apple Magic Keyboard,Bose Companion Speakers,HP Monitor,Backlit LED Gaming Keyboard,,,,,,,,,,,,,,,,,,,,,,,,,,,
Samsung Monitor,CYBERPOWER Gamer Desktop,Belkin Mouse Pad,,,,,,,,,,,,,,,,,,,,,,,,,,,,,
HP Laptop, Intel Desktop ,CYBERPOWER Gamer Desktop,Belkin Mouse Pad,Audio Cable,Computer Game,,,,,,,,,,,,,,,,,,,,,,,,,,
Apple Wireless Keyboard,,,,,,,,,,,,,,,,,,,,,,,,,,,,,,,
ASUS Chromebook,Epson Printer,CYBERPOWER Gamer Desktop,Apple Earpods,Microsoft Headset,Rokono Mini Speaker,,,,,,,,,,,,,,,,,,,,,,,,,,
ASUS Chromebook,Dell Desktop,Apple Earpods,ASUS Desktop,Brother Printer,,,,,,,,,,,,,,,,,,,,,,,,,,,
Acer Desktop,Dell Wired Keyboard,Apple MacBook Pro,,,,,,,,,,,,,,,,,,,,,,,,,,,,,
Dell Desktop,Acer Desktop,Cambridge Bluetooth Speaker,USB Cable,,,,,,,,,,,,,,,,,,,,,,,,,,,,
LG Monitor,Apple MacBook Pro,,,,,,,,,,,,,,,,,,,,,,,,,,,,,,
LG Monitor,iMac,Lenovo Desktop Computer, Intel Desktop ,CYBERPOWER Gamer Desktop,Panasonic On-Ear Stereo Headphones,,,,,,,,,,,,,,,,,,,,,,,,,,
Samsung Monitor,ASUS Chromebook,Eluktronics Pro Gaming Laptop,Acer Desktop,ViewSonic Monitor,HP Black & Tri-color Ink ,HP Laptop,Lenovo Desktop Computer,Height-Adjustable Standing Desk,CYBERPOWER Gamer Desktop,JBL Splashproof Portable Bluetooth Speaker,,,,,,,,,,,,,,,,,,,,,
HP Wireless Mouse,ViewSonic Monitor,iMac,,,,,,,,,,,,,,,,,,,,,,,,,,,,,
Acer Monitor,ASUS Chromebook,HP Laptop,Cyber Acoustics,Belkin Mouse Pad,Halter Acrylic Monitor Stand,JBL Splashproof Portable Bluetooth Speaker,DYMO Labeling Tape ,,,,,,,,,,,,,,,,,,,,,,,,
HP Laptop,iMac,HP Wireless Printer, Intel Desktop ,Dell Desktop,JBL Splashproof Portable Bluetooth Speaker,,,,,,,,,,,,,,,,,,,,,,,,,,
Acer Desktop,HP Black & Tri-color Ink ,HP Laptop,Apple Magic Keyboard,Etekcity Power Extension Cord Cable,Apple MacBook Pro,,,,,,,,,,,,,,,,,,,,,,,,,,
iMac,Lenovo Desktop Computer,Apple MacBook Pro,,,,,,,,,,,,,,,,,,,,,,,,,,,,,
LG Monitor,Microsoft Wireless Desktop Keyboard and Mouse,,,,,,,,,,,,,,,,,,,,,,,,,,,,,,
Acer Desktop,Backlit LED Gaming Keyboard,,,,,,,,,,,,,,,,,,,,,,,,,,,,,,
Acer Desktop,HP Laptop,Apple Magic Keyboard,Panasonic In-Ear Headphone ,CYBERPOWER Gamer Desktop,,,,,,,,,,,,,,,,,,,,,,,,,,,
Acer Monitor,Otium Wireless Sports Bluetooth Headphone,HP Wireless Mouse,Acer Desktop,ViewSonic Monitor,Computer Game,Apple Magic Keyboard,Microsoft Office Home and Student 2016,Computer Game,Microsoft Wireless Desktop Keyboard and Mouse,,,,,,,,,,,,,,,,,,,,,,
Apple MacBook Air,,,,,,,,,,,,,,,,,,,,,,,,,,,,,,,
ASUS Monitor,Lenovo Desktop Computer,Epson Printer,Dell Monitor,Microsoft Basic Optical Mouse,,,,,,,,,,,,,,,,,,,,,,,,,,,
Samsung Monitor,Acer Aspire,Dell Desktop,Acer Desktop,HP Laptop,iMac,ASUS Monitor,Dell Wired Keyboard,Apple Wired Keyboard,3-Button Mouse,Halter Acrylic Monitor Stand,Apple MacBook Pro,Dell KM117 Wireless Keyboard & Mouse,Slim Wireless Mouse,ASUS Desktop,Dell Laptop,2TB Portable External Hard Drive,HP Laptop,Brother Printer,iPad Pro ,Epson Black Ink,,,,,,,,,,,
Otium Wireless Sports Bluetooth Headphone,Acer Aspire,Lenovo Desktop Computer,Epson Black Ink,Epson Printer,HP Notebook Touchscreen Laptop PC,XIBERIA Gaming Headset,Halter Acrylic Monitor Stand,,,,,,,,,,,,,,,,,,,,,,,,
HP USB Keyboard ,Zombie Gaming Headset,Brother Printer,iPad Pro ,Backlit LED Gaming Keyboard,Logitech Keyboard,,,,,,,,,,,,,,,,,,,,,,,,,,
Samsung Monitor,Eluktronics Pro Gaming Laptop,Belkin Mouse Pad,,,,,,,,,,,,,,,,,,,,,,,,,,,,,
Samsung Monitor,Apple Earpods,,,,,,,,,,,,,,,,,,,,,,,,,,,,,,
Acer Desktop,iMac, Intel Desktop ,CYBERPOWER Gamer Desktop,Dell Laptop,Dell Laptop,,,,,,,,,,,,,,,,,,,,,,,,,,
Dell Desktop,iMac,Cambridge Bluetooth Speaker,Logitech Keyboard,CYBERPOWER Gamer Desktop,Apple Earpods,Apple MacBook Air,Rii LED Keyboard,Zombie Gaming Headset,Logitech Keyboard,,,,,,,,,,,,,,,,,,,,,,
ASUS Chromebook,Acer Aspire,ASUS 2 Monitor,Alienware Laptop,,,,,,,,,,,,,,,,,,,,,,,,,,,,
iMac,ASUS Monitor,,,,,,,,,,,,,,,,,,,,,,,,,,,,,,
Acer Aspire,CYBERPOWER Gamer Desktop,,,,,,,,,,,,,,,,,,,,,,,,,,,,,,
3-Button Mouse,Apple Earpods,,,,,,,,,,,,,,,,,,,,,,,,,,,,,,
Cambridge Bluetooth Speaker,,,,,,,,,,,,,,,,,,,,,,,,,,,,,,,
Samsung Monitor,Dell Desktop,ViewSonic Monitor,iMac,Lenovo Desktop Computer,Dell Monitor,3-Button Mouse,,,,,,,,,,,,,,,,,,,,,,,,,
Samsung Monitor,LG Monitor,ViewSonic Monitor,ASUS 2 Monitor,Apple MacBook Pro,,,,,,,,,,,,,,,,,,,,,,,,,,,
iMac,CYBERPOWER Gamer Desktop,3-Button Mouse,,,,,,,,,,,,,,,,,,,,,,,,,,,,,
Slim 2TB Portable External Hard Drive, Intel Desktop ,,,,,,,,,,,,,,,,,,,,,,,,,,,,,,
Acer Aspire,Lenovo Desktop Computer,Backlit LED Gaming Keyboard,,,,,,,,,,,,,,,,,,,,,,,,,,,,,
Dell 2 Desktop,Lenovo Desktop Computer,Apple Magic Keyboard,Dell Desktop,,,,,,,,,,,,,,,,,,,,,,,,,,,,
Otium Wireless Sports Bluetooth Headphone,ASUS Monitor,Lenovo Desktop Computer,CYBERPOWER Gamer Desktop,Apple MacBook Pro,Apple Earpods,HP Monitor,,,,,,,,,,,,,,,,,,,,,,,,,
Apple MacBook Air,,,,,,,,,,,,,,,,,,,,,,,,,,,,,,,
CYBERPOWER Gamer Desktop,Apple Earpods,,,,,,,,,,,,,,,,,,,,,,,,,,,,,,
iMac,CYBERPOWER Gamer Desktop,Rii LED Gaming Keyboard & Mouse Combo ,DOSS Touch Wireless Bluetooth,Microsoft Wireless Desktop Keyboard and Mouse,,,,,,,,,,,,,,,,,,,,,,,,,,,
Acer Aspire,Dell Desktop,iMac,CYBERPOWER Gamer Desktop,Logitech 3-button Mouse,Apple MacBook Pro,,,,,,,,,,,,,,,,,,,,,,,,,,
Slim 2TB Portable External Hard Drive,Dell Wired Keyboard,Apple Wireless Keyboard,,,,,,,,,,,,,,,,,,,,,,,,,,,,,
Dell Desktop,,,,,,,,,,,,,,,,,,,,,,,,,,,,,,,
HP Laptop,Panasonic In-Ear Headphone ,CYBERPOWER Gamer Desktop,Apple MacBook Pro,Backlit LED Gaming Keyboard,,,,,,,,,,,,,,,,,,,,,,,,,,,
CYBERPOWER Gamer Desktop,,,,,,,,,,,,,,,,,,,,,,,,,,,,,,,
ASUS 2 Monitor,CYBERPOWER Gamer Desktop,,,,,,,,,,,,,,,,,,,,,,,,,,,,,,
Logitech MK270 Wireless Keyboard and Mouse Combo,Bose Companion Speakers,,,,,,,,,,,,,,,,,,,,,,,,,,,,,,
Apple MacBook Air,,,,,,,,,,,,,,,,,,,,,,,,,,,,,,,
Acer Desktop,HP Laptop,Belkin Mouse Pad,Rokono Mini Speaker,,,,,,,,,,,,,,,,,,,,,,,,,,,,
Apple MacBook Air,Microsoft Wireless Desktop Keyboard and Mouse,,,,,,,,,,,,,,,,,,,,,,,,,,,,,,
Apple Earpods,,,,,,,,,,,,,,,,,,,,,,,,,,,,,,,
Dell 2 Desktop,HP Wireless Printer,CYBERPOWER Gamer Desktop,Apple Earpods,LG Touchscreen Laptop,,,,,,,,,,,,,,,,,,,,,,,,,,,
Acer Desktop,,,,,,,,,,,,,,,,,,,,,,,,,,,,,,,
LG Monitor,ViewSonic Monitor,HP Laptop,iMac,Alienware Laptop,Lenovo Desktop Computer,Apple Magic Keyboard,CYBERPOWER Gamer Desktop,Rii LED Gaming Keyboard & Mouse Combo ,Redragon Gaming Mouse,Apple Wireless Keyboard,Wireless Portable Mouse,DYMO Labeling Tape ,Backlit LED Gaming Keyboard,,,,,,,,,,,,,,,,,,
CYBERPOWER Gamer Desktop,Apple MacBook Pro,,,,,,,,,,,,,,,,,,,,,,,,,,,,,,
Samsung Monitor,Apple MacBook Pro,LG Touchscreen Laptop,,,,,,,,,,,,,,,,,,,,,,,,,,,,,
Samsung Monitor,Dell Desktop,Computer Game,HP Laptop,Alienware Laptop,ASUS 2 Monitor,CYBERPOWER Gamer Desktop,Apple MacBook Pro,Gaming Mouse Professional,,,,,,,,,,,,,,,,,,,,,,,
Acer Desktop,CYBERPOWER Gamer Desktop,Apple Earpods,Canon Office Printer,,,,,,,,,,,,,,,,,,,,,,,,,,,,
Acer Monitor,Computer Game,Large Mouse Pad,iPad Pro ,,,,,,,,,,,,,,,,,,,,,,,,,,,,
ASUS Monitor,,,,,,,,,,,,,,,,,,,,,,,,,,,,,,,
Samsung Monitor,Dell Desktop,Logitech Wireless Mouse,iMac,ASUS 2 Monitor,Lenovo Desktop Computer,Koss Home Headphones,ASUS 2 Monitor,Epson Printer,Microsoft Office Home and Student 2016,CYBERPOWER Gamer Desktop,3-Button Mouse,Belkin Mouse Pad,Apple MacBook Pro,Dell Laptop,Brother Printer,Microsoft Wireless Desktop Keyboard and Mouse,,,,,,,,,,,,,,,
Samsung Monitor,Eluktronics Pro Gaming Laptop,iMac,ASUS Monitor,ASUS 2 Monitor,Dell Wired Keyboard,3-Button Mouse,Logitech MK360 Wireless Keyboard and Mouse Combo,Microsoft Wireless Desktop Keyboard and Mouse,,,,,,,,,,,,,,,,,,,,,,,
Acer Monitor,Samsung Monitor,HP Laptop,CYBERPOWER Gamer Desktop,Apple MacBook Pro,Apple MacBook Air,,,,,,,,,,,,,,,,,,,,,,,,,,
HP Wireless Mouse,Acer Aspire,HP Laptop,iMac,2TB Portable External Hard Drive,,,,,,,,,,,,,,,,,,,,,,,,,,,
iMac,3-Button Mouse,,,,,,,,,,,,,,,,,,,,,,,,,,,,,,
Dell 2 Desktop,iMac,ASUS 2 Monitor,Lenovo Desktop Computer,CYBERPOWER Gamer Desktop,3-Button Mouse,,Dell Laptop,,,,,,,,,,,,,,,,,,,,,,,,
ASUS Chromebook,,,,,,,,,,,,,,,,,,,,,,,,,,,,,,,
CYBERPOWER Gamer Desktop,Apple MacBook Air,,,,,,,,,,,,,,,,,,,,,,,,,,,,,,
ViewSonic Monitor,Apple MacBook Pro,LG Touchscreen Laptop,,,,,,,,,,,,,,,,,,,,,,,,,,,,,
Dell Desktop,ViewSonic Monitor,ASUS 2 Monitor,Lenovo Desktop Computer,Logitech Multimedia Speakers,Backlit LED Gaming Keyboard,,,,,,,,,,,,,,,,,,,,,,,,,,
ASUS Chromebook,HP Laptop,iMac,Microsoft Office Home and Student 2016,Belkin Mouse Pad,Microsoft Basic Optical Mouse,Apple MacBook Pro,Apple MacBook Air,Backlit LED Gaming Keyboard,,,,,,,,,,,,,,,,,,,,,,,
ASUS Chromebook,,,,,,,,,,,,,,,,,,,,,,,,,,,,,,,
Eluktronics Pro Gaming Laptop,HP Laptop,,,,,,,,,,,,,,,,,,,,,,,,,,,,,,
Acer Aspire,,,,,,,,,,,,,,,,,,,,,,,,,,,,,,,
Microsoft Office Home and Student 2016,CYBERPOWER Gamer Desktop,Rii LED Gaming Keyboard & Mouse Combo ,,,,,,,,,,,,,,,,,,,,,,,,,,,,,
HP Wireless Printer,HP Desktop,Backlit LED Gaming Keyboard,,,,,,,,,,,,,,,,,,,,,,,,,,,,,
Slim 2TB Portable External Hard Drive,Ailihen Stereo Headphones,Lenovo Desktop Computer,Dell Desktop,Logitech Stereo Headset ,,,,,,,,,,,,,,,,,,,,,,,,,,,
Samsung Monitor,HDMI Cable 6ft,ASUS Chromebook,Acer Aspire,Dell 2 Desktop,Lenovo Desktop Computer,Apple Wired Keyboard,CYBERPOWER Gamer Desktop,Redragon Gaming Mouse,Dell Laptop,HP Desktop,,,,,,,,,,,,,,,,,,,,,
CYBERPOWER Gamer Desktop,Belkin Mouse Pad,Apple MacBook Pro,Apple Earpods,Dell KM117 Wireless Keyboard & Mouse,Dell Laptop,iPad,Backlit LED Gaming Keyboard,,,,,,,,,,,,,,,,,,,,,,,,
Acer Monitor,CYBERPOWER Gamer Desktop,,,,,,,,,,,,,,,,,,,,,,,,,,,,,,
Acer Aspire,Dell Desktop,iMac,Lenovo Desktop Computer,,,,,,,,,,,,,,,,,,,,,,,,,,,,
LG Monitor,ASUS Chromebook,Logitech MK270 Wireless Keyboard and Mouse Combo,Dell 2 Desktop,ViewSonic Monitor,HP Laptop,Logitech Wireless Mouse,Lenovo Desktop Computer,Backlit LED Gaming Keyboard,,,,,,,,,,,,,,,,,,,,,,,
Monster Beats By Dr Dre,ASUS 2 Monitor,CYBERPOWER Gamer Desktop,Backlit LED Gaming Keyboard,,,,,,,,,,,,,,,,,,,,,,,,,,,,
Acer Monitor,Logitech Keyboard,CYBERPOWER Gamer Desktop,,,,,,,,,,,,,,,,,,,,,,,,,,,,,
iMac,iPad Pro ,,,,,,,,,,,,,,,,,,,,,,,,,,,,,,
iMac,Microsoft Wireless Desktop Keyboard and Mouse,,,,,,,,,,,,,,,,,,,,,,,,,,,,,,
LG Monitor,Belkin Mouse Pad,iPad,,,,,,,,,,,,,,,,,,,,,,,,,,,,,
Cyber Acoustics,,,,,,,,,,,,,,,,,,,,,,,,,,,,,,,
HP Monitor,,,,,,,,,,,,,,,,,,,,,,,,,,,,,,,
HP Wireless Mouse,ViewSonic Monitor,HP Laptop,CYBERPOWER Gamer Desktop,Apple MacBook Air,Dell KM117 Wireless Keyboard & Mouse,,,,,,,,,,,,,,,,,,,,,,,,,,
Logitech MK270 Wireless Keyboard and Mouse Combo,3-Button Mouse,Apple Wireless Keyboard,Kindle,,,,,,,,,,,,,,,,,,,,,,,,,,,,
Apple MacBook Pro,Apple MacBook Air,,,,,,,,,,,,,,,,,,,,,,,,,,,,,,
Acer Monitor,CYBERPOWER Gamer Desktop,Logitech 3-button Mouse,Apple Wireless Keyboard,Apple MacBook Pro,Apple Earpods,Apple MacBook Air,Dell Laptop,DYMO Labeling Tape ,Microsoft Wireless Desktop Keyboard and Mouse,,,,,,,,,,,,,,,,,,,,,,
Acer Monitor,Eluktronics Pro Gaming Laptop,ViewSonic Monitor,iMac,Lenovo Desktop Computer,Logitech 3-button Mouse,Dell Laptop,,,,,,,,,,,,,,,,,,,,,,,,,
Microsoft Wireless Desktop Keyboard and Mouse,,,,,,,,,,,,,,,,,,,,,,,,,,,,,,,
iMac,Lenovo Desktop Computer,Ailihen Stereo Headphones,Microsoft Office Home and Student 2016,AOC Monitor,Belkin Mouse Pad,HP Monitor,Wireless Portable Mouse,Canon Office Printer,Brother Printer,,,,,,,,,,,,,,,,,,,,,,
Samsung Monitor,Dell Desktop,Acer Desktop,Google Home,Sonos,CYBERPOWER Gamer Desktop,Apple Earpods,Dell Laptop,iPad,Microsoft Wireless Desktop Keyboard and Mouse,,,,,,,,,,,,,,,,,,,,,,
Epson Printer,,,,,,,,,,,,,,,,,,,,,,,,,,,,,,,
Acer Desktop, Intel Desktop ,CYBERPOWER Gamer Desktop,,,,,,,,,,,,,,,,,,,,,,,,,,,,,
Dell Desktop,iMac,Lenovo Desktop Computer,,,,,,,,,,,,,,,,,,,,,,,,,,,,,
Apple Magic Keyboard,Epson Printer,Rii LED Gaming Keyboard & Mouse Combo ,Halter Mesh Metal Monitor Stand,,,,,,,,,,,,,,,,,,,,,,,,,,,,
Dell Desktop,Cyber Acoustics,iPad,,,,,,,,,,,,,,,,,,,,,,,,,,,,,
Acer Monitor,Acer Desktop,HP Laptop,Lenovo Desktop Computer,,,,,,,,,,,,,,,,,,,,,,,,,,,,
Apple MacBook Pro,,,,,,,,,,,,,,,,,,,,,,,,,,,,,,,
Dell 2 Desktop,Apple Magic Keyboard,,,,,,,,,,,,,,,,,,,,,,,,,,,,,,
HP Wireless Mouse,iMac,CYBERPOWER Gamer Desktop,Cyber Acoustics,,,,,,,,,,,,,,,,,,,,,,,,,,,,
Slim 2TB Portable External Hard Drive,,,,,,,,,,,,,,,,,,,,,,,,,,,,,,,
HP Laptop,Dell Laptop,,,,,,,,,,,,,,,,,,,,,,,,,,,,,,
AOC Monitor,Acer Desktop,Apple MacBook Air,iPhone Charger Cable,Dell KM117 Wireless Keyboard & Mouse,,,,,,,,,,,,,,,,,,,,,,,,,,,
Acer Monitor,Lenovo Desktop Computer,Microsoft Office Home and Student 2016,,,,,,,,,,,,,,,,,,,,,,,,,,,,,
Apple Wireless Keyboard,,,,,,,,,,,,,,,,,,,,,,,,,,,,,,,
Acer Monitor,Samsung Monitor,,,,,,,,,,,,,,,,,,,,,,,,,,,,,,
Samsung Monitor,CYBERPOWER Gamer Desktop,,,,,,,,,,,,,,,,,,,,,,,,,,,,,,
Samsung Monitor,Logitech MK550 Wireless Wave Keyboard and Mouse Combo,Microsoft Wireless Desktop Keyboard and Mouse,,,,,,,,,,,,,,,,,,,,,,,,,,,,,
Apple Earpods,Dell Laptop,iPad,,,,,,,,,,,,,,,,,,,,,,,,,,,,,
Dell Desktop,ViewSonic Monitor,iMac,AOC Monitor,Apple Wireless Keyboard,,,,,,,,,,,,,,,,,,,,,,,,,,,
Acer Desktop,,,,,,,,,,,,,,,,,,,,,,,,,,,,,,,
Dell Desktop,Slim 2TB Portable External Hard Drive,,,,,,,,,,,,,,,,,,,,,,,,,,,,,,
ASUS Monitor,CYBERPOWER Gamer Desktop,Apple Earpods,HP Desktop,,,,,,,,,,,,,,,,,,,,,,,,,,,,
ASUS 2 Monitor, Intel Desktop ,CYBERPOWER Gamer Desktop,Rii LED Gaming Keyboard & Mouse Combo ,Belkin Mouse Pad,Redragon Gaming Mouse,Apple Wireless Keyboard,5TB Desktop Hard Drive,,,,,,,,,,,,,,,,,,,,,,,,
HP Laptop,CYBERPOWER Gamer Desktop,Halter Acrylic Monitor Stand,,,,,,,,,,,,,,,,,,,,,,,,,,,,,
HP Desktop,,,,,,,,,,,,,,,,,,,,,,,,,,,,,,,
ASUS 2 Monitor,3TB Portable External Hard Drive,,,,,,,,,,,,,,,,,,,,,,,,,,,,,,
ASUS Chromebook,iMac,Lenovo Desktop Computer,Logitech 3-button Mouse,Apple TV,JBL Splashproof Portable Bluetooth Speaker,,,,,,,,,,,,,,,,,,,,,,,,,,
iMac,Microsoft Wireless Desktop Keyboard and Mouse,,,,,,,,,,,,,,,,,,,,,,,,,,,,,,
Cambridge Bluetooth Speaker,Generic Black 3-Button,Microsoft Wireless Desktop Keyboard and Mouse,,,,,,,,,,,,,,,,,,,,,,,,,,,,,
Apple MacBook Pro,,,,,,,,,,,,,,,,,,,,,,,,,,,,,,,
Apple Earpods,Dell Laptop,,,,,,,,,,,,,,,,,,,,,,,,,,,,,,
LG Monitor,ASUS Chromebook,ViewSonic Monitor,HP Laptop,Bose Companion Speakers,Apple Wired Keyboard,Height-Adjustable Standing Desk,Microsoft Office Home and Student 2016,3TB Portable External Hard Drive,Etekcity Power Extension Cord Cable,Backlit LED Gaming Keyboard,Microsoft Wireless Desktop Keyboard and Mouse,,,,,,,,,,,,,,,,,,,,
iMac,ASUS 2 Monitor,CYBERPOWER Gamer Desktop,Apple MacBook Pro,HP Monitor,Eluktronics Pro Gaming Laptop,,,,,,,,,,,,,,,,,,,,,,,,,,
Microsoft Wireless Desktop Keyboard and Mouse,,,,,,,,,,,,,,,,,,,,,,,,,,,,,,,
Samsung Monitor,LG Monitor,ASUS Chromebook,Eluktronics Pro Gaming Laptop,ViewSonic Monitor,iMac,ASUS Monitor,HP Wireless Printer,Cyber Acoustics,Redragon Gaming Mouse,Dell Laptop,Sceptre Monitor,Microsoft Wireless Desktop Keyboard and Mouse,,,,,,,,,,,,,,,,,,,
Koss Home Headphones, Intel Desktop ,CYBERPOWER Gamer Desktop,Apple Earpods,HP Desktop,,,,,,,,,,,,,,,,,,,,,,,,,,,
Samsung Monitor,HP Laptop,CYBERPOWER Gamer Desktop,,,,,,,,,,,,,,,,,,,,,,,,,,,,,
Epson Printer,Dell Laptop,,,,,,,,,,,,,,,,,,,,,,,,,,,,,,
HP Wireless Mouse,Dell 2 Desktop,ViewSonic Monitor,iMac,ASUS Monitor,Apple Magic Keyboard,Generic Black 3-Button,iPad Pro ,Rokono Mini Speaker,Halter Mesh Metal Monitor Stand,,,,,,,,,,,,,,,,,,,,,,
Lenovo Desktop Computer,Epson Printer,Redragon Gaming Mouse,,,,,,,,,,,,,,,,,,,,,,,,,,,,,
iMac,Lenovo Desktop Computer,3-Button Mouse,Wireless Portable Mouse,,,,,,,,,,,,,,,,,,,,,,,,,,,,
CYBERPOWER Gamer Desktop,,,,,,,,,,,,,,,,,,,,,,,,,,,,,,,
Samsung Monitor,CYBERPOWER Gamer Desktop,Fire HD Tablet,,,,,,,,,,,,,,,,,,,,,,,,,,,,,
Lenovo Desktop Computer,HP USB Keyboard ,Backlit LED Gaming Keyboard,,,,,,,,,,,,,,,,,,,,,,,,,,,,,
LG Monitor,Ailihen Stereo Headphones,Acer Aspire,iMac,ASUS Desktop,,,,,,,,,,,,,,,,,,,,,,,,,,,
Dell Desktop,Dell 2 Desktop,Apple Magic Keyboard,,,,,,,,,,,,,,,,,,,,,,,,,,,,,
Samsung Monitor,Dell Desktop,Acer Desktop,ViewSonic Monitor,iMac,Lenovo Desktop Computer,CYBERPOWER Gamer Desktop,3-Button Mouse,Etekcity Power Extension Cord Cable,Apple Wireless Keyboard,HP Desktop,Apple TV,DYMO Labeling Tape ,Microsoft Wireless Desktop Keyboard and Mouse,,,,,,,,,,,,,,,,,,
Apple MacBook Air,,,,,,,,,,,,,,,,,,,,,,,,,,,,,,,
Logitech MK270 Wireless Keyboard and Mouse Combo, Intel Desktop ,,,,,,,,,,,,,,,,,,,,,,,,,,,,,,
Dell Desktop,iMac,Lenovo Desktop Computer,Apple Magic Keyboard,Cambridge Bluetooth Speaker,CYBERPOWER Gamer Desktop,Wireless Portable Mouse,Backlit LED Gaming Keyboard,Rokono Mini Speaker,,,,,,,,,,,,,,,,,,,,,,,
Lenovo Desktop Computer,,,,,,,,,,,,,,,,,,,,,,,,,,,,,,,
Acer Monitor,Dell Desktop,,,,,,,,,,,,,,,,,,,,,,,,,,,,,,
Samsung Monitor,Apple MacBook Air,iPhone Charger Cable,,,,,,,,,,,,,,,,,,,,,,,,,,,,,
LG Monitor,Dell Desktop,Acer Desktop,Apple MacBook Pro,Apple MacBook Air,,,,,,,,,,,,,,,,,,,,,,,,,,,
Apple Earpods,,,,,,,,,,,,,,,,,,,,,,,,,,,,,,,
Smart Light Bulb,Acer Desktop,Microsoft Wireless Desktop Keyboard and Mouse,,,,,,,,,,,,,,,,,,,,,,,,,,,,,
Acer Desktop,,,,,,,,,,,,,,,,,,,,,,,,,,,,,,,
Dell Wired Keyboard,Apple Earpods,,,,,,,,,,,,,,,,,,,,,,,,,,,,,,
LG Monitor,Eluktronics Pro Gaming Laptop,HP Laptop,Logitech 3-button Mouse,Logitech MK360 Wireless Keyboard and Mouse Combo,,,,,,,,,,,,,,,,,,,,,,,,,,,
 Intel Desktop ,CYBERPOWER Gamer Desktop,3TB Portable External Hard Drive,DYMO Label Manker  ,iPad Pro ,Backlit LED Gaming Keyboard,,,,,,,,,,,,,,,,,,,,,,,,,,
Dell Desktop,Computer Game,HP Laptop,iMac,Full Motion Monitor Mount,Apple Earpods,HP Monitor,Dell Laptop,Backlit LED Gaming Keyboard,,,,,,,,,,,,,,,,,,,,,,,
HDMI Adapter,Logitech Wireless Keyboard,Apple Earpods,,,,,,,,,,,,,,,,,,,,,,,,,,,,,
Acer Desktop,Brother Printer,,,,,,,,,,,,,,,,,,,,,,,,,,,,,,
Acer Monitor,Samsung Monitor,Otium Wireless Sports Bluetooth Headphone,iMac,Slim 2TB Portable External Hard Drive,Logitech MK550 Wireless Wave Keyboard and Mouse Combo,HP Monitor,Apple MacBook Air,EagleTec Wireless Combo Keyboard and Mouse,Dell Laptop,iPad Pro ,,,,,,,,,,,,,,,,,,,,,
Etekcity Power Extension Cord Cable,,,,,,,,,,,,,,,,,,,,,,,,,,,,,,,
iMac,Halter Acrylic Monitor Stand,Redragon Gaming Mouse,APIE Bluetooth Headphone,,,,,,,,,,,,,,,,,,,,,,,,,,,,
LG Monitor,HP Laptop,iMac,Logitech 3-button Mouse,3-Button Mouse,Apple Earpods,Acer Desktop,,,,,,,,,,,,,,,,,,,,,,,,,
Acer Monitor,Apple MacBook Pro,Acer Desktop,Apple MacBook Air,EagleTec Wireless Combo Keyboard and Mouse,,,,,,,,,,,,,,,,,,,,,,,,,,,
Microsoft Headset,Microsoft Wireless Desktop Keyboard and Mouse,,,,,,,,,,,,,,,,,,,,,,,,,,,,,,
HP Wireless Mouse,HP Laptop,iMac,3-Button Mouse,,,,,,,,,,,,,,,,,,,,,,,,,,,,
Epson Printer,,,,,,,,,,,,,,,,,,,,,,,,,,,,,,,
CYBERPOWER Gamer Desktop,,,,,,,,,,,,,,,,,,,,,,,,,,,,,,,
Lenovo Desktop Computer,Logitech Multimedia Speakers,HP Monitor,Brother Printer,,,,,,,,,,,,,,,,,,,,,,,,,,,,
Acer Monitor,Samsung Monitor,Dell Desktop,Acer Desktop,Logitech MK270 Wireless Keyboard and Mouse Combo,HP Laptop,iMac,ASUS Monitor,Lenovo Desktop Computer,Cambridge Bluetooth Speaker,Logitech 3-button Mouse,Dell KM117 Wireless Keyboard & Mouse,,,,,,,,,,,,,,,,,,,,
Samsung Monitor,Apple Earpods,,,,,,,,,,,,,,,,,,,,,,,,,,,,,,
Acer Aspire,Computer Game,Bose Companion Speakers,Logitech 3-button Mouse,3-Button Mouse,Apple MacBook Pro,HP Monitor,,,,,,,,,,,,,,,,,,,,,,,,,
HP Laptop,iMac,Lenovo Desktop Computer,Cambridge Bluetooth Speaker,Brother Printer Toner,Redragon Gaming Mouse,Apple Earpods,HP Monitor,Dell Laptop,Brother Printer,Backlit LED Gaming Keyboard,,,,,,,,,,,,,,,,,,,,,
iMac,Slim 2TB Portable External Hard Drive,,,,,,,,,,,,,,,,,,,,,,,,,,,,,,
Slim 2TB Portable External Hard Drive,CYBERPOWER Gamer Desktop,Microsoft Headset,,,,,,,,,,,,,,,,,,,,,,,,,,,,,
Logitech MK360 Wireless Keyboard and Mouse Combo,,,,,,,,,,,,,,,,,,,,,,,,,,,,,,,
Eluktronics Pro Gaming Laptop,HP Laptop,,,,,,,,,,,,,,,,,,,,,,,,,,,,,,
Samsung Monitor,CYBERPOWER Gamer Desktop,Canon Ink ,,,,,,,,,,,,,,,,,,,,,,,,,,,,,
Dell Desktop,Logitech MK270 Wireless Keyboard and Mouse Combo,Lenovo Desktop Computer,Epson Printer,Sonos,CYBERPOWER Gamer Desktop,Dell Desktop,Apple Earpods,Zombie Gaming Headset,Apple TV,,,,,,,,,,,,,,,,,,,,,,
iMac,Alienware Laptop,Logitech MK550 Wireless Wave Keyboard and Mouse Combo,Apple Wireless Keyboard,Dell Laptop,iPad,,,,,,,,,,,,,,,,,,,,,,,,,,
3-Button Mouse,Etekcity Power Extension Cord Cable,,,,,,,,,,,,,,,,,,,,,,,,,,,,,,
iMac,ASUS 2 Monitor,Apple Magic Keyboard, Intel Desktop ,AOC Monitor,Etekcity Power Extension Cord Cable,Dell Desktop,Smart Light Bulb,Redragon Gaming Mouse,Dell Laptop,Dell Laptop,,,,,,,,,,,,,,,,,,,,,
Cyber Acoustics,Samsung Charging Cable,Rii LED Keyboard,Logitech ClearChat Headset,iPad Pro ,,,,,,,,,,,,,,,,,,,,,,,,,,,
iMac,Lenovo Desktop Computer,Cambridge Bluetooth Speaker,Cyber Acoustics,Samsung Charging Cable,Halter Acrylic Monitor Stand,Redragon Gaming Mouse,APIE Bluetooth Headphone,Apple Earpods,,,,,,,,,,,,,,,,,,,,,,,
Dell Wired Keyboard,Apple MacBook Pro,Apple Earpods,,,,,,,,,,,,,,,,,,,,,,,,,,,,,
Logitech 3-button Mouse,,,,,,,,,,,,,,,,,,,,,,,,,,,,,,,
Cambridge Bluetooth Speaker,Apple MacBook Air,Dell KM117 Wireless Keyboard & Mouse,Slim Wireless Mouse,,,,,,,,,,,,,,,,,,,,,,,,,,,,
Samsung Monitor,Acer Aspire,Dell Desktop,Logitech MK270 Wireless Keyboard and Mouse Combo,HP Laptop,Logitech Wireless Mouse,ASUS Monitor,ASUS 2 Monitor,Alienware Laptop,Lenovo Desktop Computer,Logitech 3-button Mouse,Rii LED Gaming Keyboard & Mouse Combo ,HP Monitor,Wireless Portable Mouse,iPad,Microsoft Wireless Desktop Keyboard and Mouse,,,,,,,,,,,,,,,,
Dell Desktop,Cambridge Bluetooth Speaker,CYBERPOWER Gamer Desktop,iPad,Backlit LED Gaming Keyboard,,,,,,,,,,,,,,,,,,,,,,,,,,,
ASUS Chromebook,HP Laptop,Wireless Portable Mouse,Logitech Keyboard,,,,,,,,,,,,,,,,,,,,,,,,,,,,
Apple MacBook Air,iPhone Charger Cable,,,,,,,,,,,,,,,,,,,,,,,,,,,,,,
Microsoft Office Home and Student 2016,,,,,,,,,,,,,,,,,,,,,,,,,,,,,,,
EagleTec Wireless Combo Keyboard and Mouse,,,,,,,,,,,,,,,,,,,,,,,,,,,,,,,
Apple Earpods,Acer Desktop,Slim Wireless Mouse,Microsoft Headset,,,,,,,,,,,,,,,,,,,,,,,,,,,,
Samsung Monitor,CYBERPOWER Gamer Desktop,Apple Earpods,,,,,,,,,,,,,,,,,,,,,,,,,,,,,
Dell Laptop,,,,,,,,,,,,,,,,,,,,,,,,,,,,,,,
Dell Desktop,iMac,Alienware Laptop,Generic Black 3-Button,HP Monitor,ASUS Desktop,Dell Laptop,Apple TV,Backlit LED Gaming Keyboard,,,,,,,,,,,,,,,,,,,,,,,
ASUS Chromebook,Dell Desktop,Lenovo Desktop Computer,,,,,,,,,,,,,,,,,,,,,,,,,,,,,
Logitech 3-button Mouse,3-Button Mouse,Brother Printer Toner,HP USB Keyboard ,Apple Wireless Keyboard,HP Monitor,,,,,,,,,,,,,,,,,,,,,,,,,,
iMac,,,,,,,,,,,,,,,,,,,,,,,,,,,,,,,
Dell 2 Desktop,HP Laptop,Lenovo Desktop Computer,Bose Companion Speakers,CYBERPOWER Gamer Desktop,Apple MacBook Pro,Apple Earpods,,,,,,,,,,,,,,,,,,,,,,,,,
Acer Aspire,Acer Desktop,ASUS Monitor,HP Notebook Touchscreen Laptop PC,Apple MacBook Air,ASUS Desktop,HP Desktop,DYMO Label Manker  ,iPad Pro ,Roku Express,,,,,,,,,,,,,,,,,,,,,,
Apple Earpods,Dell Laptop,,,,,,,,,,,,,,,,,,,,,,,,,,,,,,
Eluktronics Pro Gaming Laptop,Logitech MK270 Wireless Keyboard and Mouse Combo,iMac,3-Button Mouse,Cyber Acoustics,Apple Earpods,,,,,,,,,,,,,,,,,,,,,,,,,,
Dell Laptop,,,,,,,,,,,,,,,,,,,,,,,,,,,,,,,
Logitech MK270 Wireless Keyboard and Mouse Combo,Large Mouse Pad,Wireless Portable Mouse,,,,,,,,,,,,,,,,,,,,,,,,,,,,,
Dell Desktop,ViewSonic Monitor,HP Laptop,iPad Pro ,,,,,,,,,,,,,,,,,,,,,,,,,,,,
Lenovo Desktop Computer,,,,,,,,,,,,,,,,,,,,,,,,,,,,,,,
Eluktronics Pro Gaming Laptop,ViewSonic Monitor,Lenovo Desktop Computer,Apple Magic Keyboard,Panasonic In-Ear Headphone ,Cyber Acoustics,Apple Earpods,Monster Beats By Dr Dre,Wireless Portable Mouse,,,,,,,,,,,,,,,,,,,,,,,
5TB Desktop Hard Drive,Kindle ,,,,,,,,,,,,,,,,,,,,,,,,,,,,,,
3-Button Mouse,Apple Earpods,Slim Wireless Mouse,Microsoft Wireless Comfort Keyboard and Mouse,Canon Office Printer,,,,,,,,,,,,,,,,,,,,,,,,,,,
Samsung Monitor,HP Laptop,Lenovo Desktop Computer,Redragon Gaming Mouse,Microsoft Headset,2TB Portable External Hard Drive,DYMO Labeling Tape ,,,,,,,,,,,,,,,,,,,,,,,,,
Samsung Monitor,HDMI Cable 6ft,Apple MacBook Pro,,,,,,,,,,,,,,,,,,,,,,,,,,,,,
Dell 2 Desktop,,,,,,,,,,,,,,,,,,,,,,,,,,,,,,,
Apple MacBook Air,,,,,,,,,,,,,,,,,,,,,,,,,,,,,,,
Acer Aspire,,,,,,,,,,,,,,,,,,,,,,,,,,,,,,,
CYBERPOWER Gamer Desktop,Apple Earpods,,,,,,,,,,,,,,,,,,,,,,,,,,,,,,
CYBERPOWER Gamer Desktop,Apple Earpods,Zombie Gaming Headset,,,,,,,,,,,,,,,,,,,,,,,,,,,,,
HP Wireless Mouse,HP Laptop,CYBERPOWER Gamer Desktop,Microsoft Wireless Desktop Keyboard and Mouse,,,,,,,,,,,,,,,,,,,,,,,,,,,,
Acer Monitor,Eluktronics Pro Gaming Laptop,iMac,Apple Wireless Keyboard,Apple MacBook Pro,Apple MacBook Air,Wireless Portable Mouse,Dell Laptop,,,,,,,,,,,,,,,,,,,,,,,,
CYBERPOWER Gamer Desktop,,,,,,,,,,,,,,,,,,,,,,,,,,,,,,,
Acer Aspire,iMac,Lenovo Desktop Computer,Apple Magic Keyboard,Redragon Gaming Mouse,Dell Laptop,2TB Portable External Hard Drive,,,,,,,,,,,,,,,,,,,,,,,,,
Apple Earpods,,,,,,,,,,,,,,,,,,,,,,,,,,,,,,,
ASUS Chromebook,ViewSonic Monitor,ASUS 2 Monitor,HP Wireless Printer,Wireless Portable Mouse,Apple TV,,,,,,,,,,,,,,,,,,,,,,,,,,
Wireless Portable Mouse,,,,,,,,,,,,,,,,,,,,,,,,,,,,,,,
iMac,Slim Wireless Mouse,,,,,,,,,,,,,,,,,,,,,,,,,,,,,,
Kensington Headphones ,,,,,,,,,,,,,,,,,,,,,,,,,,,,,,,
iMac,Apple Earpods,Apple TV,,,,,,,,,,,,,,,,,,,,,,,,,,,,,
HDMI Cable 6ft,Dell 2 Desktop,ViewSonic Monitor,iMac,Apple Magic Keyboard,Logitech 3-button Mouse,3-Button Mouse,Apple MacBook Air,iPad Pro ,,,,,,,,,,,,,,,,,,,,,,,
Dell Wired Keyboard,Logitech 3-button Mouse,,,,,,,,,,,,,,,,,,,,,,,,,,,,,,
Samsung Monitor,ViewSonic Monitor,,,,,,,,,,,,,,,,,,,,,,,,,,,,,,
ASUS 2 Monitor,JBL Splashproof Portable Bluetooth Speaker,,,,,,,,,,,,,,,,,,,,,,,,,,,,,,
Apple MacBook Air,,,,,,,,,,,,,,,,,,,,,,,,,,,,,,,
HP Wireless Printer,Logitech Keyboard,Etekcity Power Extension Cord Cable,Apple Earpods,Slim Wireless Mouse,Dell Laptop,DYMO Label Manker  ,,,,,,,,,,,,,,,,,,,,,,,,,
HP Wireless Mouse,HP Laptop,,,,,,,,,,,,,,,,,,,,,,,,,,,,,,
Apple MacBook Air,,,,,,,,,,,,,,,,,,,,,,,,,,,,,,,
Kensington Headphones ,Acer Desktop,Lenovo Desktop Computer,Dell Laptop,,,,,,,,,,,,,,,,,,,,,,,,,,,,
CYBERPOWER Gamer Desktop,Apple Earpods,Apple TV,,,,,,,,,,,,,,,,,,,,,,,,,,,,,
Apple Earpods,Philips Flexible Earhook Headphone,,,,,,,,,,,,,,,,,,,,,,,,,,,,,,
HP Monitor,Logitech Keyboard,Microsoft Wireless Desktop Keyboard and Mouse,,,,,,,,,,,,,,,,,,,,,,,,,,,,,
HP Laptop,HP Wireless Printer,AOC Monitor,,,,,,,,,,,,,,,,,,,,,,,,,,,,,
Epson Printer,Ailihen Stereo Headphones,,,,,,,,,,,,,,,,,,,,,,,,,,,,,,
Dell Desktop,iMac,ASUS 2 Monitor,HP Wireless Printer,3-Button Mouse,Apple Earpods,Acer Desktop,Brother Printer,Microsoft Wireless Desktop Keyboard and Mouse,,,,,,,,,,,,,,,,,,,,,,,
Epson Printer,PC Gaming Headset,Brother Printer,Backlit LED Gaming Keyboard,,,,,,,,,,,,,,,,,,,,,,,,,,,,
Eluktronics Pro Gaming Laptop,Apple Earpods,Philips Flexible Earhook Headphone,Logitech Keyboard,,,,,,,,,,,,,,,,,,,,,,,,,,,,
Acer Monitor,Otium Wireless Sports Bluetooth Headphone,HP Laptop,Fire HD Tablet,Apple MacBook Air,Zombie Gaming Headset,,,,,,,,,,,,,,,,,,,,,,,,,,
Lenovo Desktop Computer,CYBERPOWER Gamer Desktop,,,,,,,,,,,,,,,,,,,,,,,,,,,,,,
HP Laptop,Lenovo Desktop Computer,Apple Magic Keyboard,Wireless Portable Mouse,,,,,,,,,,,,,,,,,,,,,,,,,,,,
Samsung Monitor,Eluktronics Pro Gaming Laptop,Computer Game,HP Laptop,CYBERPOWER Gamer Desktop,Apple Wireless Keyboard,,,,,,,,,,,,,,,,,,,,,,,,,,
Samsung Monitor,Dell 2 Desktop,ASUS 2 Monitor,Apple Magic Keyboard,ASUS Desktop,HP Desktop,,,,,,,,,,,,,,,,,,,,,,,,,,
CYBERPOWER Gamer Desktop,Apple Earpods,,,,,,,,,,,,,,,,,,,,,,,,,,,,,,
HP Wireless Mouse,ASUS Desktop,Dell Laptop,,,,,,,,,,,,,,,,,,,,,,,,,,,,,
Acer Monitor,Dell Desktop,iMac,CYBERPOWER Gamer Desktop,Apple MacBook Pro,iPad Pro ,,,,,,,,,,,,,,,,,,,,,,,,,,
iMac,Logitech MK550 Wireless Wave Keyboard and Mouse Combo,Apple MacBook Air,,,,,,,,,,,,,,,,,,,,,,,,,,,,,
Apple MacBook Air,iPhone Charger Cable,,,,,,,,,,,,,,,,,,,,,,,,,,,,,,
Microsoft Wireless Desktop Keyboard and Mouse,,,,,,,,,,,,,,,,,,,,,,,,,,,,,,,
Samsung Monitor,iMac,Samsung Charging Cable,,,,,,,,,,,,,,,,,,,,,,,,,,,,,
Apple Earpods,,,,,,,,,,,,,,,,,,,,,,,,,,,,,,,
Dell Desktop,Acer Desktop,,,,,,,,,,,,,,,,,,,,,,,,,,,,,,
LG Monitor,Epson Printer,,,,,,,,,,,,,,,,,,,,,,,,,,,,,,
Logitech Keyboard,Apple Earpods,,,,,,,,,,,,,,,,,,,,,,,,,,,,,,
ASUS Chromebook,ViewSonic Monitor,LG Touchscreen Laptop,Microsoft Wireless Desktop Keyboard and Mouse,,,,,,,,,,,,,,,,,,,,,,,,,,,,
Acer Monitor,Samsung Monitor,Logitech MK360 Wireless Keyboard and Mouse Combo,,,,,,,,,,,,,,,,,,,,,,,,,,,,,
Apple MacBook Air,,,,,,,,,,,,,,,,,,,,,,,,,,,,,,,
Acer Desktop,Dell 2 Desktop,ViewSonic Monitor,iMac,ASUS 2 Monitor,Apple Magic Keyboard,Koss Home Headphones,Epson Printer,3-Button Mouse,,,,,,,,,,,,,,,,,,,,,,,
HP Wireless Mouse,Dell 2 Desktop,Epson Printer,Apple Wireless Keyboard,DYMO Labeling Tape ,,,,,,,,,,,,,,,,,,,,,,,,,,,
Acer Monitor,Samsung Monitor,3-Button Mouse,,,,,,,,,,,,,,,,,,,,,,,,,,,,,
Lenovo Desktop Computer,Ailihen Stereo Headphones,CYBERPOWER Gamer Desktop,,,,,,,,,,,,,,,,,,,,,,,,,,,,,
Sonos,AOC Monitor,Sceptre Monitor,,,,,,,,,,,,,,,,,,,,,,,,,,,,,
Dell Desktop,JBL Splashproof Portable Bluetooth Speaker,,,,,,,,,,,,,,,,,,,,,,,,,,,,,,
Cyber Acoustics,Apple Earpods,ASUS Desktop,,,,,,,,,,,,,,,,,,,,,,,,,,,,,
ViewSonic Monitor,iMac,Apple Magic Keyboard,Microsoft Office Home and Student 2016,Apple Earpods,HP Monitor,,,,,,,,,,,,,,,,,,,,,,,,,,
HP Laptop,ASUS Monitor,Apple Magic Keyboard,Dell Wired Keyboard,,,,,,,,,,,,,,,,,,,,,,,,,,,,
Apple Earpods,Apple MacBook Air,Backlit LED Gaming Keyboard,,,,,,,,,,,,,,,,,,,,,,,,,,,,,
Apple Earpods,Acer Desktop,Wireless Portable Mouse,Microsoft Wireless Desktop Keyboard and Mouse,,,,,,,,,,,,,,,,,,,,,,,,,,,,
Logitech MK270 Wireless Keyboard and Mouse Combo,Dell 2 Desktop,Alienware Laptop,Lenovo Desktop Computer,Logitech Keyboard,,,,,,,,,,,,,,,,,,,,,,,,,,,
Dell Laptop,,,,,,,,,,,,,,,,,,,,,,,,,,,,,,,
Acer Desktop,Sonos,Apple MacBook Pro,Apple Earpods,HP Monitor,Apple MacBook Air,,,,,,,,,,,,,,,,,,,,,,,,,,
Microsoft Headset,Dell Laptop,Dell Laptop,,,,,,,,,,,,,,,,,,,,,,,,,,,,,
Acer Monitor,HP Wireless Mouse,Acer Aspire,ViewSonic Monitor,Logitech Wireless Mouse,Microsoft Office Home and Student 2016,Logitech 3-button Mouse,Microsoft Office Home and Student 2016,Apple MacBook Pro,Wireless Portable Mouse,iPad Pro ,,,,,,,,,,,,,,,,,,,,,
Acer Monitor,ViewSonic Monitor,Computer Game,iMac,ASUS 2 Monitor,Alienware Laptop,Cambridge Bluetooth Speaker,Etekcity Power Extension Cord Cable,Apple Earpods,HP Monitor,Microsoft Wireless Desktop Keyboard and Mouse,,,,,,,,,,,,,,,,,,,,,
Acer Monitor,Acer Aspire,Dell Desktop,Lenovo Desktop Computer,Apple MacBook Pro,,,,,,,,,,,,,,,,,,,,,,,,,,,
Samsung Monitor,iMac,CYBERPOWER Gamer Desktop,,,,,,,,,,,,,,,,,,,,,,,,,,,,,
Otium Wireless Sports Bluetooth Headphone,Dell Desktop,ASUS Monitor,Lenovo Desktop Computer,Koss Home Headphones,Redragon Gaming Mouse,Apple MacBook Pro,Dell Laptop,Apple TV,iPad Pro ,Microsoft Wireless Desktop Keyboard and Mouse,,,,,,,,,,,,,,,,,,,,,
Microsoft Office Home and Student 2016,,,,,,,,,,,,,,,,,,,,,,,,,,,,,,,
Wireless Portable Mouse,Dell Laptop,,,,,,,,,,,,,,,,,,,,,,,,,,,,,,
Lenovo Desktop Computer,LG Touchscreen Laptop,,,,,,,,,,,,,,,,,,,,,,,,,,,,,,
Sonos,,,,,,,,,,,,,,,,,,,,,,,,,,,,,,,
iMac,,,,,,,,,,,,,,,,,,,,,,,,,,,,,,,
Samsung Monitor,Acer Aspire,Dell Desktop,HP Laptop,ASUS 2 Monitor,3-Button Mouse,Apple Earpods,Dell Laptop,Brother Printer,,,,,,,,,,,,,,,,,,,,,,,
ASUS Desktop,Zombie Gaming Headset,,,,,,,,,,,,,,,,,,,,,,,,,,,,,,
Samsung Monitor,CYBERPOWER Gamer Desktop,Apple Earpods,,,,,,,,,,,,,,,,,,,,,,,,,,,,,
LG Touchscreen Laptop,,,,,,,,,,,,,,,,,,,,,,,,,,,,,,,
Acer Monitor,iMac,Dell Wired Keyboard,Sonos,Halter Acrylic Monitor Stand,Brother Printer,DYMO Labeling Tape ,,,,,,,,,,,,,,,,,,,,,,,,,
3-Button Mouse,Belkin Mouse Pad,iPad,,,,,,,,,,,,,,,,,,,,,,,,,,,,,
Microsoft Headset,,,,,,,,,,,,,,,,,,,,,,,,,,,,,,,
Samsung Monitor,Apple Earpods,,,,,,,,,,,,,,,,,,,,,,,,,,,,,,
HP Wireless Mouse,LG Monitor,HP Monitor,Apple MacBook Air,Wireless Portable Mouse,,,,,,,,,,,,,,,,,,,,,,,,,,,
Apple Wireless Keyboard,Microsoft Wireless Desktop Keyboard and Mouse,,,,,,,,,,,,,,,,,,,,,,,,,,,,,,
HP Desktop,,,,,,,,,,,,,,,,,,,,,,,,,,,,,,,
Microsoft Wireless Comfort Keyboard and Mouse,,,,,,,,,,,,,,,,,,,,,,,,,,,,,,,
iMac,Epson Black Ink,,,,,,,,,,,,,,,,,,,,,,,,,,,,,,
Acer Monitor,ASUS Chromebook,Eluktronics Pro Gaming Laptop,Logitech MK270 Wireless Keyboard and Mouse Combo,iMac,Apple Magic Keyboard,Height-Adjustable Standing Desk,Epson Printer,Apple Wireless Keyboard,Apple Earpods,Acer Desktop,ASUS Desktop,Brother Printer,,,,,,,,,,,,,,,,,,,
LG Monitor,Acer Aspire,ViewSonic Monitor,iMac,HP Wireless Printer,Lenovo Desktop Computer,Ailihen Stereo Headphones,Belkin Mouse Pad,Microsoft Basic Optical Mouse,Dell Laptop,iPad,,,,,,,,,,,,,,,,,,,,,
Dell Desktop,iMac,Dell Laptop,Backlit LED Gaming Keyboard,,,,,,,,,,,,,,,,,,,,,,,,,,,,
ASUS 2 Monitor,Microsoft Headset,Dell Laptop,Backlit LED Gaming Keyboard,,,,,,,,,,,,,,,,,,,,,,,,,,,,
HP Laptop,Panasonic In-Ear Headphone ,Logitech MK550 Wireless Wave Keyboard and Mouse Combo,CYBERPOWER Gamer Desktop,3-Button Mouse,,,,,,,,,,,,,,,,,,,,,,,,,,,
Samsung Monitor,LG Monitor,ASUS Chromebook,Dell Desktop,ViewSonic Monitor,Computer Game,HP Laptop,Bose Companion Speakers,Panasonic In-Ear Headphone ,Fire HD Tablet,iPhone Charger Cable,Apple MacBook Pro,Apple Earpods,Wireless Portable Mouse,Logitech ClearChat Headset,1TB Portable External Hard Drive,iPad Pro ,Backlit LED Gaming Keyboard,,,,,,,,,,,,,,
Lenovo Desktop Computer,Cambridge Bluetooth Speaker,ASUS Desktop,Dell Laptop,Microsoft Wireless Desktop Keyboard and Mouse,,,,,,,,,,,,,,,,,,,,,,,,,,,
Samsung Monitor,Acer Desktop,HP Laptop,iMac,Logitech MK550 Wireless Wave Keyboard and Mouse Combo,CYBERPOWER Gamer Desktop,Full Motion Monitor Mount,iPad,iPad Pro ,,,,,,,,,,,,,,,,,,,,,,,
Acer Aspire,Dell Desktop,Bose Companion Speakers,Apple MacBook Pro,Apple Earpods,Acer Desktop,HP Monitor,iPad Pro ,,,,,,,,,,,,,,,,,,,,,,,,
iMac,Cambridge Bluetooth Speaker,Sonos,,,,,,,,,,,,,,,,,,,,,,,,,,,,,
HP Laptop,Epson Printer,Sonos,,,,,,,,,,,,,,,,,,,,,,,,,,,,,
Acer Monitor,ASUS 2 Monitor,Apple Earpods,,,,,,,,,,,,,,,,,,,,,,,,,,,,,
Otium Wireless Sports Bluetooth Headphone,HP Wireless Mouse,ASUS Chromebook,iMac,Apple Magic Keyboard,HP Monitor,,,,,,,,,,,,,,,,,,,,,,,,,,
Redragon Gaming Mouse,Apple Earpods,Dell Laptop,,,,,,,,,,,,,,,,,,,,,,,,,,,,,
HP USB Keyboard ,Apple MacBook Pro,iPhone Charger Cable,Apple TV,,,,,,,,,,,,,,,,,,,,,,,,,,,,
LG Monitor,Acer Aspire,HP Laptop,Lenovo Desktop Computer,,,,,,,,,,,,,,,,,,,,,,,,,,,,
HP Wireless Printer,Apple MacBook Air,,,,,,,,,,,,,,,,,,,,,,,,,,,,,,
iMac,Apple MacBook Pro,,,,,,,,,,,,,,,,,,,,,,,,,,,,,,
HP Wireless Mouse,,,,,,,,,,,,,,,,,,,,,,,,,,,,,,,
Etekcity Power Extension Cord Cable,,,,,,,,,,,,,,,,,,,,,,,,,,,,,,,
Lenovo Desktop Computer,Rii LED Keyboard,,,,,,,,,,,,,,,,,,,,,,,,,,,,,,
HP Wireless Mouse,ASUS Chromebook,HP Laptop,iMac,Bose Companion Speakers,Epson Printer,Cyber Acoustics,DOSS Touch Wireless Bluetooth,Smart Light Bulb,Zombie Gaming Headset,Apple TV,Epson Black Ink,,,,,,,,,,,,,,,,,,,,
Alienware Laptop,CYBERPOWER Gamer Desktop,,,,,,,,,,,,,,,,,,,,,,,,,,,,,,
Apple Wireless Keyboard,Apple Earpods,Logitech ClearChat Headset,,,,,,,,,,,,,,,,,,,,,,,,,,,,,
Cambridge Bluetooth Speaker,Sonos,Logitech 3-button Mouse,,,,,,,,,,,,,,,,,,,,,,,,,,,,,
Slim Wireless Mouse,,,,,,,,,,,,,,,,,,,,,,,,,,,,,,,
Samsung Monitor,Acer Aspire,ViewSonic Monitor,Computer Game,ASUS 2 Monitor,Lenovo Desktop Computer,Apple Magic Keyboard,Apple MacBook Air,,,,,,,,,,,,,,,,,,,,,,,,
AOC Monitor,LG Touchscreen Laptop,,,,,,,,,,,,,,,,,,,,,,,,,,,,,,
Acer Desktop,Bose Companion Speakers,Brother Printer Toner,Belkin Mouse Pad,Apple MacBook Pro,Rii LED Keyboard,Microsoft Wireless Desktop Keyboard and Mouse,,,,,,,,,,,,,,,,,,,,,,,,,
Dell Desktop,Apple MacBook Pro,,,,,,,,,,,,,,,,,,,,,,,,,,,,,,
Computer Game,,,,,,,,,,,,,,,,,,,,,,,,,,,,,,,
Logitech Wireless Mouse,,,,,,,,,,,,,,,,,,,,,,,,,,,,,,,
Acer Aspire,iMac,Lenovo Desktop Computer,Dell Wired Keyboard,Epson Printer,CYBERPOWER Gamer Desktop,Belkin Mouse Pad,Dell Laptop,,,,,,,,,,,,,,,,,,,,,,,,
iMac,,,,,,,,,,,,,,,,,,,,,,,,,,,,,,,
ASUS Monitor,,,,,,,,,,,,,,,,,,,,,,,,,,,,,,,
LG Monitor,ViewSonic Monitor,Apple Earpods,Slim Wireless Mouse,,,,,,,,,,,,,,,,,,,,,,,,,,,,
HP Laptop,Bose Companion Speakers,Dell Desktop,Apple Earpods,,,,,,,,,,,,,,,,,,,,,,,,,,,,
HP Laptop,Apple Wired Keyboard,Logitech 3-button Mouse,Belkin Mouse Pad,Apple MacBook Air,,,,,,,,,,,,,,,,,,,,,,,,,,,
Otium Wireless Sports Bluetooth Headphone,Lenovo Desktop Computer,iPad Pro ,,,,,,,,,,,,,,,,,,,,,,,,,,,,,
iMac,Koss Home Headphones,CYBERPOWER Gamer Desktop,Computer Game,iPad Pro ,Logitech Keyboard,,,,,,,,,,,,,,,,,,,,,,,,,,
Apple MacBook Air,Dell KM117 Wireless Keyboard & Mouse,,,,,,,,,,,,,,,,,,,,,,,,,,,,,,
Dell Desktop,AOC Monitor,HP Notebook Touchscreen Laptop PC,Logitech MK360 Wireless Keyboard and Mouse Combo,,,,,,,,,,,,,,,,,,,,,,,,,,,,
Dell Desktop,Lenovo Desktop Computer,Slim 2TB Portable External Hard Drive,Logitech MK550 Wireless Wave Keyboard and Mouse Combo,Cambridge Bluetooth Speaker,CYBERPOWER Gamer Desktop,Logitech Multimedia Speakers,Apple MacBook Pro,Roku Express,Microsoft Wireless Desktop Keyboard and Mouse,,,,,,,,,,,,,,,,,,,,,,
Fire TV Stick,,,,,,,,,,,,,,,,,,,,,,,,,,,,,,,
Kindle ,,,,,,,,,,,,,,,,,,,,,,,,,,,,,,,
Dell Desktop,Kindle ,,,,,,,,,,,,,,,,,,,,,,,,,,,,,,
Samsung Monitor,LG Monitor,Dell Desktop,HP Laptop,Alienware Laptop,Bose Companion Speakers,Apple Earpods,,,,,,,,,,,,,,,,,,,,,,,,,
Apple MacBook Air,,,,,,,,,,,,,,,,,,,,,,,,,,,,,,,
Apple Wireless Keyboard,Apple MacBook Pro,Apple MacBook Air,iPad Pro ,,,,,,,,,,,,,,,,,,,,,,,,,,,,
LG Monitor,,,,,,,,,,,,,,,,,,,,,,,,,,,,,,,
Apple TV,,,,,,,,,,,,,,,,,,,,,,,,,,,,,,,
Apple MacBook Air,,,,,,,,,,,,,,,,,,,,,,,,,,,,,,,
CYBERPOWER Gamer Desktop,Apple Earpods,,,,,,,,,,,,,,,,,,,,,,,,,,,,,,
3-Button Mouse,Apple Earpods,Wireless Portable Mouse,,,,,,,,,,,,,,,,,,,,,,,,,,,,,
Acer Desktop,,,,,,,,,,,,,,,,,,,,,,,,,,,,,,,
Acer Desktop,,,,,,,,,,,,,,,,,,,,,,,,,,,,,,,
Logitech Keyboard,Apple MacBook Pro,Apple Earpods,Apple MacBook Air,,,,,,,,,,,,,,,,,,,,,,,,,,,,
Otium Wireless Sports Bluetooth Headphone,Logitech Desktop MK120 Mouse and keyboard Combo,Eluktronics Pro Gaming Laptop,Acer Aspire,ViewSonic Monitor,HP Black & Tri-color Ink ,HP Laptop,iMac,ASUS 2 Monitor,Lenovo Desktop Computer,CYBERPOWER Gamer Desktop,3-Button Mouse,Mackie CR Speakers,Smart Light Bulb,,,,,,,,,,,,,,,,,,
Acer Aspire,iMac,Lenovo Desktop Computer,CYBERPOWER Gamer Desktop,Apple MacBook Pro,,,,,,,,,,,,,,,,,,,,,,,,,,,
CYBERPOWER Gamer Desktop,,,,,,,,,,,,,,,,,,,,,,,,,,,,,,,
Full Motion Monitor Mount,,,,,,,,,,,,,,,,,,,,,,,,,,,,,,,
Apple MacBook Air,,,,,,,,,,,,,,,,,,,,,,,,,,,,,,,
iMac,Smart Light Bulb,Apple MacBook Pro,Backlit LED Gaming Keyboard,,,,,,,,,,,,,,,,,,,,,,,,,,,,
HP Wireless Mouse,Logitech MK270 Wireless Keyboard and Mouse Combo,iMac,Lenovo Desktop Computer,CYBERPOWER Gamer Desktop,Apple MacBook Pro,HP Monitor,Apple MacBook Air,Dell Laptop,iPad Pro ,,,,,,,,,,,,,,,,,,,,,,
iMac,HP Wireless Printer,,,,,,,,,,,,,,,,,,,,,,,,,,,,,,
Dell Desktop,iMac, Intel Desktop ,Dell Wired Keyboard,CYBERPOWER Gamer Desktop,Microsoft Wireless Desktop Keyboard and Mouse,,,,,,,,,,,,,,,,,,,,,,,,,,
Acer Aspire,ASUS 2 Monitor,Panasonic In-Ear Headphone ,Apple MacBook Pro,iPad Pro ,,,,,,,,,,,,,,,,,,,,,,,,,,,
Apple MacBook Air,,,,,,,,,,,,,,,,,,,,,,,,,,,,,,,
CYBERPOWER Gamer Desktop,Apple MacBook Air,,,,,,,,,,,,,,,,,,,,,,,,,,,,,,
Acer Desktop,iMac,CYBERPOWER Gamer Desktop,Dell Desktop,Smart Light Bulb,,,,,,,,,,,,,,,,,,,,,,,,,,,
LG Monitor,iMac,Apple Magic Keyboard,Apple MacBook Air,JBL Splashproof Portable Bluetooth Speaker,,,,,,,,,,,,,,,,,,,,,,,,,,,
Apple MacBook Air,,,,,,,,,,,,,,,,,,,,,,,,,,,,,,,
Acer Aspire,Dell Desktop,Acer Desktop,Computer Game,HP Laptop,iMac,Lenovo Desktop Computer,Ailihen Stereo Headphones,ASUS Desktop,Backlit LED Gaming Keyboard,Logitech Keyboard,,,,,,,,,,,,,,,,,,,,,
Belkin Mouse Pad,Sceptre Monitor,Backlit LED Gaming Keyboard,,,,,,,,,,,,,,,,,,,,,,,,,,,,,
HP Wireless Mouse,ViewSonic Monitor,Bose Companion Speakers,Dell Laptop,,,,,,,,,,,,,,,,,,,,,,,,,,,,
Otium Wireless Sports Bluetooth Headphone,ViewSonic Monitor,Computer Game,HP Black & Tri-color Ink ,HP Laptop,iMac,Rii LED Gaming Keyboard & Mouse Combo ,Apple Earpods,PC Gaming Headset,,,,,,,,,,,,,,,,,,,,,,,
ViewSonic Monitor,HP Laptop,iMac,Rii LED Gaming Keyboard & Mouse Combo ,,,,,,,,,,,,,,,,,,,,,,,,,,,,
HDMI Cable 6ft,Logitech MK270 Wireless Keyboard and Mouse Combo,iPad Pro ,,,,,,,,,,,,,,,,,,,,,,,,,,,,,
Backlit LED Gaming Keyboard,,,,,,,,,,,,,,,,,,,,,,,,,,,,,,,
Apple Magic Keyboard,CYBERPOWER Gamer Desktop,3-Button Mouse,Apple MacBook Pro,,,,,,,,,,,,,,,,,,,,,,,,,,,,
 Intel Desktop ,3TB Portable External Hard Drive,,,,,,,,,,,,,,,,,,,,,,,,,,,,,,
Acer Aspire,ViewSonic Monitor,Alienware Laptop,Etekcity Power Extension Cord Cable,,,,,,,,,,,,,,,,,,,,,,,,,,,,
Acer Desktop,HP Laptop,iMac,Microsoft Office Home and Student 2016,3-Button Mouse,Cyber Acoustics,Computer Game,Apple TV,,,,,,,,,,,,,,,,,,,,,,,,
ASUS Chromebook,ViewSonic Monitor,HP Laptop,Apple Magic Keyboard,CYBERPOWER Gamer Desktop,Apple MacBook Air,,,,,,,,,,,,,,,,,,,,,,,,,,
Lenovo Desktop Computer, Intel Desktop ,3-Button Mouse,Halter Acrylic Monitor Stand,HP Monitor,Microsoft Wireless Desktop Keyboard and Mouse,,,,,,,,,,,,,,,,,,,,,,,,,,
Samsung Monitor,CYBERPOWER Gamer Desktop,Apple MacBook Air,,,,,,,,,,,,,,,,,,,,,,,,,,,,,
Dell Wired Keyboard,,,,,,,,,,,,,,,,,,,,,,,,,,,,,,,
Microsoft Office Home and Student 2016,LG Touchscreen Laptop,,,,,,,,,,,,,,,,,,,,,,,,,,,,,,
Samsung Monitor,HP Wireless Mouse,ASUS Chromebook,Acer Aspire,Dell Desktop,ViewSonic Monitor,Computer Game,HP Black & Tri-color Ink ,HP Laptop,iMac,ASUS Monitor,ASUS 2 Monitor,Lenovo Desktop Computer,Cambridge Bluetooth Speaker,Microsoft Office Home and Student 2016,,,,,,,,,,,,,,,,,
Apple MacBook Pro,Apple MacBook Air,HP Desktop,,,,,,,,,,,,,,,,,,,,,,,,,,,,,
Backlit LED Gaming Keyboard,,,,,,,,,,,,,,,,,,,,,,,,,,,,,,,
Apple MacBook Air,,,,,,,,,,,,,,,,,,,,,,,,,,,,,,,
Dell Desktop,HP Wireless Printer,Lenovo Desktop Computer,Bose Companion Speakers,Microsoft Office Home and Student 2016,CYBERPOWER Gamer Desktop,Logitech 3-button Mouse,Full Motion Monitor Mount,XIBERIA Gaming Headset,Rii LED Keyboard,Dell Laptop,Dell Laptop,,,,,,,,,,,,,,,,,,,,
ASUS 2 Monitor,Lenovo Desktop Computer,,,,,,,,,,,,,,,,,,,,,,,,,,,,,,
Acer Desktop,,,,,,,,,,,,,,,,,,,,,,,,,,,,,,,
Slim 2TB Portable External Hard Drive,CYBERPOWER Gamer Desktop,,,,,,,,,,,,,,,,,,,,,,,,,,,,,,
Apple Earpods,HP Monitor,ASUS Desktop,,,,,,,,,,,,,,,,,,,,,,,,,,,,,
Backlit LED Gaming Keyboard,,,,,,,,,,,,,,,,,,,,,,,,,,,,,,,
Acer Monitor,Otium Wireless Sports Bluetooth Headphone,LG Monitor,Logitech MK270 Wireless Keyboard and Mouse Combo,ViewSonic Monitor,Apple Magic Keyboard,Microsoft Office Home and Student 2016,,,,,,,,,,,,,,,,,,,,,,,,,
Dell Desktop,iMac,AOC Monitor,ASUS Desktop,iPad Pro ,,,,,,,,,,,,,,,,,,,,,,,,,,,
LG Monitor,iMac, Intel Desktop ,Ailihen Stereo Headphones,Logitech 3-button Mouse,Samsung Charging Cable,,,,,,,,,,,,,,,,,,,,,,,,,,
HP Wireless Mouse,Dell Desktop,HP Laptop,Microsoft Wireless Desktop Keyboard and Mouse,,,,,,,,,,,,,,,,,,,,,,,,,,,,
HP Wireless Mouse,LG Monitor,Dell Desktop,ASUS 2 Monitor,Redragon Gaming Mouse,,,,,,,,,,,,,,,,,,,,,,,,,,,
CYBERPOWER Gamer Desktop,Halter Acrylic Monitor Stand,Apple Earpods,Backlit LED Gaming Keyboard,,,,,,,,,,,,,,,,,,,,,,,,,,,,
Brother Printer Toner,HP Monitor,Backlit LED Gaming Keyboard,,,,,,,,,,,,,,,,,,,,,,,,,,,,,
Samsung Monitor,ASUS Chromebook,Acer Aspire,Lenovo Desktop Computer,Logitech 3-button Mouse,Belkin Mouse Pad,Apple Earpods,ASUS Desktop,Brother Printer,iPad Pro ,Logitech Keyboard,,,,,,,,,,,,,,,,,,,,,
Samsung Monitor,Dell Desktop,Epson Black Ink,Apple Earpods,Dell Laptop,,,,,,,,,,,,,,,,,,,,,,,,,,,
Microsoft Wireless Desktop Keyboard and Mouse,,,,,,,,,,,,,,,,,,,,,,,,,,,,,,,
Epson Black Ink,Apple Wireless Keyboard,,,,,,,,,,,,,,,,,,,,,,,,,,,,,,
Lenovo Desktop Computer,,,,,,,,,,,,,,,,,,,,,,,,,,,,,,,
Acer Monitor,Samsung Monitor,Otium Wireless Sports Bluetooth Headphone,Logitech Desktop MK120 Mouse and keyboard Combo,HP Laptop,Apple Magic Keyboard,Logitech 3-button Mouse,Belkin Mouse Pad,Apple MacBook Air,,,,,,,,,,,,,,,,,,,,,,,
Logitech Desktop MK120 Mouse and keyboard Combo,Acer Aspire,Acer Desktop,HP Black & Tri-color Ink ,ASUS Monitor,Epson Printer,Logitech 3-button Mouse,Brother Printer Toner,,,,,,,,,,,,,,,,,,,,,,,,
ASUS Chromebook,Acer Aspire,iMac,Lenovo Desktop Computer,CYBERPOWER Gamer Desktop,Apple MacBook Pro,,,,,,,,,,,,,,,,,,,,,,,,,,
CYBERPOWER Gamer Desktop,Dell KM117 Wireless Keyboard & Mouse,,,,,,,,,,,,,,,,,,,,,,,,,,,,,,
iMac,3-Button Mouse,,,,,,,,,,,,,,,,,,,,,,,,,,,,,,
Dell 2 Desktop,HP Laptop,iMac,Lenovo Desktop Computer,Apple Magic Keyboard,Epson Printer,Belkin Mouse Pad,Backlit LED Gaming Keyboard,Halter Mesh Metal Monitor Stand,,,,,,,,,,,,,,,,,,,,,,,
Acer Aspire,Backlit LED Gaming Keyboard,,,,,,,,,,,,,,,,,,,,,,,,,,,,,,
Otium Wireless Sports Bluetooth Headphone,ViewSonic Monitor,HP Laptop,iMac,Logitech 3-button Mouse,3-Button Mouse,Microsoft Office Home and Student 2016,Backlit LED Gaming Keyboard,,,,,,,,,,,,,,,,,,,,,,,,
Acer Desktop,Panasonic In-Ear Headphone ,CYBERPOWER Gamer Desktop,Apple MacBook Air,Microsoft Wireless Desktop Keyboard and Mouse,,,,,,,,,,,,,,,,,,,,,,,,,,,
Logitech MK270 Wireless Keyboard and Mouse Combo,Dell 2 Desktop,Wireless Portable Mouse,,,,,,,,,,,,,,,,,,,,,,,,,,,,,
Apple MacBook Air,,,,,,,,,,,,,,,,,,,,,,,,,,,,,,,
Samsung Monitor,Logitech MK270 Wireless Keyboard and Mouse Combo,iMac,PC Gaming Headset,,,,,,,,,,,,,,,,,,,,,,,,,,,,
PC Gaming Headset,,,,,,,,,,,,,,,,,,,,,,,,,,,,,,,
HP Wireless Mouse,Acer Aspire,ViewSonic Monitor,,,,,,,,,,,,,,,,,,,,,,,,,,,,,
Samsung Monitor,Acer Aspire,Logitech MK270 Wireless Keyboard and Mouse Combo,ASUS 2 Monitor,CYBERPOWER Gamer Desktop,Logitech 3-button Mouse,Apple MacBook Air,,,,,,,,,,,,,,,,,,,,,,,,,
Monster Beats By Dr Dre,Dell Desktop,Lenovo Desktop Computer,Sonos,CYBERPOWER Gamer Desktop,,,,,,,,,,,,,,,,,,,,,,,,,,,
ViewSonic Monitor,Dell Desktop,Redragon Gaming Mouse,,,,,,,,,,,,,,,,,,,,,,,,,,,,,
Panasonic In-Ear Headphone ,,,,,,,,,,,,,,,,,,,,,,,,,,,,,,,
LG Monitor,HP Laptop,Panasonic In-Ear Headphone ,AOC Monitor,,,,,,,,,,,,,,,,,,,,,,,,,,,,
Dell Desktop,Alienware Laptop,,,,,,,,,,,,,,,,,,,,,,,,,,,,,,
Apple Wired Keyboard,CYBERPOWER Gamer Desktop,,,,,,,,,,,,,,,,,,,,,,,,,,,,,,
Apple Wired Keyboard,,,,,,,,,,,,,,,,,,,,,,,,,,,,,,,
Samsung Monitor,Otium Wireless Sports Bluetooth Headphone,Logitech MK270 Wireless Keyboard and Mouse Combo,ViewSonic Monitor,HP Laptop,CYBERPOWER Gamer Desktop,Apple MacBook Air,,,,,,,,,,,,,,,,,,,,,,,,,
Eluktronics Pro Gaming Laptop,AOC Monitor,Cyber Acoustics,ViewSonic Monitor,Apple MacBook Pro,Apple Earpods,Logitech Stereo Headset ,Wireless Portable Mouse,Rii LED Keyboard,iPad,,,,,,,,,,,,,,,,,,,,,,
Acer Monitor,Logitech MK270 Wireless Keyboard and Mouse Combo,Lenovo Desktop Computer, Intel Desktop ,Dell Monitor,CYBERPOWER Gamer Desktop,XIBERIA Gaming Headset,Apple MacBook Pro,Apple Earpods,Microsoft Headset,,,,,,,,,,,,,,,,,,,,,,
iMac,CYBERPOWER Gamer Desktop,Belkin Mouse Pad,Apple MacBook Air,,,,,,,,,,,,,,,,,,,,,,,,,,,,
Acer Desktop,Brother Printer Toner,Computer Game,,,,,,,,,,,,,,,,,,,,,,,,,,,,,
iMac,CYBERPOWER Gamer Desktop,Apple MacBook Air,,,,,,,,,,,,,,,,,,,,,,,,,,,,,
ASUS Chromebook,Acer Aspire,ViewSonic Monitor,HP Laptop,HP Wireless Printer,Apple Magic Keyboard,Etekcity Power Extension Cord Cable,HP Monitor,iPad Pro ,DYMO Labeling Tape ,Backlit LED Gaming Keyboard,Microsoft Wireless Desktop Keyboard and Mouse,,,,,,,,,,,,,,,,,,,,
Samsung Monitor,Epson Printer,PC Gaming Headset,,,,,,,,,,,,,,,,,,,,,,,,,,,,,
LG Monitor,Dell 2 Desktop,iMac,Cambridge Bluetooth Speaker,AOC Monitor,Logitech 3-button Mouse,Belkin Mouse Pad,ASUS Desktop,iPad Pro ,,,,,,,,,,,,,,,,,,,,,,,
Samsung Monitor,ViewSonic Monitor,HP Laptop,Panasonic In-Ear Headphone ,Logitech MK550 Wireless Wave Keyboard and Mouse Combo,Brother Printer Toner,Etekcity Power Extension Cord Cable,Smart Light Bulb,Full Motion Monitor Mount,APIE Bluetooth Headphone,Dell Laptop,iPad Pro ,Backlit LED Gaming Keyboard,,,,,,,,,,,,,,,,,,,
iPad Pro ,,,,,,,,,,,,,,,,,,,,,,,,,,,,,,,
Eluktronics Pro Gaming Laptop,,,,,,,,,,,,,,,,,,,,,,,,,,,,,,,
Lenovo Desktop Computer,APIE Bluetooth Headphone,,,,,,,,,,,,,,,,,,,,,,,,,,,,,,
Otium Wireless Sports Bluetooth Headphone,Dell Desktop,DOSS Touch Wireless Bluetooth,HP Notebook Touchscreen Laptop PC,DYMO Labeling Tape ,,,,,,,,,,,,,,,,,,,,,,,,,,,
Samsung Monitor,Computer Game,CYBERPOWER Gamer Desktop,Apple Earpods,Kindle ,LG Touchscreen Laptop,Microsoft Headset,iPad Pro ,Microsoft Wireless Desktop Keyboard and Mouse,,,,,,,,,,,,,,,,,,,,,,,
3-Button Mouse,,,,,,,,,,,,,,,,,,,,,,,,,,,,,,,
Monster Beats By Dr Dre,LG Monitor,HP Laptop,iMac,CYBERPOWER Gamer Desktop,Apple Wireless Keyboard,Apple Earpods,iPad Pro ,JBL Splashproof Portable Bluetooth Speaker,,,,,,,,,,,,,,,,,,,,,,,
HP Laptop,ASUS Monitor,Belkin Mouse Pad,Audio Cable,,,,,,,,,,,,,,,,,,,,,,,,,,,,
LG Monitor,Acer Aspire,Acer Desktop,ViewSonic Monitor,iMac,Logitech Keyboard,CYBERPOWER Gamer Desktop,Etekcity Power Extension Cord Cable,Apple Wireless Keyboard,Apple MacBook Air,,,,,,,,,,,,,,,,,,,,,,
LG Monitor,ASUS Chromebook,Dell Desktop,ViewSonic Monitor,HP Laptop,iMac,Lenovo Desktop Computer,Apple Magic Keyboard,Dell Wired Keyboard,Epson Printer,Logitech Keyboard,CYBERPOWER Gamer Desktop,Brother Printer Toner,3TB Portable External Hard Drive,Belkin Mouse Pad,Dell Desktop,Logitech MK360 Wireless Keyboard and Mouse Combo,Halter Acrylic Monitor Stand,Apple MacBook Pro,Apple MacBook Air,Logitech Stereo Headset ,Wireless Portable Mouse,Logitech ClearChat Headset,Brother Printer,,,,,,,,
Slim 2TB Portable External Hard Drive,Rii LED Keyboard,,,,,,,,,,,,,,,,,,,,,,,,,,,,,,
ASUS Chromebook,iMac,3-Button Mouse,Brother Printer Toner,Dell Laptop,Logitech ClearChat Headset,,,,,,,,,,,,,,,,,,,,,,,,,,
Acer Desktop,iMac,Microsoft Office Home and Student 2016,,,,,,,,,,,,,,,,,,,,,,,,,,,,,
Dell 2 Desktop,Lenovo Desktop Computer, Intel Desktop ,CYBERPOWER Gamer Desktop,Apple Earpods,Kindle ,,,,,,,,,,,,,,,,,,,,,,,,,,
Cambridge Bluetooth Speaker,Ailihen Stereo Headphones,,,,,,,,,,,,,,,,,,,,,,,,,,,,,,
Dell Desktop,HP Laptop,iMac,Lenovo Desktop Computer, Intel Desktop ,ASUS 2 Monitor,Microsoft Office Home and Student 2016,Dell Desktop,HP Monitor,iPad Pro ,,,,,,,,,,,,,,,,,,,,,,
Backlit LED Gaming Keyboard,,,,,,,,,,,,,,,,,,,,,,,,,,,,,,,
HP Wireless Mouse,ViewSonic Monitor,HP Laptop,Apple Wireless Keyboard,Microsoft Headset,Brother Printer,iPad Pro ,DYMO Labeling Tape ,Multi Media Stand,Roku Express,,,,,,,,,,,,,,,,,,,,,,
iMac,Bose Companion Speakers,Dell Laptop,Backlit LED Gaming Keyboard,Microsoft Wireless Desktop Keyboard and Mouse,,,,,,,,,,,,,,,,,,,,,,,,,,,
ASUS Monitor,Bose Companion Speakers,Microsoft Office Home and Student 2016,Wireless Portable Mouse,,,,,,,,,,,,,,,,,,,,,,,,,,,,
Acer Desktop,Logitech 3-button Mouse,,,,,,,,,,,,,,,,,,,,,,,,,,,,,,
Acer Monitor,Samsung Monitor,ViewSonic Monitor,CYBERPOWER Gamer Desktop,Microsoft Basic Optical Mouse,Backlit LED Gaming Keyboard,,,,,,,,,,,,,,,,,,,,,,,,,,
HP Laptop,Lenovo Desktop Computer,Apple Magic Keyboard,AOC Monitor,,,,,,,,,,,,,,,,,,,,,,,,,,,,
ASUS Chromebook,ViewSonic Monitor,HP Laptop,iMac,,,,,,,,,,,,,,,,,,,,,,,,,,,,
Logitech Desktop MK120 Mouse and keyboard Combo,Acer Aspire,Acer Desktop,ViewSonic Monitor,Computer Game,HP Laptop,iMac,ASUS Monitor,HP Notebook Touchscreen Laptop PC,Apple MacBook Pro,Apple MacBook Air,,,,,,,,,,,,,,,,,,,,,
Dell Wired Keyboard,Apple MacBook Air,iPhone Charger Cable,Dell KM117 Wireless Keyboard & Mouse,,,,,,,,,,,,,,,,,,,,,,,,,,,,
Dell Desktop,Acer Desktop,ViewSonic Monitor,HP Laptop,iMac,Dell Wired Keyboard,Microsoft Office Home and Student 2016,Logitech 3-button Mouse,iMac ,Redragon Gaming Mouse,Apple MacBook Air,Epson Black Ink,,,,,,,,,,,,,,,,,,,,
Samsung Monitor,CYBERPOWER Gamer Desktop,3-Button Mouse,Redragon Gaming Mouse,,,,,,,,,,,,,,,,,,,,,,,,,,,,
CYBERPOWER Gamer Desktop,,,,,,,,,,,,,,,,,,,,,,,,,,,,,,,
ASUS Chromebook,ViewSonic Monitor,CYBERPOWER Gamer Desktop,Logitech 3-button Mouse,3-Button Mouse,Etekcity Power Extension Cord Cable,iPad Pro ,Backlit LED Gaming Keyboard,,,,,,,,,,,,,,,,,,,,,,,,
CYBERPOWER Gamer Desktop,Apple Earpods,Wireless Portable Mouse,Backlit LED Gaming Keyboard,,,,,,,,,,,,,,,,,,,,,,,,,,,,
Eluktronics Pro Gaming Laptop,HP Wireless Printer,Microsoft Basic Optical Mouse,Apple Wireless Keyboard,Microsoft Wireless Desktop Keyboard and Mouse,,,,,,,,,,,,,,,,,,,,,,,,,,,
Logitech Desktop MK120 Mouse and keyboard Combo,Dell Desktop,Logitech MK270 Wireless Keyboard and Mouse Combo,ViewSonic Monitor,HP Laptop,ASUS Monitor,Apple Magic Keyboard,Slim 2TB Portable External Hard Drive,Dell Wired Keyboard,Etekcity Power Extension Cord Cable,Smart Light Bulb,Panasonic On-Ear Stereo Headphones,ASUS Desktop,,,,,,,,,,,,,,,,,,,
Dell Laptop,,,,,,,,,,,,,,,,,,,,,,,,,,,,,,,
Acer Monitor,Samsung Monitor,LG Monitor,Acer Aspire,HP Laptop,iMac,CYBERPOWER Gamer Desktop,Etekcity Power Extension Cord Cable,Apple MacBook Pro,Dell Laptop,Halter Mesh Metal Monitor Stand,,,,,,,,,,,,,,,,,,,,,
ASUS Chromebook,CYBERPOWER Gamer Desktop,,,,,,,,,,,,,,,,,,,,,,,,,,,,,,
Dell 2 Desktop,iMac,Rii LED Gaming Keyboard & Mouse Combo ,Dell Desktop,Apple Earpods,,,,,,,,,,,,,,,,,,,,,,,,,,,
Apple Earpods,Dell Laptop,,,,,,,,,,,,,,,,,,,,,,,,,,,,,,
iMac,Apple MacBook Pro,,,,,,,,,,,,,,,,,,,,,,,,,,,,,,
HP Wireless Mouse,LG Monitor,iMac,Apple Magic Keyboard,Apple Wireless Keyboard,,,,,,,,,,,,,,,,,,,,,,,,,,,
iMac,ASUS Monitor,Lenovo Desktop Computer,Logitech 3-button Mouse,Apple MacBook Pro,Apple Earpods,HP Monitor,ASUS Desktop,Backlit LED Gaming Keyboard,,,,,,,,,,,,,,,,,,,,,,,
Logitech 3-button Mouse,3-Button Mouse,ASUS Desktop,,,,,,,,,,,,,,,,,,,,,,,,,,,,,
Acer Monitor,Acer Aspire,iMac,ASUS Monitor,Lenovo Desktop Computer,Epson Printer,Cambridge Bluetooth Speaker,Sonos,CYBERPOWER Gamer Desktop,Microsoft Wireless Comfort Keyboard and Mouse,Logitech ClearChat Headset,,,,,,,,,,,,,,,,,,,,,
Acer Monitor,iMac,Belkin Mouse Pad,Apple MacBook Pro,Apple Earpods,Zombie Gaming Headset,,,,,,,,,,,,,,,,,,,,,,,,,,
Acer Desktop,HP Black & Tri-color Ink ,HP Laptop,iMac,ASUS 2 Monitor,Apple Magic Keyboard,Philips Flexible Earhook Headphone,iPad Pro ,Epson Black Ink,Microsoft Wireless Desktop Keyboard and Mouse,,,,,,,,,,,,,,,,,,,,,,
Samsung Monitor,Samsung Monitor,HP Wireless Mouse,Dell 2 Desktop,iMac,ASUS Monitor,Apple Magic Keyboard,Apple Earpods,HP Monitor,Dell Laptop,,,,,,,,,,,,,,,,,,,,,,
Brother Printer,,,,,,,,,,,,,,,,,,,,,,,,,,,,,,,
Acer Monitor,ViewSonic Monitor,iMac,ASUS Monitor,ASUS 2 Monitor,Microsoft Office Home and Student 2016,Logitech 3-button Mouse,Rii LED Gaming Keyboard & Mouse Combo ,Microsoft Basic Optical Mouse,Epson Black Ink,,,,,,,,,,,,,,,,,,,,,,
Acer Aspire,iMac,Apple Magic Keyboard,Microsoft Office Home and Student 2016,Lenovo Desktop Computer,Backlit LED Gaming Keyboard,,,,,,,,,,,,,,,,,,,,,,,,,,
Dell Desktop,Logitech MK550 Wireless Wave Keyboard and Mouse Combo,Microsoft Office Home and Student 2016,Apple Earpods,Acer Desktop,Microsoft Headset,,,,,,,,,,,,,,,,,,,,,,,,,,
HP Wireless Mouse,Acer Aspire,HP Laptop,,,,,,,,,,,,,,,,,,,,,,,,,,,,,
Apple MacBook Pro,,,,,,,,,,,,,,,,,,,,,,,,,,,,,,,
HDMI Cable 6ft,Logitech MK270 Wireless Keyboard and Mouse Combo,Dell 2 Desktop,Logitech MK550 Wireless Wave Keyboard and Mouse Combo,Dell Wired Keyboard,Logitech Stereo Headset ,ASUS Desktop,Wireless Portable Mouse,2TB Portable External Hard Drive,Logitech Keyboard,Microsoft Wireless Desktop Keyboard and Mouse,,,,,,,,,,,,,,,,,,,,,
Apple MacBook Air,HP Desktop,,,,,,,,,,,,,,,,,,,,,,,,,,,,,,
Logitech MK270 Wireless Keyboard and Mouse Combo,LG Touchscreen Laptop,JBL Splashproof Portable Bluetooth Speaker,,,,,,,,,,,,,,,,,,,,,,,,,,,,,
Eluktronics Pro Gaming Laptop,HP Black & Tri-color Ink ,HP Laptop,ASUS Monitor,Apple Magic Keyboard,Apple Earpods,Apple TV,Apple TV,,,,,,,,,,,,,,,,,,,,,,,,
ASUS 2 Monitor,Lenovo Desktop Computer,,,,,,,,,,,,,,,,,,,,,,,,,,,,,,
CYBERPOWER Gamer Desktop,Logitech 3-button Mouse,,,,,,,,,,,,,,,,,,,,,,,,,,,,,,
Wireless Portable Mouse,,,,,,,,,,,,,,,,,,,,,,,,,,,,,,,
ASUS Chromebook,HP Laptop,Backlit LED Gaming Keyboard,,,,,,,,,,,,,,,,,,,,,,,,,,,,,
ASUS Chromebook,,,,,,,,,,,,,,,,,,,,,,,,,,,,,,,
ASUS Monitor,Apple MacBook Air,,,,,,,,,,,,,,,,,,,,,,,,,,,,,,
Samsung Monitor,Epson Printer,Microsoft Office Home and Student 2016,Apple Earpods,HP Monitor,iPad Pro ,Logitech Keyboard,,,,,,,,,,,,,,,,,,,,,,,,,
Acer Monitor,Samsung Monitor,Monster Beats By Dr Dre,Acer Aspire,Acer Desktop,Computer Game,Lenovo Desktop Computer,Microsoft Office Home and Student 2016,Logitech 3-button Mouse,Etekcity Power Extension Cord Cable,HP Monitor,,,,,,,,,,,,,,,,,,,,,
Dell Laptop,iPad,,,,,,,,,,,,,,,,,,,,,,,,,,,,,,
Bose Companion Speakers,iPad,iPad Pro ,,,,,,,,,,,,,,,,,,,,,,,,,,,,,
Samsung Monitor,Dell Desktop,CYBERPOWER Gamer Desktop,Apple Earpods,DYMO Labeling Tape ,Microsoft Wireless Desktop Keyboard and Mouse,,,,,,,,,,,,,,,,,,,,,,,,,,
 Intel Desktop ,,,,,,,,,,,,,,,,,,,,,,,,,,,,,,,
Apple MacBook Air,Microsoft Wireless Desktop Keyboard and Mouse,,,,,,,,,,,,,,,,,,,,,,,,,,,,,,
CYBERPOWER Gamer Desktop,HP Monitor,Dell Laptop,Backlit LED Gaming Keyboard,,,,,,,,,,,,,,,,,,,,,,,,,,,,
CYBERPOWER Gamer Desktop,,,,,,,,,,,,,,,,,,,,,,,,,,,,,,,
Kensington Headphones ,iMac,CYBERPOWER Gamer Desktop,Slim Wireless Mouse,Rii LED Keyboard,Dell Laptop,iPad,Backlit LED Gaming Keyboard,,,,,,,,,,,,,,,,,,,,,,,,
Samsung Monitor,ASUS Chromebook,Acer Desktop,Logitech MK270 Wireless Keyboard and Mouse Combo,ViewSonic Monitor,HP Laptop,iMac,ASUS 2 Monitor,Alienware Laptop,Lenovo Desktop Computer,Panasonic In-Ear Headphone , Intel Desktop ,Google Home,Cambridge Bluetooth Speaker,AOC Monitor,3-Button Mouse,iPad,,,,,,,,,,,,,,,
Dell Desktop,Apple Magic Keyboard,Epson Printer,CYBERPOWER Gamer Desktop,Slim Wireless Mouse,Apple TV,,,,,,,,,,,,,,,,,,,,,,,,,,
ASUS Chromebook,Logitech MK270 Wireless Keyboard and Mouse Combo,iMac,ASUS Monitor,ASUS 2 Monitor,Sonos,Redragon Gaming Mouse,Apple MacBook Pro,Apple TV,,,,,,,,,,,,,,,,,,,,,,,
Samsung Monitor,CYBERPOWER Gamer Desktop,Dell Laptop,iPad,Microsoft Wireless Desktop Keyboard and Mouse,,,,,,,,,,,,,,,,,,,,,,,,,,,
HDMI Cable 6ft,Dell Desktop,Sonos,Brother Printer Toner,Logitech ClearChat Headset,,,,,,,,,,,,,,,,,,,,,,,,,,,
Logitech MK270 Wireless Keyboard and Mouse Combo,ViewSonic Monitor,HP Laptop,Microsoft Office Home and Student 2016,,,,,,,,,,,,,,,,,,,,,,,,,,,,
iMac,,,,,,,,,,,,,,,,,,,,,,,,,,,,,,,
ASUS Chromebook,Lenovo Desktop Computer,Belkin Mouse Pad,,,,,,,,,,,,,,,,,,,,,,,,,,,,,
Halter Acrylic Monitor Stand,HP Monitor,,,,,,,,,,,,,,,,,,,,,,,,,,,,,,
iMac,3-Button Mouse,Dell Desktop,Backlit LED Gaming Keyboard,,,,,,,,,,,,,,,,,,,,,,,,,,,,
HP Wireless Mouse,Dell Desktop,HP Laptop,iMac,Koss Home Headphones,Epson Printer,Dell Laptop,,,,,,,,,,,,,,,,,,,,,,,,,
CYBERPOWER Gamer Desktop,Apple Earpods,,,,,,,,,,,,,,,,,,,,,,,,,,,,,,
Monster Beats By Dr Dre,ViewSonic Monitor,HP Laptop,,,,,,,,,,,,,,,,,,,,,,,,,,,,,
Acer Monitor,Samsung Monitor,Dell Wired Keyboard,CYBERPOWER Gamer Desktop,Microsoft Basic Optical Mouse,Apple MacBook Pro,iPhone Charger Cable,Microsoft Wireless Desktop Keyboard and Mouse,,,,,,,,,,,,,,,,,,,,,,,,
Acer Aspire,Dell Desktop,HP Laptop,iMac,ASUS Monitor,ASUS 2 Monitor,Lenovo Desktop Computer,Panasonic In-Ear Headphone ,Apple Wired Keyboard,CYBERPOWER Gamer Desktop,Brother Printer Toner,,,,,,,,,,,,,,,,,,,,,
Logitech Desktop MK120 Mouse and keyboard Combo,Lenovo Desktop Computer,CYBERPOWER Gamer Desktop,3-Button Mouse,Belkin Mouse Pad,Apple MacBook Pro,Apple Earpods,HP Monitor,Apple MacBook Air,,,,,,,,,,,,,,,,,,,,,,,
Samsung Monitor,Acer Desktop,HP Laptop,Lenovo Desktop Computer,Logitech MK550 Wireless Wave Keyboard and Mouse Combo,Microsoft Office Home and Student 2016,CYBERPOWER Gamer Desktop,Apple MacBook Pro,Backlit LED Gaming Keyboard,,,,,,,,,,,,,,,,,,,,,,,
Slim 2TB Portable External Hard Drive,3-Button Mouse,Apple Earpods,Acer Desktop,Logitech ClearChat Headset,,,,,,,,,,,,,,,,,,,,,,,,,,,
Height-Adjustable Standing Desk,Samsung Charging Cable,CYBERPOWER Gamer Desktop,Apple MacBook Pro,Apple Earpods,Rii LED Keyboard,,,,,,,,,,,,,,,,,,,,,,,,,,
CYBERPOWER Gamer Desktop,,,,,,,,,,,,,,,,,,,,,,,,,,,,,,,
HP Wireless Mouse,LG Monitor,ASUS Chromebook,iMac,ASUS 2 Monitor,Koss Home Headphones,Dell Wired Keyboard,Dell Monitor,CYBERPOWER Gamer Desktop,Microsoft Wireless Comfort Keyboard and Mouse,,,,,,,,,,,,,,,,,,,,,,
Apple MacBook Air,Large Mouse Pad,,,,,,,,,,,,,,,,,,,,,,,,,,,,,,
HP Wireless Mouse,Eluktronics Pro Gaming Laptop,HP Laptop,ASUS Monitor,Lenovo Desktop Computer,CYBERPOWER Gamer Desktop,AOC Monitor,Mackie CR Speakers,HP Monitor,Rii LED Keyboard,Dell Laptop,iPad,Microsoft Wireless Desktop Keyboard and Mouse,,,,,,,,,,,,,,,,,,,
iMac,,,,,,,,,,,,,,,,,,,,,,,,,,,,,,,
HDMI Cable 6ft,LG Monitor,AOC Monitor,iPad,,,,,,,,,,,,,,,,,,,,,,,,,,,,
CYBERPOWER Gamer Desktop,,,,,,,,,,,,,,,,,,,,,,,,,,,,,,,
iMac,ASUS 2 Monitor,Logitech MK550 Wireless Wave Keyboard and Mouse Combo,Apple MacBook Pro,,,,,,,,,,,,,,,,,,,,,,,,,,,,
Apple Earpods,Dell Laptop,HP Desktop,iPad Pro ,,,,,,,,,,,,,,,,,,,,,,,,,,,,
Microsoft Wireless Desktop Keyboard and Mouse,,,,,,,,,,,,,,,,,,,,,,,,,,,,,,,
iMac,Apple MacBook Air,,,,,,,,,,,,,,,,,,,,,,,,,,,,,,
Samsung Monitor,Fire HD Tablet,VGA Monitor Cable,Apple Earpods,,,,,,,,,,,,,,,,,,,,,,,,,,,,
Acer Aspire,Dell Desktop,iMac,ASUS 2 Monitor,HP Wireless Printer,Height-Adjustable Standing Desk,Microsoft Office Home and Student 2016,Belkin Mouse Pad,Dell Desktop,Logitech Keyboard,,,,,,,,,,,,,,,,,,,,,,
ASUS Chromebook,,,,,,,,,,,,,,,,,,,,,,,,,,,,,,,
Acer Monitor,HP Wireless Mouse,Acer Aspire,ViewSonic Monitor,,,,,,,,,,,,,,,,,,,,,,,,,,,,
LG Monitor,HP Laptop,iMac,Logitech 3-button Mouse,3-Button Mouse,Dell Desktop,,,,,,,,,,,,,,,,,,,,,,,,,,
Lenovo Desktop Computer,CYBERPOWER Gamer Desktop,HP USB Keyboard ,Apple MacBook Pro,Apple MacBook Air,Microsoft Wireless Desktop Keyboard and Mouse,,,,,,,,,,,,,,,,,,,,,,,,,,
ASUS Monitor,Logitech MK550 Wireless Wave Keyboard and Mouse Combo,Apple MacBook Air,,,,,,,,,,,,,,,,,,,,,,,,,,,,,
Lenovo Desktop Computer,,,,,,,,,,,,,,,,,,,,,,,,,,,,,,,
Slim Wireless Mouse,,,,,,,,,,,,,,,,,,,,,,,,,,,,,,,
CYBERPOWER Gamer Desktop,Epson Black Ink,Roku Express,,,,,,,,,,,,,,,,,,,,,,,,,,,,,
Apple MacBook Air,,,,,,,,,,,,,,,,,,,,,,,,,,,,,,,
ASUS Chromebook,Logitech Wireless Mouse,Logitech Keyboard,,,,,,,,,,,,,,,,,,,,,,,,,,,,,
Otium Wireless Sports Bluetooth Headphone,ASUS Chromebook,HP Laptop,ASUS Monitor,Ailihen Stereo Headphones,Apple MacBook Pro,iPad Pro ,,,,,,,,,,,,,,,,,,,,,,,,,
Brother Printer Toner,Apple Wireless Keyboard,,,,,,,,,,,,,,,,,,,,,,,,,,,,,,
iMac,ASUS 2 Monitor,Lenovo Desktop Computer,Koss Home Headphones,Zombie Gaming Headset,Backlit LED Gaming Keyboard,,,,,,,,,,,,,,,,,,,,,,,,,,
HP Wireless Mouse,ASUS Chromebook,CYBERPOWER Gamer Desktop,Apple Wireless Keyboard,,,,,,,,,,,,,,,,,,,,,,,,,,,,
Otium Wireless Sports Bluetooth Headphone,LG Monitor,HP Laptop,Logitech 3-button Mouse,Zombie Gaming Headset,,,,,,,,,,,,,,,,,,,,,,,,,,,
3-Button Mouse,Apple Earpods,Microsoft Wireless Desktop Keyboard and Mouse,,,,,,,,,,,,,,,,,,,,,,,,,,,,,
CYBERPOWER Gamer Desktop,,,,,,,,,,,,,,,,,,,,,,,,,,,,,,,
Slim 2TB Portable External Hard Drive,Microsoft Wireless Comfort Keyboard and Mouse,,,,,,,,,,,,,,,,,,,,,,,,,,,,,,
HP Laptop,iMac,Mackie CR Speakers,HP Monitor,,,,,,,,,,,,,,,,,,,,,,,,,,,,
Acer Monitor,Acer Aspire,Acer Desktop,HP Wireless Printer,Alienware Laptop,Epson Printer,Cambridge Bluetooth Speaker,Microsoft Office Home and Student 2016,AOC Monitor,Logitech 3-button Mouse,3-Button Mouse,Apple Earpods,Slim Wireless Mouse,ASUS Desktop,iPad Pro ,Microsoft Wireless Desktop Keyboard and Mouse,,,,,,,,,,,,,,,,
3-Button Mouse,Apple MacBook Air,Slim Wireless Mouse,ASUS Desktop,Dell Laptop,iPad,Sceptre Monitor,,,,,,,,,,,,,,,,,,,,,,,,,
Samsung Monitor,ASUS Chromebook,Apple Magic Keyboard,CYBERPOWER Gamer Desktop,Lenovo Desktop Computer,Logitech MK360 Wireless Keyboard and Mouse Combo,Apple Earpods,USB Cable,,,,,,,,,,,,,,,,,,,,,,,,
Acer Aspire,CYBERPOWER Gamer Desktop,Rii LED Gaming Keyboard & Mouse Combo ,Belkin Mouse Pad,Dell Desktop,Fire HD Tablet,Redragon Gaming Mouse,Apple Earpods,Apple MacBook Air,Monster Beats By Dr Dre,Backlit LED Gaming Keyboard,Microsoft Wireless Desktop Keyboard and Mouse,,,,,,,,,,,,,,,,,,,,
Dell Desktop,Microsoft Wireless Desktop Keyboard and Mouse,,,,,,,,,,,,,,,,,,,,,,,,,,,,,,
Slim Wireless Mouse,,,,,,,,,,,,,,,,,,,,,,,,,,,,,,,
iMac,Apple MacBook Air,Backlit LED Gaming Keyboard,,,,,,,,,,,,,,,,,,,,,,,,,,,,,
3-Button Mouse,Apple Wireless Keyboard,Wireless Portable Mouse,,,,,,,,,,,,,,,,,,,,,,,,,,,,,
Slim Wireless Mouse,,,,,,,,,,,,,,,,,,,,,,,,,,,,,,,
Apple MacBook Air,Microsoft Wireless Desktop Keyboard and Mouse,,,,,,,,,,,,,,,,,,,,,,,,,,,,,,
HP Wireless Mouse,ASUS Chromebook,Rii LED Gaming Keyboard & Mouse Combo ,Slim Wireless Mouse,,,,,,,,,,,,,,,,,,,,,,,,,,,,
Apple MacBook Air,Microsoft Wireless Desktop Keyboard and Mouse,,,,,,,,,,,,,,,,,,,,,,,,,,,,,,
iMac,Logitech 3-button Mouse,HDMI Adapter,Backlit LED Gaming Keyboard,Logitech Keyboard,,,,,,,,,,,,,,,,,,,,,,,,,,,
Acer Desktop,Logitech MK270 Wireless Keyboard and Mouse Combo,,,,,,,,,,,,,,,,,,,,,,,,,,,,,,
Dell Laptop,,,,,,,,,,,,,,,,,,,,,,,,,,,,,,,
Acer Aspire,HP Laptop,Microsoft Office Home and Student 2016,Microsoft Wireless Desktop Keyboard and Mouse,,,,,,,,,,,,,,,,,,,,,,,,,,,,
Apple Earpods,LG Touchscreen Laptop,,,,,,,,,,,,,,,,,,,,,,,,,,,,,,
Apple Earpods,,,,,,,,,,,,,,,,,,,,,,,,,,,,,,,
Cambridge Bluetooth Speaker,Apple MacBook Air,Slim Wireless Mouse,,,,,,,,,,,,,,,,,,,,,,,,,,,,,
Backlit LED Gaming Keyboard,,,,,,,,,,,,,,,,,,,,,,,,,,,,,,,
Samsung Monitor,LG Monitor,Eluktronics Pro Gaming Laptop,Dell Desktop,Acer Desktop,iMac,Lenovo Desktop Computer,Panasonic In-Ear Headphone ,Epson Printer,AOC Monitor,HP USB Keyboard ,Apple Wireless Keyboard,Apple MacBook Pro,HP Monitor,ASUS Desktop,Dell Laptop,HP Desktop,Logitech ClearChat Headset,Brother Printer,Logitech Keyboard,,,,,,,,,,,,
Cambridge Bluetooth Speaker,Redragon Gaming Mouse,Kindle,,,,,,,,,,,,,,,,,,,,,,,,,,,,,
Kensington Headphones ,LG Monitor,Logitech MK270 Wireless Keyboard and Mouse Combo,HP Laptop,Logitech MK550 Wireless Wave Keyboard and Mouse Combo,Apple MacBook Pro,Slim Wireless Mouse,Microsoft Wireless Comfort Keyboard and Mouse,Wireless Portable Mouse,Apple TV,,,,,,,,,,,,,,,,,,,,,,
Dell Desktop,,,,,,,,,,,,,,,,,,,,,,,,,,,,,,,
iMac,Apple MacBook Pro,Apple Earpods,Apple MacBook Air,,,,,,,,,,,,,,,,,,,,,,,,,,,,
Sonos,Apple MacBook Pro,Apple Earpods,,,,,,,,,,,,,,,,,,,,,,,,,,,,,
Dell Wired Keyboard,Apple Earpods,Microsoft Wireless Desktop Keyboard and Mouse,,,,,,,,,,,,,,,,,,,,,,,,,,,,,
Apple Earpods,Apple MacBook Air,,,,,,,,,,,,,,,,,,,,,,,,,,,,,,
Backlit LED Gaming Keyboard,,,,,,,,,,,,,,,,,,,,,,,,,,,,,,,
ASUS Chromebook,Dell Desktop,ViewSonic Monitor,HP Laptop,Lenovo Desktop Computer,Epson Black Ink,Panasonic In-Ear Headphone ,Google Home,Height-Adjustable Standing Desk,Redragon Gaming Mouse,iPhone Charger Cable,Slim Wireless Mouse,Monster Beats By Dr Dre,iPad Pro ,JBL Splashproof Portable Bluetooth Speaker,Microsoft Wireless Desktop Keyboard and Mouse,,,,,,,,,,,,,,,,
Logitech MK270 Wireless Keyboard and Mouse Combo,Microsoft Wireless Comfort Keyboard and Mouse,,,,,,,,,,,,,,,,,,,,,,,,,,,,,,
Acer Desktop,iMac,HP Wireless Printer,Belkin Mouse Pad,Logitech ClearChat Headset,,,,,,,,,,,,,,,,,,,,,,,,,,,
Logitech ClearChat Headset,,,,,,,,,,,,,,,,,,,,,,,,,,,,,,,
Apple MacBook Air,,,,,,,,,,,,,,,,,,,,,,,,,,,,,,,
LG Monitor,Computer Game,iMac,ASUS Monitor,ASUS 2 Monitor,Apple MacBook Pro,Apple Earpods,Acer Desktop,Microsoft Wireless Comfort Keyboard and Mouse,Dell Laptop,iPad Pro ,,,,,,,,,,,,,,,,,,,,,
Otium Wireless Sports Bluetooth Headphone,LG Monitor,HP Laptop,iMac,Panasonic In-Ear Headphone ,3-Button Mouse,Dell Desktop,Logitech MK360 Wireless Keyboard and Mouse Combo,Multi Media Stand,,,,,,,,,,,,,,,,,,,,,,,
HP Laptop,iMac,Lenovo Desktop Computer,Epson Printer,Logitech 3-button Mouse,3-Button Mouse,Rii LED Gaming Keyboard & Mouse Combo ,Apple MacBook Pro,Apple Earpods,HP Monitor,Apple MacBook Air,ASUS Desktop,,,,,,,,,,,,,,,,,,,,
Dell Desktop,Lenovo Desktop Computer, Intel Desktop ,ASUS Desktop,,,,,,,,,,,,,,,,,,,,,,,,,,,,
HP Wireless Mouse,ViewSonic Monitor,iMac,3-Button Mouse,iPad,,,,,,,,,,,,,,,,,,,,,,,,,,,
Apple MacBook Air,,,,,,,,,,,,,,,,,,,,,,,,,,,,,,,
Samsung Monitor,HP Wireless Mouse,Eluktronics Pro Gaming Laptop,Acer Desktop,Dell 2 Desktop,HP Laptop,iMac,HP Wireless Printer,Alienware Laptop,Bose Companion Speakers,Microsoft Office Home and Student 2016,Slim Wireless Mouse,,,,,,,,,,,,,,,,,,,,
Lenovo Desktop Computer,3TB Portable External Hard Drive,Apple Earpods,Logitech ClearChat Headset,Microsoft Wireless Desktop Keyboard and Mouse,,,,,,,,,,,,,,,,,,,,,,,,,,,
Acer Monitor,HP Wireless Mouse,ASUS Chromebook,HP Laptop,HP Wireless Printer,Lenovo Desktop Computer,Epson Printer,CYBERPOWER Gamer Desktop,Smart Light Bulb,Microsoft Basic Optical Mouse,PC Gaming Headset,,,,,,,,,,,,,,,,,,,,,
Acer Monitor,ASUS 2 Monitor,Epson Printer,Microsoft Office Home and Student 2016,Computer Game,Apple Earpods,Eluktronics Pro Gaming Laptop,Brother Printer,,,,,,,,,,,,,,,,,,,,,,,,
Acer Aspire,Belkin Mouse Pad,,,,,,,,,,,,,,,,,,,,,,,,,,,,,,
Acer Monitor,Otium Wireless Sports Bluetooth Headphone,Eluktronics Pro Gaming Laptop,Dell 2 Desktop,iMac,ASUS Monitor,Cyber Acoustics,,Apple Wireless Keyboard,HP Monitor,iPad Pro ,,,,,,,,,,,,,,,,,,,,,
Apple Magic Keyboard,Lenovo Desktop Computer,,,,,,,,,,,,,,,,,,,,,,,,,,,,,,
Apple MacBook Pro,iPad Pro ,,,,,,,,,,,,,,,,,,,,,,,,,,,,,,
Logitech MK270 Wireless Keyboard and Mouse Combo,Acer Desktop,HP Monitor,,,,,,,,,,,,,,,,,,,,,,,,,,,,,
Acer Monitor,Dell Wired Keyboard,,,,,,,,,,,,,,,,,,,,,,,,,,,,,,
Acer Monitor,HP Wireless Mouse,LG Monitor,Logitech MK270 Wireless Keyboard and Mouse Combo,ViewSonic Monitor,HP Laptop,iMac,Microsoft Office Home and Student 2016,Logitech 3-button Mouse,Computer Game,Backlit LED Gaming Keyboard,,,,,,,,,,,,,,,,,,,,,
Acer Monitor,iMac,Apple Earpods,Zombie Gaming Headset,2TB Portable External Hard Drive,,,,,,,,,,,,,,,,,,,,,,,,,,,
iPad,,,,,,,,,,,,,,,,,,,,,,,,,,,,,,,
HP Laptop, Intel Desktop ,,Ailihen Stereo Headphones,Microsoft Office Home and Student 2016,CYBERPOWER Gamer Desktop,Belkin Mouse Pad,Generic Black 3-Button,Microsoft Basic Optical Mouse,Halter Acrylic Monitor Stand,HP USB Keyboard ,Slim Wireless Mouse,Dell Laptop,DYMO Label Manker  ,Multi Media Stand,Microsoft Wireless Desktop Keyboard and Mouse,,,,,,,,,,,,,,,,
ASUS Chromebook,Acer Aspire,Dell 2 Desktop,iMac,Lenovo Desktop Computer,Bose Companion Speakers,Google Home,3-Button Mouse,Rii LED Keyboard,PC Gaming Headset,Zombie Gaming Headset,Logitech Keyboard,,,,,,,,,,,,,,,,,,,,
Apple MacBook Air,Dell KM117 Wireless Keyboard & Mouse,,,,,,,,,,,,,,,,,,,,,,,,,,,,,,
Acer Monitor,Dell Desktop,Dell 2 Desktop,iMac,HP Wireless Printer,Lenovo Desktop Computer,Apple Magic Keyboard,Microsoft Office Home and Student 2016,Cyber Acoustics,ViewSonic Monitor,Fire TV Stick,Apple Earpods,ASUS Desktop,iPad Pro ,Microsoft Wireless Desktop Keyboard and Mouse,,,,,,,,,,,,,,,,,
LG Monitor,iMac,Apple Earpods,Apple MacBook Air,Slim Wireless Mouse,Microsoft Headset,iPad,,,,,,,,,,,,,,,,,,,,,,,,,
ViewSonic Monitor,HP Laptop,,,,,,,,,,,,,,,,,,,,,,,,,,,,,,
ASUS Chromebook,iMac,HP Wireless Printer,Belkin Mouse Pad,Microsoft Wireless Desktop Keyboard and Mouse,,,,,,,,,,,,,,,,,,,,,,,,,,,
Acer Desktop,,,,,,,,,,,,,,,,,,,,,,,,,,,,,,,
iMac,,,,,,,,,,,,,,,,,,,,,,,,,,,,,,,
HP Laptop,iMac,iPad Pro ,,,,,,,,,,,,,,,,,,,,,,,,,,,,,
ASUS Chromebook,Apple Magic Keyboard,,,,,,,,,,,,,,,,,,,,,,,,,,,,,,
Samsung Monitor,ASUS Chromebook,Dell 2 Desktop,ViewSonic Monitor,HP Laptop,iMac,ASUS Monitor,Panasonic In-Ear Headphone ,CYBERPOWER Gamer Desktop,AOC Monitor,Logitech 3-button Mouse,3-Button Mouse,HDMI Adapter,Apple Earpods,HP Monitor,Zombie Gaming Headset,Dell Laptop,Apple TV,DYMO Label Manker  ,iPad Pro ,Backlit LED Gaming Keyboard,,,,,,,,,,,
Acer Monitor,Cyber Acoustics,Apple MacBook Air,,,,,,,,,,,,,,,,,,,,,,,,,,,,,
iMac,ASUS 2 Monitor,Logitech Keyboard,CYBERPOWER Gamer Desktop,ASUS Desktop,,,,,,,,,,,,,,,,,,,,,,,,,,,
Samsung Monitor,Dell Desktop,Dell 2 Desktop,HP Laptop,HP Wireless Printer,Ailihen Stereo Headphones,Dell Monitor,Dell KM117 Wireless Keyboard & Mouse,PC Gaming Headset,,,,,,,,,,,,,,,,,,,,,,,
HP Laptop,,,,,,,,,,,,,,,,,,,,,,,,,,,,,,,
Samsung Monitor,HP Laptop,Logitech Wireless Mouse,iMac,Lenovo Desktop Computer,,,,,,,,,,,,,,,,,,,,,,,,,,,
HP Laptop, Intel Desktop ,,,,,,,,,,,,,,,,,,,,,,,,,,,,,,
Acer Monitor,Samsung Monitor,Kensington Headphones ,Ailihen Stereo Headphones,iMac,AOC Monitor,3-Button Mouse,Etekcity Power Extension Cord Cable,Belkin Mouse Pad,Dell Desktop,HP Monitor,Rii LED Keyboard,Dell Laptop,,,,,,,,,,,,,,,,,,,
Acer Monitor,HDMI Cable 6ft,HP Wireless Mouse,LG Monitor,ViewSonic Monitor,HP Laptop,HP Wireless Printer, Intel Desktop ,CYBERPOWER Gamer Desktop,Redragon Gaming Mouse,Apple MacBook Pro,Microsoft Wireless Desktop Keyboard and Mouse,,,,,,,,,,,,,,,,,,,,
ASUS 2 Monitor,Lenovo Desktop Computer,,,,,,,,,,,,,,,,,,,,,,,,,,,,,,
Logitech MK270 Wireless Keyboard and Mouse Combo,ASUS Monitor,Philips Flexible Earhook Headphone,,,,,,,,,,,,,,,,,,,,,,,,,,,,,
Apple MacBook Air,,,,,,,,,,,,,,,,,,,,,,,,,,,,,,,
Eluktronics Pro Gaming Laptop,Acer Aspire,Dell Desktop,Acer Desktop,iMac,Lenovo Desktop Computer,Cambridge Bluetooth Speaker,Microsoft Office Home and Student 2016,Logitech 3-button Mouse,Cyber Acoustics,Dell Desktop,Logitech MK360 Wireless Keyboard and Mouse Combo,Halter Acrylic Monitor Stand,Apple Earpods,Slim Wireless Mouse,Microsoft Wireless Comfort Keyboard and Mouse,Dell Laptop,Apple TV,Microsoft Wireless Desktop Keyboard and Mouse,,,,,,,,,,,,,
Acer Aspire,Microsoft Office Home and Student 2016,Apple MacBook Pro,Apple Earpods,,,,,,,,,,,,,,,,,,,,,,,,,,,,
iMac,Backlit LED Gaming Keyboard,,,,,,,,,,,,,,,,,,,,,,,,,,,,,,
Logitech Keyboard,Brother Printer Toner,,,,,,,,,,,,,,,,,,,,,,,,,,,,,,
Lenovo Desktop Computer,Apple MacBook Air,,,,,,,,,,,,,,,,,,,,,,,,,,,,,,
Dell Desktop,Dell 2 Desktop,ViewSonic Monitor,HP Laptop,ASUS Monitor,Lenovo Desktop Computer,Bose Companion Speakers,Microsoft Office Home and Student 2016,Belkin Mouse Pad,Apple MacBook Pro,Apple Earpods,Slim Wireless Mouse,Backlit LED Gaming Keyboard,,,,,,,,,,,,,,,,,,,
Dell Desktop,,,,,,,,,,,,,,,,,,,,,,,,,,,,,,,
HP Monitor,Rii LED Keyboard,Backlit LED Gaming Keyboard,,,,,,,,,,,,,,,,,,,,,,,,,,,,,
Eluktronics Pro Gaming Laptop,Philips Flexible Earhook Headphone,Dell KM117 Wireless Keyboard & Mouse,,,,,,,,,,,,,,,,,,,,,,,,,,,,,
Backlit LED Gaming Keyboard,,,,,,,,,,,,,,,,,,,,,,,,,,,,,,,
Dell Laptop,,,,,,,,,,,,,,,,,,,,,,,,,,,,,,,
Apple Earpods,Slim Wireless Mouse,Dell Laptop,,,,,,,,,,,,,,,,,,,,,,,,,,,,,
Sonos,,,,,,,,,,,,,,,,,,,,,,,,,,,,,,,
ASUS Chromebook,Eluktronics Pro Gaming Laptop,Dell 2 Desktop,ViewSonic Monitor,Computer Game,HP Laptop,HP Wireless Printer,Lenovo Desktop Computer,Cambridge Bluetooth Speaker,CYBERPOWER Gamer Desktop,Dell Desktop,Redragon Gaming Mouse,Apple Earpods,HP Monitor,Slim Wireless Mouse,Microsoft Wireless Comfort Keyboard and Mouse,Rii LED Keyboard,,,,,,,,,,,,,,,
Samsung Monitor,HP Wireless Mouse,Acer Desktop,Logitech MK270 Wireless Keyboard and Mouse Combo,Dell 2 Desktop,ViewSonic Monitor,Computer Game,HP Laptop,iMac,ASUS Monitor,Apple Magic Keyboard,Sonos,CYBERPOWER Gamer Desktop,Belkin Mouse Pad,Fire HD Tablet,VGA Monitor Cable,Apple MacBook Pro,Apple MacBook Air,Canon Office Printer,Brother Printer,,,,,,,,,,,,
Lenovo Desktop Computer,LG Touchscreen Laptop,,,,,,,,,,,,,,,,,,,,,,,,,,,,,,
iMac,CYBERPOWER Gamer Desktop,,,,,,,,,,,,,,,,,,,,,,,,,,,,,,
Sonos,,,,,,,,,,,,,,,,,,,,,,,,,,,,,,,
Acer Monitor,Samsung Monitor,HP Wireless Mouse,HP Laptop,iMac,ASUS 2 Monitor,Brother Printer Toner,iPad,Zombie Gaming Headset,,,,,,,,,,,,,,,,,,,,,,,
Eluktronics Pro Gaming Laptop,Epson Printer,Cambridge Bluetooth Speaker,Microsoft Office Home and Student 2016,,,,,,,,,,,,,,,,,,,,,,,,,,,,
Acer Monitor,Samsung Monitor,LG Monitor,ASUS 2 Monitor,Apple Earpods,ASUS Desktop,iPad Pro ,,,,,,,,,,,,,,,,,,,,,,,,,
Acer Monitor,Otium Wireless Sports Bluetooth Headphone,LG Monitor,ViewSonic Monitor,Computer Game,iMac,Slim 2TB Portable External Hard Drive,Height-Adjustable Standing Desk,Apple Earpods,Dell Laptop,,,,,,,,,,,,,,,,,,,,,,
Samsung Monitor,Eluktronics Pro Gaming Laptop,HP Laptop,Lenovo Desktop Computer,Panasonic In-Ear Headphone ,Logitech 3-button Mouse,Dell Desktop,HP Monitor,Apple MacBook Air,Apple TV,1TB Portable External Hard Drive,iPad Pro ,Backlit LED Gaming Keyboard,,,,,,,,,,,,,,,,,,,
LG Monitor,Dell Desktop,Acer Desktop,ViewSonic Monitor,Logitech Keyboard,CYBERPOWER Gamer Desktop,Belkin Mouse Pad,PC Gaming Headset,iPad Pro ,JBL Splashproof Portable Bluetooth Speaker,,,,,,,,,,,,,,,,,,,,,,
Lenovo Desktop Computer,Apple MacBook Pro,LG Touchscreen Laptop,,,,,,,,,,,,,,,,,,,,,,,,,,,,,
HDMI Cable 6ft,Otium Wireless Sports Bluetooth Headphone,Dell Desktop,Acer Desktop,HP Laptop,Lenovo Desktop Computer,Bose Companion Speakers,Dell Wired Keyboard,AOC Monitor,Brother Printer Toner,Etekcity Power Extension Cord Cable,Belkin Mouse Pad,Microsoft Basic Optical Mouse,Apple Wireless Keyboard,Apple Earpods,Large Mouse Pad,iPad Pro ,Roku Express,,,,,,,,,,,,,,
HP Laptop,ASUS Monitor,CYBERPOWER Gamer Desktop,Halter Mesh Metal Monitor Stand,,,,,,,,,,,,,,,,,,,,,,,,,,,,
Samsung Monitor,Apple Earpods,Logitech ClearChat Headset,,,,,,,,,,,,,,,,,,,,,,,,,,,,,
ASUS Chromebook,HP Black & Tri-color Ink ,HP Laptop,iMac,Mackie CR Speakers,,,,,,,,,,,,,,,,,,,,,,,,,,,
JBL Splashproof Portable Bluetooth Speaker,,,,,,,,,,,,,,,,,,,,,,,,,,,,,,,
LG Monitor,HP Laptop,,,,,,,,,,,,,,,,,,,,,,,,,,,,,,
ASUS Chromebook,Etekcity Power Extension Cord Cable,Apple Wireless Keyboard,EagleTec Wireless Combo Keyboard and Mouse,,,,,,,,,,,,,,,,,,,,,,,,,,,,
iMac,Wireless Portable Mouse,,,,,,,,,,,,,,,,,,,,,,,,,,,,,,
HP Wireless Mouse,LG Monitor,ASUS Chromebook,HP Laptop,iMac,ASUS Monitor,Apple Magic Keyboard,Koss Home Headphones, Intel Desktop ,Dell Wired Keyboard,Epson Printer,,3-Button Mouse,Dell Desktop,Apple Earpods,ASUS Desktop,Wireless Portable Mouse,Logitech ClearChat Headset,iPad,,,,,,,,,,,,,
Lenovo Desktop Computer,Microsoft Basic Optical Mouse,Apple Earpods,HP Monitor,Apple MacBook Air,Slim Wireless Mouse,,,,,,,,,,,,,,,,,,,,,,,,,,
Slim Wireless Mouse,iPad,,,,,,,,,,,,,,,,,,,,,,,,,,,,,,
Acer Desktop,Logitech ClearChat Headset,,,,,,,,,,,,,,,,,,,,,,,,,,,,,,
Samsung Monitor,Dell Desktop,ViewSonic Monitor,HP Black & Tri-color Ink ,iMac,iMac ,Etekcity Power Extension Cord Cable,,,,,,,,,,,,,,,,,,,,,,,,,
ASUS 2 Monitor,Lenovo Desktop Computer,3-Button Mouse,Apple MacBook Pro,HP Monitor,JBL Splashproof Portable Bluetooth Speaker,Logitech Keyboard,,,,,,,,,,,,,,,,,,,,,,,,,
ASUS Chromebook,Lenovo Desktop Computer,AOC Monitor,Rii LED Gaming Keyboard & Mouse Combo ,Apple Earpods,HP Monitor,Apple MacBook Air,Kindle ,Dell Laptop,,,,,,,,,,,,,,,,,,,,,,,
Slim Wireless Mouse,,,,,,,,,,,,,,,,,,,,,,,,,,,,,,,
Acer Monitor,Dell Monitor,3-Button Mouse,Apple MacBook Pro,Apple MacBook Air,,,,,,,,,,,,,,,,,,,,,,,,,,,
HP Wireless Printer,Apple MacBook Air,,,,,,,,,,,,,,,,,,,,,,,,,,,,,,
Acer Monitor,HDMI Cable 6ft,Eluktronics Pro Gaming Laptop,HP Laptop,Belkin Mouse Pad,Dell Laptop,,,,,,,,,,,,,,,,,,,,,,,,,,
iMac,ASUS Monitor,Microsoft Office Home and Student 2016,Smart Light Bulb,,,,,,,,,,,,,,,,,,,,,,,,,,,,
Rokono Mini Speaker,,,,,,,,,,,,,,,,,,,,,,,,,,,,,,,
Acer Desktop,HP Desktop,,,,,,,,,,,,,,,,,,,,,,,,,,,,,,
Samsung Monitor,Dell 2 Desktop,ASUS 2 Monitor,Lenovo Desktop Computer,Apple Magic Keyboard, Intel Desktop ,Epson Printer,Logitech Multimedia Speakers,HP Monitor,iPad Pro ,Microsoft Wireless Desktop Keyboard and Mouse,,,,,,,,,,,,,,,,,,,,,
ViewSonic Monitor,Lenovo Desktop Computer,,,,,,,,,,,,,,,,,,,,,,,,,,,,,,
Acer Monitor,HDMI Cable 6ft,iMac,ASUS Monitor,Lenovo Desktop Computer,Panasonic In-Ear Headphone ,Logitech MK550 Wireless Wave Keyboard and Mouse Combo,Microsoft Office Home and Student 2016,3TB Portable External Hard Drive,Smart Light Bulb,iPad Pro ,,,,,,,,,,,,,,,,,,,,,
HDMI Cable 6ft,ASUS Chromebook,HP Laptop,iMac,Microsoft Office Home and Student 2016,Etekcity Power Extension Cord Cable,Dell Desktop,HDMI Adapter,Apple MacBook Pro,Logitech Keyboard,,,,,,,,,,,,,,,,,,,,,,
Acer Desktop,,,,,,,,,,,,,,,,,,,,,,,,,,,,,,,
Acer Aspire,Dell Desktop,Panasonic In-Ear Headphone ,Sonos,Microsoft Office Home and Student 2016,Zombie Gaming Headset,Backlit LED Gaming Keyboard,,,,,,,,,,,,,,,,,,,,,,,,,
Apple Earpods,,,,,,,,,,,,,,,,,,,,,,,,,,,,,,,
Dell Desktop,,,,,,,,,,,,,,,,,,,,,,,,,,,,,,,
Eluktronics Pro Gaming Laptop,HP Laptop,Full Motion Monitor Mount,,,,,,,,,,,,,,,,,,,,,,,,,,,,,
iMac,,,,,,,,,,,,,,,,,,,,,,,,,,,,,,,
5TB Desktop Hard Drive,iPhone Charger Cable,,,,,,,,,,,,,,,,,,,,,,,,,,,,,,
Acer Monitor,Dell Desktop,Logitech MK270 Wireless Keyboard and Mouse Combo,HP Laptop,CYBERPOWER Gamer Desktop,AOC Monitor,Apple Earpods,Zombie Gaming Headset,Apple MacBook Air,ASUS Desktop,iPad,HP Laptop,DYMO Labeling Tape ,,,,,,,,,,,,,,,,,,,
Dell KM117 Wireless Keyboard & Mouse,,,,,,,,,,,,,,,,,,,,,,,,,,,,,,,
Dell 2 Desktop,Slim 2TB Portable External Hard Drive,Apple MacBook Air,Microsoft Wireless Desktop Keyboard and Mouse,,,,,,,,,,,,,,,,,,,,,,,,,,,,
Samsung Monitor,Acer Aspire,Dell Desktop,Dell 2 Desktop,ViewSonic Monitor,HP Laptop,Epson Black Ink,ASUS 2 Monitor,iMac ,Cyber Acoustics,Etekcity Power Extension Cord Cable,Apple Wireless Keyboard,Apple Earpods,HP Monitor,Apple MacBook Air,Gaming Mouse Professional,1TB Portable External Hard Drive,iPad Pro ,,,,,,,,,,,,,,
Slim Wireless Mouse,,,,,,,,,,,,,,,,,,,,,,,,,,,,,,,
Acer Monitor,Otium Wireless Sports Bluetooth Headphone,Acer Aspire,Acer Desktop,HP Laptop,iMac,Lenovo Desktop Computer,Panasonic In-Ear Headphone ,Apple MacBook Air,Epson Black Ink,,,,,,,,,,,,,,,,,,,,,,
LG Monitor,Dell Desktop,Acer Desktop,5TB Desktop Hard Drive,HP Laptop,Cambridge Bluetooth Speaker,Belkin Mouse Pad,Backlit LED Gaming Keyboard,,,,,,,,,,,,,,,,,,,,,,,,
Acer Desktop,HP Monitor,Apple MacBook Air,Microsoft Headset,Dell Laptop,Microsoft Wireless Desktop Keyboard and Mouse,,,,,,,,,,,,,,,,,,,,,,,,,,
Sonos,,,,,,,,,,,,,,,,,,,,,,,,,,,,,,,
Dell Laptop,iPad,Microsoft Wireless Desktop Keyboard and Mouse,,,,,,,,,,,,,,,,,,,,,,,,,,,,,
iMac,CYBERPOWER Gamer Desktop,AOC Monitor,Logitech 3-button Mouse,Belkin Mouse Pad,,,,,,,,,,,,,,,,,,,,,,,,,,,
HP Laptop,HP Monitor,Microsoft Headset,,,,,,,,,,,,,,,,,,,,,,,,,,,,,
Apple Wired Keyboard,,,,,,,,,,,,,,,,,,,,,,,,,,,,,,,
iMac,Apple Magic Keyboard,3-Button Mouse,Belkin Mouse Pad,Microsoft Wireless Desktop Keyboard and Mouse,,,,,,,,,,,,,,,,,,,,,,,,,,,
Acer Desktop,HP Laptop,iMac,HP Wireless Printer,Alienware Laptop,Lenovo Desktop Computer, Intel Desktop ,Samsung Charging Cable,Dell Monitor,CYBERPOWER Gamer Desktop,AOC Monitor,Fire HD Tablet,HP Monitor,Slim Wireless Mouse,ASUS Desktop,Dell Laptop,HP Desktop,iPad Pro ,,,,,,,,,,,,,,
Acer Monitor,iMac,Epson Printer,HP Monitor,,,,,,,,,,,,,,,,,,,,,,,,,,,,
LG Monitor,iMac,,,,,,,,,,,,,,,,,,,,,,,,,,,,,,
Acer Aspire,HP Laptop,Apple Wired Keyboard,,,,,,,,,,,,,,,,,,,,,,,,,,,,,
Apple MacBook Air,,,,,,,,,,,,,,,,,,,,,,,,,,,,,,,
Acer Aspire,Acer Desktop,Google Home,Apple MacBook Pro,Apple Earpods,,,,,,,,,,,,,,,,,,,,,,,,,,,
Eluktronics Pro Gaming Laptop,Logitech MK270 Wireless Keyboard and Mouse Combo,iMac,Mackie CR Speakers,Dell Desktop,Apple MacBook Pro,,,,,,,,,,,,,,,,,,,,,,,,,,
Apple Magic Keyboard, Intel Desktop ,,,,,,,,,,,,,,,,,,,,,,,,,,,,,,
Samsung Monitor,Dell Desktop,Logitech MK270 Wireless Keyboard and Mouse Combo,Dell 2 Desktop,HP Laptop,3-Button Mouse,Apple Earpods,Dell Laptop,iPad Pro ,Microsoft Wireless Desktop Keyboard and Mouse,,,,,,,,,,,,,,,,,,,,,,
Acer Aspire,Dell Desktop,ViewSonic Monitor,HP Laptop,ASUS Monitor,Lenovo Desktop Computer,Apple Magic Keyboard,Slim Wireless Mouse,HP Desktop,,,,,,,,,,,,,,,,,,,,,,,
CYBERPOWER Gamer Desktop,Belkin Mouse Pad,Apple MacBook Air,,,,,,,,,,,,,,,,,,,,,,,,,,,,,
Panasonic In-Ear Headphone ,Ailihen Stereo Headphones,Belkin Mouse Pad,Apple MacBook Pro,Apple MacBook Air,,,,,,,,,,,,,,,,,,,,,,,,,,,
Alienware Laptop,Lenovo Desktop Computer,Slim Wireless Mouse,Dell Laptop,,,,,,,,,,,,,,,,,,,,,,,,,,,,
Samsung Monitor,ViewSonic Monitor,Apple Earpods,Apple MacBook Air,Slim Wireless Mouse,Microsoft Wireless Comfort Keyboard and Mouse,,,,,,,,,,,,,,,,,,,,,,,,,,
HP Laptop,Koss Home Headphones,Belkin Mouse Pad,Apple MacBook Pro,Apple MacBook Air,,,,,,,,,,,,,,,,,,,,,,,,,,,
ASUS Chromebook,ViewSonic Monitor,HP Black & Tri-color Ink ,Logitech Wireless Mouse,ASUS Monitor,Panasonic In-Ear Headphone ,Microsoft Office Home and Student 2016,HDMI Adapter,Apple MacBook Pro,,,,,,,,,,,,,,,,,,,,,,,
Eluktronics Pro Gaming Laptop,Dell Desktop,HP Laptop,iMac,ASUS Monitor,ASUS 2 Monitor,HP Wireless Printer,Lenovo Desktop Computer,Apple Magic Keyboard,Bose Companion Speakers,Microsoft Office Home and Student 2016,3-Button Mouse,Rii LED Gaming Keyboard & Mouse Combo ,Belkin Mouse Pad,Generic Black 3-Button,Halter Acrylic Monitor Stand,Redragon Gaming Mouse,Apple MacBook Pro,Apple MacBook Air,Brother Printer,iPad Pro ,,,,,,,,,,,
HP Wireless Mouse,Epson Printer,Apple MacBook Air,,,,,,,,,,,,,,,,,,,,,,,,,,,,,
Samsung Monitor,Otium Wireless Sports Bluetooth Headphone,HP Black & Tri-color Ink ,HP Laptop,Koss Home Headphones,Belkin Mouse Pad,Redragon Gaming Mouse,Microsoft Wireless Desktop Keyboard and Mouse,,,,,,,,,,,,,,,,,,,,,,,,
Samsung Monitor,Acer Aspire,Apple Earpods,HP Monitor,Slim Wireless Mouse,iPad Pro ,DYMO Labeling Tape ,,,,,,,,,,,,,,,,,,,,,,,,,
Apple MacBook Pro,Apple MacBook Air,,,,,,,,,,,,,,,,,,,,,,,,,,,,,,
3-Button Mouse,Apple Earpods,,,,,,,,,,,,,,,,,,,,,,,,,,,,,,
Redragon Gaming Mouse,,,,,,,,,,,,,,,,,,,,,,,,,,,,,,,
HP Laptop,iMac,Alienware Laptop,Lenovo Desktop Computer,Apple Magic Keyboard,Microsoft Office Home and Student 2016,3-Button Mouse,Microsoft Wireless Comfort Keyboard and Mouse,,,,,,,,,,,,,,,,,,,,,,,,
iMac,Microsoft Office Home and Student 2016,Logitech 3-button Mouse,3-Button Mouse,,,,,,,,,,,,,,,,,,,,,,,,,,,,
HP Laptop,ASUS Monitor,Lenovo Desktop Computer,Microsoft Office Home and Student 2016,3-Button Mouse,Apple MacBook Air,HP Desktop,Halter Mesh Metal Monitor Stand,,,,,,,,,,,,,,,,,,,,,,,,
Dell Desktop,Lenovo Desktop Computer,Halter Acrylic Monitor Stand,Apple MacBook Pro,Apple MacBook Air,,,,,,,,,,,,,,,,,,,,,,,,,,,
Acer Aspire,Dell Desktop,Computer Game,HP Laptop,Alienware Laptop,,,,,,,,,,,,,,,,,,,,,,,,,,,
LG Monitor,Alienware Laptop,Microsoft Basic Optical Mouse,Apple Earpods,Apple MacBook Air,iPhone Charger Cable,,,,,,,,,,,,,,,,,,,,,,,,,,
Apple MacBook Air,Dell KM117 Wireless Keyboard & Mouse,,,,,,,,,,,,,,,,,,,,,,,,,,,,,,
Acer Monitor,LG Monitor,Eluktronics Pro Gaming Laptop,Acer Desktop,HP Laptop,iMac,CYBERPOWER Gamer Desktop,AOC Monitor,3-Button Mouse,Logitech MK360 Wireless Keyboard and Mouse Combo,Wireless Portable Mouse,Dell Laptop,,,,,,,,,,,,,,,,,,,,
Lenovo Desktop Computer,Generic Black 3-Button,HP Desktop,,,,,,,,,,,,,,,,,,,,,,,,,,,,,
Samsung Monitor,HP Laptop,iMac,HP Monitor,,,,,,,,,,,,,,,,,,,,,,,,,,,,
 Intel Desktop ,Logitech ClearChat Headset,,,,,,,,,,,,,,,,,,,,,,,,,,,,,,
HP Laptop,,,,,,,,,,,,,,,,,,,,,,,,,,,,,,,
Samsung Monitor,iMac,AOC Monitor,,,,,,,,,,,,,,,,,,,,,,,,,,,,,
Acer Monitor,LG Monitor,Acer Desktop,Dell 2 Desktop,ViewSonic Monitor,HP Laptop,iMac,3-Button Mouse,Brother Printer Toner,Zombie Gaming Headset,Microsoft Wireless Desktop Keyboard and Mouse,,,,,,,,,,,,,,,,,,,,,
Acer Aspire,iMac,Lenovo Desktop Computer,Panasonic In-Ear Headphone ,Microsoft Office Home and Student 2016,Full Motion Monitor Mount,Apple MacBook Air,,,,,,,,,,,,,,,,,,,,,,,,,
HDMI Cable 6ft,Lenovo Desktop Computer,3-Button Mouse,Apple Wireless Keyboard,Wireless Portable Mouse,Dell Laptop,2TB Portable External Hard Drive,,,,,,,,,,,,,,,,,,,,,,,,,
Apple Earpods,,,,,,,,,,,,,,,,,,,,,,,,,,,,,,,
Acer Monitor,iMac,Lenovo Desktop Computer,iPad Pro ,,,,,,,,,,,,,,,,,,,,,,,,,,,,
Acer Aspire,iMac,Apple MacBook Pro,Apple Earpods,HP Monitor,Apple MacBook Air,,,,,,,,,,,,,,,,,,,,,,,,,,
Ailihen Stereo Headphones,Logitech 3-button Mouse,Apple MacBook Air,Philips Flexible Earhook Headphone,Backlit LED Gaming Keyboard,,,,,,,,,,,,,,,,,,,,,,,,,,,
iMac,,,,,,,,,,,,,,,,,,,,,,,,,,,,,,,
HDMI Cable 6ft,LG Monitor,Microsoft Wireless Desktop Keyboard and Mouse,,,,,,,,,,,,,,,,,,,,,,,,,,,,,
Samsung Monitor,Dell Desktop,Acer Desktop,Dell 2 Desktop,HP Laptop,iMac,ASUS Monitor,ASUS 2 Monitor,Apple Magic Keyboard,Redragon Gaming Mouse,Slim Wireless Mouse,Microsoft Wireless Comfort Keyboard and Mouse,Logitech Keyboard,Microsoft Wireless Desktop Keyboard and Mouse,,,,,,,,,,,,,,,,,,
Microsoft Wireless Desktop Keyboard and Mouse,,,,,,,,,,,,,,,,,,,,,,,,,,,,,,,
Generic Black 3-Button,Slim Wireless Mouse,,,,,,,,,,,,,,,,,,,,,,,,,,,,,,
Ailihen Stereo Headphones,Large Mouse Pad,,,,,,,,,,,,,,,,,,,,,,,,,,,,,,
iMac,AOC Monitor,Belkin Mouse Pad,Redragon Gaming Mouse,Apple Earpods,,,,,,,,,,,,,,,,,,,,,,,,,,,
Apple Earpods,Apple MacBook Air,,,,,,,,,,,,,,,,,,,,,,,,,,,,,,
3-Button Mouse,Apple Earpods,Acer Desktop,Apple MacBook Air,Slim Wireless Mouse,Dell Laptop,Microsoft Wireless Desktop Keyboard and Mouse,,,,,,,,,,,,,,,,,,,,,,,,,
Acer Monitor,Dell Desktop,Acer Desktop,HP Laptop,Lenovo Desktop Computer,Apple Magic Keyboard,CYBERPOWER Gamer Desktop,Apple MacBook Pro,Apple Earpods,Acer Desktop,Dell Laptop,Dell Laptop,iPad,Microsoft Wireless Desktop Keyboard and Mouse,,,,,,,,,,,,,,,,,,
Lenovo Desktop Computer,Bose Companion Speakers,Microsoft Office Home and Student 2016,CYBERPOWER Gamer Desktop,ASUS Desktop,,,,,,,,,,,,,,,,,,,,,,,,,,,
Microsoft Office Home and Student 2016,Apple MacBook Air,Large Mouse Pad,Logitech ClearChat Headset,Microsoft Wireless Desktop Keyboard and Mouse,,,,,,,,,,,,,,,,,,,,,,,,,,,
Samsung Monitor,HP Laptop,iMac,ASUS Monitor,HP Monitor,,,,,,,,,,,,,,,,,,,,,,,,,,,
HDMI Cable 6ft,iMac,AOC Monitor,,,,,,,,,,,,,,,,,,,,,,,,,,,,,
HP Laptop,iMac,3-Button Mouse,Slim Wireless Mouse,iPad,,,,,,,,,,,,,,,,,,,,,,,,,,,
Dell Desktop,Lenovo Desktop Computer,Apple Earpods,,,,,,,,,,,,,,,,,,,,,,,,,,,,,
iMac,Logitech 3-button Mouse,Belkin Mouse Pad,,,,,,,,,,,,,,,,,,,,,,,,,,,,,
Samsung Monitor,LG Monitor,Acer Aspire,Dell Desktop,Acer Desktop,ViewSonic Monitor,iMac,ASUS Monitor,ASUS 2 Monitor,Lenovo Desktop Computer,iPhone Charger Cable,Panasonic In-Ear Headphone ,Logitech MK550 Wireless Wave Keyboard and Mouse Combo,Epson Printer,Ailihen Stereo Headphones,Dell Monitor,Logitech 3-button Mouse,Belkin Mouse Pad,Smart Light Bulb,Redragon Gaming Mouse,APIE Bluetooth Headphone,Apple Earpods,HP Monitor,Monster Beats By Dr Dre,Dell Laptop,2TB Portable External Hard Drive,Brother Printer,iPad Pro ,Epson Black Ink,,,
Apple Earpods,,,,,,,,,,,,,,,,,,,,,,,,,,,,,,,
Dell Desktop,iMac,,,,,,,,,,,,,,,,,,,,,,,,,,,,,,
Microsoft Office Home and Student 2016,3-Button Mouse,Apple MacBook Air,Apple MacBook Air,ASUS Desktop,Dell Laptop,Sceptre Monitor,Backlit LED Gaming Keyboard,,,,,,,,,,,,,,,,,,,,,,,,
Dell KM117 Wireless Keyboard & Mouse,,,,,,,,,,,,,,,,,,,,,,,,,,,,,,,
CYBERPOWER Gamer Desktop,,,,,,,,,,,,,,,,,,,,,,,,,,,,,,,
HP Laptop,Ailihen Stereo Headphones,Logitech 3-button Mouse,Dell KM117 Wireless Keyboard & Mouse,,,,,,,,,,,,,,,,,,,,,,,,,,,,
Acer Monitor,Acer Desktop,Koss Home Headphones,Brother Printer Toner,Microsoft Headset,Dell Laptop,,,,,,,,,,,,,,,,,,,,,,,,,,
Acer Aspire,ViewSonic Monitor,HP Laptop,Bose Companion Speakers,Microsoft Office Home and Student 2016,Ethernet Cable,Apple Earpods,Wireless Portable Mouse,iPad,Backlit LED Gaming Keyboard,,,,,,,,,,,,,,,,,,,,,,
HP Wireless Printer,Alienware Laptop,Logitech 3-button Mouse,Apple MacBook Air,Microsoft Wireless Desktop Keyboard and Mouse,,,,,,,,,,,,,,,,,,,,,,,,,,,
Dell Desktop,iMac,Lenovo Desktop Computer,Brother Printer Toner,Apple MacBook Pro,Apple Earpods,Logitech ClearChat Headset,,,,,,,,,,,,,,,,,,,,,,,,,
Eluktronics Pro Gaming Laptop,Dell Desktop,HP Laptop,Microsoft Wireless Desktop Keyboard and Mouse,,,,,,,,,,,,,,,,,,,,,,,,,,,,
Apple Earpods,,,,,,,,,,,,,,,,,,,,,,,,,,,,,,,
HP Wireless Mouse,HP Laptop,iMac,Lenovo Desktop Computer,Epson Printer,CYBERPOWER Gamer Desktop,Etekcity Power Extension Cord Cable,Apple MacBook Air,Apple MacBook Air,ASUS Desktop,,,,,,,,,,,,,,,,,,,,,,
CYBERPOWER Gamer Desktop,Dell Desktop,,,,,,,,,,,,,,,,,,,,,,,,,,,,,,
ASUS Monitor,ASUS 2 Monitor,Lenovo Desktop Computer,Apple Magic Keyboard,Belkin Mouse Pad,Slim Wireless Mouse,Brother Printer,,,,,,,,,,,,,,,,,,,,,,,,,
Acer Desktop,HP Black & Tri-color Ink ,HP Laptop,iMac,Apple Magic Keyboard,,,,,,,,,,,,,,,,,,,,,,,,,,,
HP Desktop,,,,,,,,,,,,,,,,,,,,,,,,,,,,,,,
Samsung Monitor,Dell Desktop,HP Laptop,iMac,Epson Printer,CYBERPOWER Gamer Desktop,AOC Monitor,Logitech 3-button Mouse,iMac ,Etekcity Power Extension Cord Cable,Dell Desktop,,,,,,,,,,,,,,,,,,,,,
Logitech MK270 Wireless Keyboard and Mouse Combo,HP Laptop,ASUS Monitor,Backlit LED Gaming Keyboard,,,,,,,,,,,,,,,,,,,,,,,,,,,,
Brother Printer Toner,,,,,,,,,,,,,,,,,,,,,,,,,,,,,,,
Microsoft Office Home and Student 2016,AOC Monitor,3-Button Mouse,Apple MacBook Air,Backlit LED Gaming Keyboard,,,,,,,,,,,,,,,,,,,,,,,,,,,
3-Button Mouse,,,,,,,,,,,,,,,,,,,,,,,,,,,,,,,
ViewSonic Monitor,iMac,Logitech 3-button Mouse,Belkin Mouse Pad,,,,,,,,,,,,,,,,,,,,,,,,,,,,
iMac,Microsoft Office Home and Student 2016,,,,,,,,,,,,,,,,,,,,,,,,,,,,,,
Otium Wireless Sports Bluetooth Headphone,Acer Aspire,iMac,,,,,,,,,,,,,,,,,,,,,,,,,,,,,
Apple MacBook Air,,,,,,,,,,,,,,,,,,,,,,,,,,,,,,,
Acer Monitor,LG Monitor,HP Laptop,Alienware Laptop,Bose Companion Speakers,Panasonic In-Ear Headphone ,Logitech 3-button Mouse,Belkin Mouse Pad,,,,,,,,,,,,,,,,,,,,,,,,
Logitech MK270 Wireless Keyboard and Mouse Combo,HP Laptop,3-Button Mouse,Apple TV,,,,,,,,,,,,,,,,,,,,,,,,,,,,
Sceptre Monitor,,,,,,,,,,,,,,,,,,,,,,,,,,,,,,,
HP Laptop,Apple MacBook Air,Logitech Stereo Headset ,,,,,,,,,,,,,,,,,,,,,,,,,,,,,
Dell Desktop,iMac,ASUS Monitor,Alienware Laptop,Logitech 3-button Mouse,3-Button Mouse,,,,,,,,,,,,,,,,,,,,,,,,,,
HP Wireless Mouse,iMac,ASUS Monitor,ASUS 2 Monitor,Microsoft Office Home and Student 2016,Backlit LED Gaming Keyboard,,,,,,,,,,,,,,,,,,,,,,,,,,
Apple Earpods,,,,,,,,,,,,,,,,,,,,,,,,,,,,,,,
HDMI Cable 6ft,LG Monitor,Dell 2 Desktop,ViewSonic Monitor,Etekcity Power Extension Cord Cable,Apple Earpods,Apple MacBook Air,Slim Wireless Mouse,Microsoft Wireless Comfort Keyboard and Mouse,Backlit LED Gaming Keyboard,,,,,,,,,,,,,,,,,,,,,,
LG Monitor,Dell Desktop,Logitech MK270 Wireless Keyboard and Mouse Combo,Computer Game,HP Laptop,iMac,Lenovo Desktop Computer,Epson Printer,APIE Bluetooth Headphone,Apple MacBook Pro,PC Gaming Headset,,,,,,,,,,,,,,,,,,,,,
Epson Printer,Cyber Acoustics,Apple MacBook Pro,Apple Earpods,,,,,,,,,,,,,,,,,,,,,,,,,,,,
ASUS Chromebook,HP Laptop,iMac,Logitech 3-button Mouse,Wireless Portable Mouse,,,,,,,,,,,,,,,,,,,,,,,,,,,
LG Monitor,Acer Desktop,Logitech MK270 Wireless Keyboard and Mouse Combo,HP Laptop,iMac,3-Button Mouse,Rii LED Gaming Keyboard & Mouse Combo ,Etekcity Power Extension Cord Cable,Dell Desktop,HP USB Keyboard ,Dell Laptop,,,,,,,,,,,,,,,,,,,,,
HP Wireless Printer,,,,,,,,,,,,,,,,,,,,,,,,,,,,,,,
LG Monitor,Lenovo Desktop Computer,Bose Companion Speakers,Slim Wireless Mouse,,,,,,,,,,,,,,,,,,,,,,,,,,,,
HP Wireless Mouse,Eluktronics Pro Gaming Laptop,Acer Aspire,Dell Desktop,Acer Desktop,HP Laptop,Lenovo Desktop Computer,CYBERPOWER Gamer Desktop,Fire HD Tablet,Full Motion Monitor Mount,Rii LED Keyboard,iPad Pro ,Backlit LED Gaming Keyboard,,,,,,,,,,,,,,,,,,,
Eluktronics Pro Gaming Laptop,Acer Aspire,Dell Desktop,HP Laptop,Apple Magic Keyboard,Slim 2TB Portable External Hard Drive,AOC Monitor,Brother Printer,iPad Pro ,,,,,,,,,,,,,,,,,,,,,,,
HP Wireless Mouse,LG Monitor,ASUS Chromebook,Eluktronics Pro Gaming Laptop,Acer Aspire,HP Laptop,Logitech Wireless Mouse,iMac,3-Button Mouse,iPad Pro ,,,,,,,,,,,,,,,,,,,,,,
Smart Light Bulb,Backlit LED Gaming Keyboard,Halter Mesh Metal Monitor Stand,,,,,,,,,,,,,,,,,,,,,,,,,,,,,
HP Laptop,HP Wireless Printer,Logitech 3-button Mouse,Lenovo Desktop Computer,Belkin Mouse Pad,HP Monitor,Backlit LED Gaming Keyboard,,,,,,,,,,,,,,,,,,,,,,,,,
ASUS 2 Monitor,Apple MacBook Pro,Apple Earpods,,,,,,,,,,,,,,,,,,,,,,,,,,,,,
Dell Desktop,ViewSonic Monitor,HP Laptop,iMac,Dell Wired Keyboard,,,,,,,,,,,,,,,,,,,,,,,,,,,
CYBERPOWER Gamer Desktop,,,,,,,,,,,,,,,,,,,,,,,,,,,,,,,
Otium Wireless Sports Bluetooth Headphone,HP Wireless Printer,Bose Companion Speakers,HP Monitor,,,,,,,,,,,,,,,,,,,,,,,,,,,,
Apple Earpods,,,,,,,,,,,,,,,,,,,,,,,,,,,,,,,
Rokono Mini Speaker,,,,,,,,,,,,,,,,,,,,,,,,,,,,,,,
APIE Bluetooth Headphone,Apple MacBook Pro,Acer Desktop,Microsoft Wireless Desktop Keyboard and Mouse,,,,,,,,,,,,,,,,,,,,,,,,,,,,
HP Laptop,iMac,Lenovo Desktop Computer,Apple Magic Keyboard,Smart Light Bulb,Acer Desktop,EagleTec Wireless Combo Keyboard and Mouse,Apple TV,,,,,,,,,,,,,,,,,,,,,,,,
Acer Aspire,HP Laptop,LG Touchscreen Laptop,ASUS Desktop,Sceptre Monitor,,,,,,,,,,,,,,,,,,,,,,,,,,,
Acer Aspire,Slim 2TB Portable External Hard Drive,Microsoft Office Home and Student 2016,CYBERPOWER Gamer Desktop,Apple MacBook Pro,Microsoft Headset,Logitech ClearChat Headset,,,,,,,,,,,,,,,,,,,,,,,,,
CYBERPOWER Gamer Desktop,Rokono Mini Speaker,,,,,,,,,,,,,,,,,,,,,,,,,,,,,,
Apple MacBook Air,,,,,,,,,,,,,,,,,,,,,,,,,,,,,,,
Apple MacBook Air,,,,,,,,,,,,,,,,,,,,,,,,,,,,,,,
Dell Desktop,,,,,,,,,,,,,,,,,,,,,,,,,,,,,,,
Otium Wireless Sports Bluetooth Headphone,LG Monitor,Dell Desktop,Dell 2 Desktop,Smart Light Bulb,Halter Acrylic Monitor Stand,PC Gaming Headset,,,,,,,,,,,,,,,,,,,,,,,,,
Acer Monitor,ASUS Chromebook,HP Laptop,iMac,Alienware Laptop,Lenovo Desktop Computer,Logitech MK550 Wireless Wave Keyboard and Mouse Combo,Apple Wireless Keyboard,Rokono Mini Speaker,,,,,,,,,,,,,,,,,,,,,,,
JBL Splashproof Portable Bluetooth Speaker,,,,,,,,,,,,,,,,,,,,,,,,,,,,,,,
LG Monitor,HP Laptop,iMac,CYBERPOWER Gamer Desktop,,,,,,,,,,,,,,,,,,,,,,,,,,,,
Acer Monitor,Acer Aspire,Logitech MK270 Wireless Keyboard and Mouse Combo,ViewSonic Monitor,Computer Game,HP Laptop,iMac,CYBERPOWER Gamer Desktop,Computer Game,Apple MacBook Air,Backlit LED Gaming Keyboard,,,,,,,,,,,,,,,,,,,,,
HP Laptop,iMac,Apple Magic Keyboard,3-Button Mouse,Apple MacBook Air,,,,,,,,,,,,,,,,,,,,,,,,,,,
Backlit LED Gaming Keyboard,,,,,,,,,,,,,,,,,,,,,,,,,,,,,,,
Dell 2 Desktop,ViewSonic Monitor,Apple Magic Keyboard,Apple Earpods,,,,,,,,,,,,,,,,,,,,,,,,,,,,
ASUS Chromebook,iMac,CYBERPOWER Gamer Desktop,AOC Monitor,Belkin Mouse Pad,Backlit LED Gaming Keyboard,,,,,,,,,,,,,,,,,,,,,,,,,,
iMac,Apple Magic Keyboard,CYBERPOWER Gamer Desktop,Microsoft Basic Optical Mouse,Apple MacBook Pro,ASUS Desktop,,,,,,,,,,,,,,,,,,,,,,,,,,
Acer Aspire,iMac,Apple Magic Keyboard,CYBERPOWER Gamer Desktop,Belkin Mouse Pad,DYMO Labeling Tape ,,,,,,,,,,,,,,,,,,,,,,,,,,
HP Laptop,iMac,Epson Black Ink,AOC Monitor,Dell Desktop,Apple Wireless Keyboard,Apple Earpods,HP Monitor,Apple MacBook Air,Microsoft Wireless Desktop Keyboard and Mouse,,,,,,,,,,,,,,,,,,,,,,
ViewSonic Monitor,iMac,Rii LED Gaming Keyboard & Mouse Combo ,Dell Desktop,Apple Earpods,Acer Desktop,,,,,,,,,,,,,,,,,,,,,,,,,,
Acer Monitor,Eluktronics Pro Gaming Laptop,HP Laptop,3-Button Mouse,Apple TV,DYMO Labeling Tape ,Multi Media Stand,,,,,,,,,,,,,,,,,,,,,,,,,
HP Laptop,,,,,,,,,,,,,,,,,,,,,,,,,,,,,,,
Samsung Monitor,Dell Desktop,ASUS 2 Monitor,Lenovo Desktop Computer,HP USB Keyboard ,Apple MacBook Pro,ASUS Desktop,Brother Printer,Microsoft Wireless Desktop Keyboard and Mouse,,,,,,,,,,,,,,,,,,,,,,,
Lenovo Desktop Computer,Gaming Mouse Professional,,,,,,,,,,,,,,,,,,,,,,,,,,,,,,
Samsung Monitor,CYBERPOWER Gamer Desktop,Apple MacBook Air,,,,,,,,,,,,,,,,,,,,,,,,,,,,,
Eluktronics Pro Gaming Laptop,iMac,Alienware Laptop,Lenovo Desktop Computer,Belkin Mouse Pad,Smart Light Bulb,,,,,,,,,,,,,,,,,,,,,,,,,,
LG Monitor,ViewSonic Monitor,Logitech 3-button Mouse,Apple MacBook Pro,Apple Earpods,,,,,,,,,,,,,,,,,,,,,,,,,,,
Dell Desktop,HP Laptop,iMac,ASUS Monitor,Lenovo Desktop Computer,,,,,,,,,,,,,,,,,,,,,,,,,,,
CYBERPOWER Gamer Desktop,Microsoft Basic Optical Mouse,Microsoft Headset,Dell Laptop,,,,,,,,,,,,,,,,,,,,,,,,,,,,
Dell Desktop,,,,,,,,,,,,,,,,,,,,,,,,,,,,,,,
Samsung Monitor,HP Wireless Mouse,LG Monitor,Acer Aspire,Dell 2 Desktop,ViewSonic Monitor,Logitech Wireless Mouse,ASUS 2 Monitor,Lenovo Desktop Computer,Apple Magic Keyboard,Epson Printer,,,,,,,,,,,,,,,,,,,,,
Eluktronics Pro Gaming Laptop,HP Laptop,iMac,ASUS Monitor,Google Home,3-Button Mouse,Generic Black 3-Button,,,,,,,,,,,,,,,,,,,,,,,,,
Acer Desktop,ViewSonic Monitor,HP Laptop, Intel Desktop ,Microsoft Office Home and Student 2016,Microsoft Basic Optical Mouse,HP Monitor,,,,,,,,,,,,,,,,,,,,,,,,,
ASUS Chromebook,ASUS 2 Monitor,Lenovo Desktop Computer,Apple Magic Keyboard,Cambridge Bluetooth Speaker,Logitech 3-button Mouse,Halter Acrylic Monitor Stand,Apple Wireless Keyboard,iPad,DYMO Labeling Tape ,,,,,,,,,,,,,,,,,,,,,,
HP Laptop,Lenovo Desktop Computer,CYBERPOWER Gamer Desktop,Lenovo Desktop Computer,EagleTec Wireless Combo Keyboard and Mouse,iPad Pro ,,,,,,,,,,,,,,,,,,,,,,,,,,
Samsung Monitor,,,,,,,,,,,,,,,,,,,,,,,,,,,,,,,
HP Laptop,iMac,Apple MacBook Air,,,,,,,,,,,,,,,,,,,,,,,,,,,,,
HDMI Cable 6ft,Otium Wireless Sports Bluetooth Headphone,ViewSonic Monitor,HP Laptop,iMac,ASUS 2 Monitor,Lenovo Desktop Computer,Epson Printer,Cambridge Bluetooth Speaker,Ailihen Stereo Headphones,CYBERPOWER Gamer Desktop,HDMI Adapter,Acer Desktop,iPad,PC Gaming Headset,Zombie Gaming Headset,,,,,,,,,,,,,,,,
Acer Monitor,HP Laptop,iMac,Apple Magic Keyboard,,,,,,,,,,,,,,,,,,,,,,,,,,,,
Otium Wireless Sports Bluetooth Headphone,Acer Aspire,Logitech MK550 Wireless Wave Keyboard and Mouse Combo,Apple Earpods,,,,,,,,,,,,,,,,,,,,,,,,,,,,
HDMI Cable 6ft,ViewSonic Monitor,HP Black & Tri-color Ink ,iMac,ASUS 2 Monitor,Lenovo Desktop Computer,Logitech MK550 Wireless Wave Keyboard and Mouse Combo,CYBERPOWER Gamer Desktop,Zombie Gaming Headset,,,,,,,,,,,,,,,,,,,,,,,
Acer Aspire,Computer Game,HP Laptop,Lenovo Desktop Computer,Slim 2TB Portable External Hard Drive,CYBERPOWER Gamer Desktop,Logitech 3-button Mouse,DOSS Touch Wireless Bluetooth,Apple MacBook Pro,ASUS Desktop,,,,,,,,,,,,,,,,,,,,,,
CYBERPOWER Gamer Desktop,Apple MacBook Air,Kindle ,,,,,,,,,,,,,,,,,,,,,,,,,,,,,
Samsung Monitor,Acer Desktop,Bose Companion Speakers,Computer Game,Samsung Charging Cable,Redragon Gaming Mouse,Backlit LED Gaming Keyboard,,,,,,,,,,,,,,,,,,,,,,,,,
ViewSonic Monitor,HP Black & Tri-color Ink ,HP Laptop,HP Wireless Printer,Sonos,Rii LED Keyboard,Backlit LED Gaming Keyboard,Microsoft Wireless Desktop Keyboard and Mouse,,,,,,,,,,,,,,,,,,,,,,,,
Dell 2 Desktop,HP Laptop,Brother Printer Toner,,,,,,,,,,,,,,,,,,,,,,,,,,,,,
LG Monitor,Apple Earpods,Apple MacBook Air,Samsung Galaxy Tablet,,,,,,,,,,,,,,,,,,,,,,,,,,,,
Otium Wireless Sports Bluetooth Headphone,Dell Laptop,,,,,,,,,,,,,,,,,,,,,,,,,,,,,,
3-Button Mouse,HP Monitor,,,,,,,,,,,,,,,,,,,,,,,,,,,,,,
ASUS Desktop,,,,,,,,,,,,,,,,,,,,,,,,,,,,,,,
Otium Wireless Sports Bluetooth Headphone,LG Monitor,Ailihen Stereo Headphones,Dell Desktop,Logitech MK270 Wireless Keyboard and Mouse Combo,Dell 2 Desktop,HP Laptop,iMac,Epson Printer,Brother Printer Toner,Dell Laptop,Zombie Gaming Headset,,Sceptre Monitor,,,,,,,,,,,,,,,,,,
Otium Wireless Sports Bluetooth Headphone,ViewSonic Monitor,HP Laptop,HP Wireless Printer,Lenovo Desktop Computer,Apple Magic Keyboard,CYBERPOWER Gamer Desktop,Computer Game,Apple Earpods,Acer Desktop,iPad Pro ,Rokono Mini Speaker,,,,,,,,,,,,,,,,,,,,
Samsung Charging Cable,Dell KM117 Wireless Keyboard & Mouse,Wireless Portable Mouse,Backlit LED Gaming Keyboard,,,,,,,,,,,,,,,,,,,,,,,,,,,,
Acer Desktop,Apple Wireless Keyboard,,,,,,,,,,,,,,,,,,,,,,,,,,,,,,
ViewSonic Monitor,AOC Monitor,Microsoft Headset,,,,,,,,,,,,,,,,,,,,,,,,,,,,,
HDMI Cable 6ft,Acer Aspire,Dell Desktop,Acer Desktop,ViewSonic Monitor,HP Laptop,iMac,Logitech 3-button Mouse,,,,,,,,,,,,,,,,,,,,,,,,
Eluktronics Pro Gaming Laptop,HP Laptop,iMac,Lenovo Desktop Computer,Apple Magic Keyboard,Height-Adjustable Standing Desk,Epson Printer,Ailihen Stereo Headphones,Computer Game,HP Monitor,Apple MacBook Air,Zombie Gaming Headset,,,,,,,,,,,,,,,,,,,,
Lenovo Desktop Computer,ASUS Desktop,Rokono Mini Speaker,Logitech Keyboard,,,,,,,,,,,,,,,,,,,,,,,,,,,,
ASUS Chromebook,iMac,ASUS Monitor,CYBERPOWER Gamer Desktop,3-Button Mouse,Redragon Gaming Mouse,Brother Printer,,,,,,,,,,,,,,,,,,,,,,,,,
Acer Aspire,Acer Desktop,Computer Game,HP Laptop,iMac,Alienware Laptop,Apple Magic Keyboard, Intel Desktop ,Microsoft Office Home and Student 2016,Logitech 3-button Mouse,Microsoft Wireless Desktop Keyboard and Mouse,,,,,,,,,,,,,,,,,,,,,
Dell 2 Desktop,HP Black & Tri-color Ink ,Logitech Keyboard,,,,,,,,,,,,,,,,,,,,,,,,,,,,,
Acer Monitor,Samsung Monitor,HP Wireless Mouse,LG Monitor,Dell Desktop,Acer Desktop,ViewSonic Monitor,iMac,HP Wireless Printer, Intel Desktop ,Epson Printer,CYBERPOWER Gamer Desktop,AOC Monitor,Rii LED Keyboard,iPad Pro ,Microsoft Wireless Desktop Keyboard and Mouse,,,,,,,,,,,,,,,,
Acer Aspire, Intel Desktop ,,,,,,,,,,,,,,,,,,,,,,,,,,,,,,
Computer Game,HP Laptop,iMac,Lenovo Desktop Computer,iMac ,Brother Printer Toner,,,,,,,,,,,,,,,,,,,,,,,,,,
ASUS Chromebook,iMac,Etekcity Power Extension Cord Cable,Apple MacBook Air,Slim Wireless Mouse,,,,,,,,,,,,,,,,,,,,,,,,,,,
Acer Monitor,CYBERPOWER Gamer Desktop,,,,,,,,,,,,,,,,,,,,,,,,,,,,,,
Acer Desktop,HP Laptop,ASUS Monitor,Microsoft Office Home and Student 2016,CYBERPOWER Gamer Desktop,Belkin Mouse Pad,Apple MacBook Pro,,,,,,,,,,,,,,,,,,,,,,,,,
Logitech 3-button Mouse,LG Touchscreen Laptop,,,,,,,,,,,,,,,,,,,,,,,,,,,,,,
Otium Wireless Sports Bluetooth Headphone,Dell Desktop,HP Laptop,Epson Printer,CYBERPOWER Gamer Desktop,Apple Earpods,iPad Pro ,JBL Splashproof Portable Bluetooth Speaker,,,,,,,,,,,,,,,,,,,,,,,,
Acer Aspire,HP Laptop,Lenovo Desktop Computer, Intel Desktop ,Apple MacBook Pro,ASUS Desktop,Dell Laptop,,,,,,,,,,,,,,,,,,,,,,,,,
ASUS Chromebook,ViewSonic Monitor,iMac,3-Button Mouse,Apple Earpods,Wireless Portable Mouse,iPad,,,,,,,,,,,,,,,,,,,,,,,,,
HP Laptop,Apple Magic Keyboard,Logitech MK550 Wireless Wave Keyboard and Mouse Combo,Epson Printer,Logitech Keyboard,Etekcity Power Extension Cord Cable,Belkin Mouse Pad,Smart Light Bulb,,,,,,,,,,,,,,,,,,,,,,,,
HP Wireless Mouse,LG Monitor,ASUS Chromebook,Dell 2 Desktop,HP Laptop,iMac,CYBERPOWER Gamer Desktop,,,,,,,,,,,,,,,,,,,,,,,,,
Samsung Monitor,Otium Wireless Sports Bluetooth Headphone,Dell Desktop, Intel Desktop ,,,,,,,,,,,,,,,,,,,,,,,,,,,,
Dell Desktop,iMac,Logitech MK550 Wireless Wave Keyboard and Mouse Combo,CYBERPOWER Gamer Desktop,3-Button Mouse,Full Motion Monitor Mount,Logitech Keyboard,,,,,,,,,,,,,,,,,,,,,,,,,
Apple Earpods,,,,,,,,,,,,,,,,,,,,,,,,,,,,,,,
Acer Aspire,Dell Desktop,Acer Desktop,iMac,Lenovo Desktop Computer,CYBERPOWER Gamer Desktop,3-Button Mouse,LG Touchscreen Laptop,Dell KM117 Wireless Keyboard & Mouse,Brother Printer,,,,,,,,,,,,,,,,,,,,,,
Apple Wireless Keyboard,,,,,,,,,,,,,,,,,,,,,,,,,,,,,,,
HP Wireless Mouse,Dell Desktop,HP Laptop,iMac,HP Wireless Printer,Ailihen Stereo Headphones,Fire HD Tablet,Microsoft Basic Optical Mouse,,,,,,,,,,,,,,,,,,,,,,,,
Dell Desktop,,,,,,,,,,,,,,,,,,,,,,,,,,,,,,,
Logitech Desktop MK120 Mouse and keyboard Combo,5TB Desktop Hard Drive,HP Laptop,iMac,ASUS Monitor,ASUS 2 Monitor,Microsoft Office Home and Student 2016,3-Button Mouse,Logitech Multimedia Speakers,,,,,,,,,,,,,,,,,,,,,,,
Apple TV,2TB Portable External Hard Drive,,,,,,,,,,,,,,,,,,,,,,,,,,,,,,
HP Black & Tri-color Ink ,HP Laptop,Apple Magic Keyboard,Bose Companion Speakers,Microsoft Office Home and Student 2016,Fire TV Stick,Dell Laptop,iPhone Charger Cable,iPad Pro ,,,,,,,,,,,,,,,,,,,,,,,
Acer Aspire,Microsoft Basic Optical Mouse,HP USB Keyboard ,Apple Earpods,Slim Wireless Mouse,Wireless Portable Mouse,iPad,Apple TV,Backlit LED Gaming Keyboard,,,,,,,,,,,,,,,,,,,,,,,
Acer Aspire,Dell Desktop,HP Laptop,Alienware Laptop,Lenovo Desktop Computer,3-Button Mouse,Wireless Portable Mouse,iPad,DYMO Label Manker  ,,,,,,,,,,,,,,,,,,,,,,,
ASUS Chromebook,ViewSonic Monitor,Lenovo Desktop Computer,Apple Magic Keyboard,,,,,,,,,,,,,,,,,,,,,,,,,,,,
Samsung Monitor,HP Laptop,CYBERPOWER Gamer Desktop,Smart Light Bulb,Apple Earpods,DYMO Labeling Tape ,Epson Black Ink,,,,,,,,,,,,,,,,,,,,,,,,,
Apple Earpods,Apple MacBook Air,,,,,,,,,,,,,,,,,,,,,,,,,,,,,,
iPhone Charger Cable,Epson Black Ink,Microsoft Wireless Desktop Keyboard and Mouse,,,,,,,,,,,,,,,,,,,,,,,,,,,,,
LG Monitor,CYBERPOWER Gamer Desktop,3-Button Mouse,iPad Pro ,Backlit LED Gaming Keyboard,,,,,,,,,,,,,,,,,,,,,,,,,,,
HP Wireless Mouse,Eluktronics Pro Gaming Laptop,Apple Magic Keyboard,CYBERPOWER Gamer Desktop,Apple Earpods,ASUS Desktop,Apple TV,,,,,,,,,,,,,,,,,,,,,,,,,
Acer Desktop,HP Laptop,iMac,Slim 2TB Portable External Hard Drive,Epson Printer,Rii LED Gaming Keyboard & Mouse Combo ,Dell Desktop,Dell Laptop,,,,,,,,,,,,,,,,,,,,,,,,
ASUS Chromebook,HP Laptop,iMac,Apple MacBook Air,,,,,,,,,,,,,,,,,,,,,,,,,,,,
Acer Monitor,Otium Wireless Sports Bluetooth Headphone,Dell Desktop,iMac,Sonos,Slim Wireless Mouse,Zombie Gaming Headset,,,,,,,,,,,,,,,,,,,,,,,,,
Apple MacBook Pro,iPad Pro ,,,,,,,,,,,,,,,,,,,,,,,,,,,,,,
Apple MacBook Air,,,,,,,,,,,,,,,,,,,,,,,,,,,,,,,
Acer Desktop,,,,,,,,,,,,,,,,,,,,,,,,,,,,,,,
Acer Desktop,,,,,,,,,,,,,,,,,,,,,,,,,,,,,,,
Samsung Monitor,Eluktronics Pro Gaming Laptop,Logitech MK270 Wireless Keyboard and Mouse Combo,Apple Magic Keyboard,Dell Monitor,Microsoft Office Home and Student 2016,Etekcity Power Extension Cord Cable,PC Gaming Headset,iPad Pro ,Backlit LED Gaming Keyboard,,,,,,,,,,,,,,,,,,,,,,
Eluktronics Pro Gaming Laptop,Computer Game,iMac,Epson Printer,Apple MacBook Pro,Philips Flexible Earhook Headphone,,,,,,,,,,,,,,,,,,,,,,,,,,
Samsung Monitor,Logitech MK270 Wireless Keyboard and Mouse Combo,Smart Light Bulb,ViewSonic Monitor,LG Touchscreen Laptop,ASUS Desktop,,,,,,,,,,,,,,,,,,,,,,,,,,
ASUS Chromebook,HP Wireless Printer,Dell Desktop,Apple MacBook Air,,,,,,,,,,,,,,,,,,,,,,,,,,,,
HP Laptop,iMac,Apple Earpods,Microsoft Wireless Desktop Keyboard and Mouse,,,,,,,,,,,,,,,,,,,,,,,,,,,,
3-Button Mouse,,,,,,,,,,,,,,,,,,,,,,,,,,,,,,,
HP Wireless Mouse,,,,,,,,,,,,,,,,,,,,,,,,,,,,,,,
HP Black & Tri-color Ink ,Epson Printer,HP USB Keyboard ,Apple MacBook Pro,Apple MacBook Air,Dell Laptop,,,,,,,,,,,,,,,,,,,,,,,,,,
ASUS Chromebook,Acer Aspire, Intel Desktop ,DOSS Touch Wireless Bluetooth,Belkin Mouse Pad,,,,,,,,,,,,,,,,,,,,,,,,,,,
ASUS Monitor,Lenovo Desktop Computer,Panasonic In-Ear Headphone ,Samsung Charging Cable,CYBERPOWER Gamer Desktop,Panasonic On-Ear Stereo Headphones,Apple Earpods,Wireless Portable Mouse,Backlit LED Gaming Keyboard,,,,,,,,,,,,,,,,,,,,,,,
ViewSonic Monitor,HP Black & Tri-color Ink ,Apple Magic Keyboard,Microsoft Office Home and Student 2016,,,,,,,,,,,,,,,,,,,,,,,,,,,,
ASUS Chromebook,HP Laptop,Apple Magic Keyboard,Dell Wired Keyboard,Lenovo Desktop Computer,Etekcity Power Extension Cord Cable,HP USB Keyboard ,Backlit LED Gaming Keyboard,,,,,,,,,,,,,,,,,,,,,,,,
Apple Magic Keyboard,HP USB Keyboard ,HP Monitor,Canon Office Printer,Microsoft Wireless Desktop Keyboard and Mouse,,,,,,,,,,,,,,,,,,,,,,,,,,,
ASUS Monitor,Apple MacBook Pro,Zombie Gaming Headset,Eluktronics Pro Gaming Laptop,,,,,,,,,,,,,,,,,,,,,,,,,,,,
ViewSonic Monitor,Computer Game,CYBERPOWER Gamer Desktop,AOC Monitor,Dell Desktop,,,,,,,,,,,,,,,,,,,,,,,,,,,
Dell Desktop,HP Laptop,Lenovo Desktop Computer,HP Monitor,Apple MacBook Air,Backlit LED Gaming Keyboard,,,,,,,,,,,,,,,,,,,,,,,,,,
Eluktronics Pro Gaming Laptop,Computer Game,HP Laptop,iMac,Microsoft Office Home and Student 2016,Wireless Portable Mouse,iPad Pro ,Logitech Keyboard,,,,,,,,,,,,,,,,,,,,,,,,
LG Monitor,ASUS Chromebook,Dell 2 Desktop,ViewSonic Monitor,HP Black & Tri-color Ink ,ASUS Monitor,Lenovo Desktop Computer,AOC Monitor,Logitech 3-button Mouse,Apple MacBook Pro,Acer Desktop,Apple MacBook Air,iPhone Charger Cable,Brother Printer,,,,,,,,,,,,,,,,,,
ASUS Chromebook,Acer Aspire,ViewSonic Monitor,HP Laptop,CYBERPOWER Gamer Desktop,Dell Desktop,HP Monitor,,,,,,,,,,,,,,,,,,,,,,,,,
Logitech MK270 Wireless Keyboard and Mouse Combo,Sonos,3-Button Mouse,Apple Earpods,Apple MacBook Air,Slim Wireless Mouse,Microsoft Headset,PC Gaming Headset,Halter Mesh Metal Monitor Stand,Microsoft Wireless Desktop Keyboard and Mouse,,,,,,,,,,,,,,,,,,,,,,
Acer Monitor,Otium Wireless Sports Bluetooth Headphone,ASUS Chromebook,Acer Aspire,Dell 2 Desktop,ViewSonic Monitor,Logitech Wireless Mouse,iMac,Apple Magic Keyboard,Epson Printer,CYBERPOWER Gamer Desktop,Ethernet Cable,Epson Black Ink,Halter Mesh Metal Monitor Stand,Microsoft Wireless Desktop Keyboard and Mouse,,,,,,,,,,,,,,,,,
LG Monitor,ASUS Chromebook,Acer Aspire,Acer Desktop,ViewSonic Monitor,Computer Game,HP Laptop,iMac,ASUS Monitor,Sonos,Apple MacBook Pro,Wireless Portable Mouse,Backlit LED Gaming Keyboard,Microsoft Wireless Desktop Keyboard and Mouse,,,,,,,,,,,,,,,,,,
Otium Wireless Sports Bluetooth Headphone,iMac, Intel Desktop ,Logitech 3-button Mouse,Dell Laptop,Backlit LED Gaming Keyboard,,,,,,,,,,,,,,,,,,,,,,,,,,
Samsung Monitor,HP Wireless Mouse,Acer Aspire,Acer Desktop,ViewSonic Monitor,HP Laptop,iMac,Lenovo Desktop Computer,Apple Magic Keyboard,Microsoft Office Home and Student 2016,AOC Monitor,Apple Earpods,Microsoft Wireless Desktop Keyboard and Mouse,,,,,,,,,,,,,,,,,,,
ViewSonic Monitor,iMac,ASUS Desktop,,,,,,,,,,,,,,,,,,,,,,,,,,,,,
Samsung Monitor,HDMI Cable 6ft,Logitech Keyboard,Slim Wireless Mouse,,,,,,,,,,,,,,,,,,,,,,,,,,,,
Apple MacBook Air,,,,,,,,,,,,,,,,,,,,,,,,,,,,,,,
Acer Aspire,Dell Desktop,Logitech MK270 Wireless Keyboard and Mouse Combo,Dell 2 Desktop,HP Laptop,iMac,Bose Companion Speakers,Apple MacBook Pro,HP Monitor,,,,,,,,,,,,,,,,,,,,,,,
Acer Monitor,HP Laptop,Lenovo Desktop Computer,CYBERPOWER Gamer Desktop,3-Button Mouse,Belkin Mouse Pad,Dell Desktop,Wireless Portable Mouse,Dell Laptop,Logitech ClearChat Headset,,,,,,,,,,,,,,,,,,,,,,
Samsung Monitor,HP Laptop,Apple Magic Keyboard,Dell Wired Keyboard,Logitech 3-button Mouse,,,,,,,,,,,,,,,,,,,,,,,,,,,
LG Monitor,ViewSonic Monitor,HP Laptop,iMac, Intel Desktop ,Apple Wireless Keyboard,Apple MacBook Pro,Apple MacBook Air,,,,,,,,,,,,,,,,,,,,,,,,
Samsung Monitor,ViewSonic Monitor,Computer Game,HP Laptop,iMac,Alienware Laptop,Panasonic In-Ear Headphone ,ASUS 2 Monitor,Epson Printer,CYBERPOWER Gamer Desktop,,,,,,,,,,,,,,,,,,,,,,
Acer Aspire,Apple Magic Keyboard,3-Button Mouse,,,,,,,,,,,,,,,,,,,,,,,,,,,,,
iMac,ASUS Monitor,Lenovo Desktop Computer,Apple Magic Keyboard,Microsoft Office Home and Student 2016,Apple Wireless Keyboard,,,,,,,,,,,,,,,,,,,,,,,,,,
Dell Desktop,Acer Desktop,ViewSonic Monitor,HP Laptop,iMac,HP Wireless Printer,Lenovo Desktop Computer,Bose Companion Speakers,Smart Light Bulb,Full Motion Monitor Mount,Wireless Portable Mouse,,,,,,,,,,,,,,,,,,,,,
HP Laptop,Apple MacBook Air,Apple MacBook Air,,,,,,,,,,,,,,,,,,,,,,,,,,,,,
CYBERPOWER Gamer Desktop,,,,,,,,,,,,,,,,,,,,,,,,,,,,,,,
HP Laptop,ASUS 2 Monitor,Apple Magic Keyboard,Bose Companion Speakers,Dell Desktop,Apple MacBook Air,iPad Pro ,,,,,,,,,,,,,,,,,,,,,,,,,
Samsung Monitor,Apple MacBook Air,Slim Wireless Mouse,,,,,,,,,,,,,,,,,,,,,,,,,,,,,
ViewSonic Monitor,HP Laptop,Epson Printer,Ailihen Stereo Headphones,CYBERPOWER Gamer Desktop,HP USB Keyboard ,Microsoft Wireless Comfort Keyboard and Mouse,Backlit LED Gaming Keyboard,,,,,,,,,,,,,,,,,,,,,,,,
3-Button Mouse,,,,,,,,,,,,,,,,,,,,,,,,,,,,,,,
Apple MacBook Pro,,,,,,,,,,,,,,,,,,,,,,,,,,,,,,,
HP Laptop,iMac,HP Wireless Printer,Panasonic In-Ear Headphone ,Logitech MK550 Wireless Wave Keyboard and Mouse Combo, Intel Desktop ,3-Button Mouse,Belkin Mouse Pad,Dell Desktop,VGA Monitor Cable,Apple MacBook Pro,Apple Earpods,Slim Wireless Mouse,Backlit LED Gaming Keyboard,Microsoft Wireless Desktop Keyboard and Mouse,,,,,,,,,,,,,,,,,
Dell Desktop,Acer Desktop,Lenovo Desktop Computer,Full Motion Monitor Mount,Acer Desktop,,,,,,,,,,,,,,,,,,,,,,,,,,,
Acer Monitor,Lenovo Desktop Computer,Ailihen Stereo Headphones,Sonos,Dell Monitor,3-Button Mouse,Belkin Mouse Pad,Halter Acrylic Monitor Stand,Apple Earpods,Apple MacBook Air,Slim Wireless Mouse,Monster Beats By Dr Dre,ASUS Desktop,HP Desktop,iPad,,,,,,,,,,,,,,,,,
3-Button Mouse,Etekcity Power Extension Cord Cable,Belkin Mouse Pad,,,,,,,,,,,,,,,,,,,,,,,,,,,,,
Acer Aspire,Microsoft Office Home and Student 2016,,,,,,,,,,,,,,,,,,,,,,,,,,,,,,
Otium Wireless Sports Bluetooth Headphone,HP Wireless Mouse,LG Monitor,Acer Desktop,HP Laptop,iMac,Alienware Laptop,Epson Printer,CYBERPOWER Gamer Desktop,Mackie CR Speakers,Dell Desktop,Apple Wireless Keyboard,Rokono Mini Speaker,,,,,,,,,,,,,,,,,,,
Sonos,Dell Desktop,Apple Wireless Keyboard,Apple MacBook Pro,Apple Earpods,HP Monitor,Microsoft Wireless Desktop Keyboard and Mouse,,,,,,,,,,,,,,,,,,,,,,,,,
iMac,HP Wireless Printer,Lenovo Desktop Computer,Belkin Mouse Pad,Backlit LED Gaming Keyboard,,,,,,,,,,,,,,,,,,,,,,,,,,,
Apple Earpods,Dell Laptop,,,,,,,,,,,,,,,,,,,,,,,,,,,,,,
Apple MacBook Air,,,,,,,,,,,,,,,,,,,,,,,,,,,,,,,
iMac ,Backlit LED Gaming Keyboard,,,,,,,,,,,,,,,,,,,,,,,,,,,,,,
Dell Desktop,HP Laptop,iMac,ASUS Monitor,Lenovo Desktop Computer,Koss Home Headphones,Microsoft Office Home and Student 2016,DYMO Labeling Tape ,,,,,,,,,,,,,,,,,,,,,,,,
HP Laptop,iMac,Lenovo Desktop Computer,Panasonic In-Ear Headphone ,Generic Black 3-Button,Apple MacBook Pro,,,,,,,,,,,,,,,,,,,,,,,,,,
HP Laptop,3TB Portable External Hard Drive,Apple Earpods,Microsoft Headset,,,,,,,,,,,,,,,,,,,,,,,,,,,,
Dell Desktop,Apple MacBook Pro,Apple Earpods,HP Monitor,Slim Wireless Mouse,Microsoft Wireless Comfort Keyboard and Mouse,,,,,,,,,,,,,,,,,,,,,,,,,,
HP Wireless Mouse,ViewSonic Monitor,ASUS Desktop,,,,,,,,,,,,,,,,,,,,,,,,,,,,,
HP Wireless Mouse,Apple Wireless Keyboard,,,,,,,,,,,,,,,,,,,,,,,,,,,,,,
Otium Wireless Sports Bluetooth Headphone,HP Wireless Mouse,ViewSonic Monitor,HP Laptop,iMac,Lenovo Desktop Computer,Panasonic In-Ear Headphone , Intel Desktop ,iMac ,Etekcity Power Extension Cord Cable,Belkin Mouse Pad,Microsoft Office Home and Student 2016,Zombie Gaming Headset,Microsoft Wireless Desktop Keyboard and Mouse,,,,,,,,,,,,,,,,,,
CYBERPOWER Gamer Desktop,Apple MacBook Air,,,,,,,,,,,,,,,,,,,,,,,,,,,,,,
ViewSonic Monitor,HP Laptop,iMac,ASUS Monitor,Apple Magic Keyboard,Koss Home Headphones,CYBERPOWER Gamer Desktop,AOC Monitor,Belkin Mouse Pad,Logitech Wireless Keyboard,Halter Mesh Metal Monitor Stand,,,,,,,,,,,,,,,,,,,,,
Backlit LED Gaming Keyboard,,,,,,,,,,,,,,,,,,,,,,,,,,,,,,,
HDMI Cable 6ft,HP Laptop,ASUS 2 Monitor,Apple Magic Keyboard,Koss Home Headphones,CYBERPOWER Gamer Desktop,ASUS Desktop,,,,,,,,,,,,,,,,,,,,,,,,,
Samsung Monitor,HP Laptop,CYBERPOWER Gamer Desktop,Etekcity Power Extension Cord Cable,Apple MacBook Air,Dell KM117 Wireless Keyboard & Mouse,,,,,,,,,,,,,,,,,,,,,,,,,,
Google Home,Smart Light Bulb,Wireless Portable Mouse,Dell Laptop,,,,,,,,,,,,,,,,,,,,,,,,,,,,
PC Gaming Headset,Microsoft Wireless Desktop Keyboard and Mouse,,,,,,,,,,,,,,,,,,,,,,,,,,,,,,
Backlit LED Gaming Keyboard,,,,,,,,,,,,,,,,,,,,,,,,,,,,,,,
Samsung Monitor,HP Laptop,ASUS Monitor,Apple Magic Keyboard,iPhone Charger Cable,iMac ,Etekcity Power Extension Cord Cable,LG Touchscreen Laptop,Halter Mesh Metal Monitor Stand,,,,,,,,,,,,,,,,,,,,,,,
CYBERPOWER Gamer Desktop,Backlit LED Gaming Keyboard,,,,,,,,,,,,,,,,,,,,,,,,,,,,,,
iMac,Apple Earpods,,,,,,,,,,,,,,,,,,,,,,,,,,,,,,
Samsung Monitor,Otium Wireless Sports Bluetooth Headphone,CYBERPOWER Gamer Desktop,Apple Earpods,HP Monitor,Samsung Galaxy Tablet,Microsoft Wireless Desktop Keyboard and Mouse,,,,,,,,,,,,,,,,,,,,,,,,,
Sonos,Apple MacBook Pro,Apple Earpods,,,,,,,,,,,,,,,,,,,,,,,,,,,,,
HP Wireless Mouse,HP Laptop,CYBERPOWER Gamer Desktop,Belkin Mouse Pad,Apple Earpods,Acer Desktop,iPad,,,,,,,,,,,,,,,,,,,,,,,,,
Microsoft Wireless Desktop Keyboard and Mouse,,,,,,,,,,,,,,,,,,,,,,,,,,,,,,,
Apple MacBook Pro,Apple MacBook Air,,,,,,,,,,,,,,,,,,,,,,,,,,,,,,
ViewSonic Monitor,EagleTec Wireless Combo Keyboard and Mouse,,,,,,,,,,,,,,,,,,,,,,,,,,,,,,
Samsung Monitor,Otium Wireless Sports Bluetooth Headphone,HP Wireless Mouse,LG Monitor,HP Laptop,Panasonic In-Ear Headphone ,Logitech 3-button Mouse,Backlit LED Gaming Keyboard,Microsoft Wireless Desktop Keyboard and Mouse,,,,,,,,,,,,,,,,,,,,,,,
HP Wireless Mouse,Backlit LED Gaming Keyboard,,,,,,,,,,,,,,,,,,,,,,,,,,,,,,
HDMI Cable 6ft,LG Monitor,Acer Aspire,Dell Desktop,ViewSonic Monitor,HP Laptop,Lenovo Desktop Computer,Ailihen Stereo Headphones,HP Monitor,ASUS Desktop,2TB Portable External Hard Drive,,,,,,,,,,,,,,,,,,,,,
Dell Desktop,Alienware Laptop,Bose Companion Speakers,Epson Black Ink,Logitech 3-button Mouse,Dell Desktop,Apple Wireless Keyboard,Apple MacBook Pro,Apple Earpods,HP Monitor,Zombie Gaming Headset,Apple MacBook Air,Epson Black Ink,Microsoft Wireless Desktop Keyboard and Mouse,,,,,,,,,,,,,,,,,,
CYBERPOWER Gamer Desktop,,,,,,,,,,,,,,,,,,,,,,,,,,,,,,,
HP Laptop,,,,,,,,,,,,,,,,,,,,,,,,,,,,,,,
Samsung Monitor,HDMI Cable 6ft,LG Monitor,ASUS Chromebook,Eluktronics Pro Gaming Laptop,Dell Desktop,Acer Desktop,Dell 2 Desktop,HP Laptop,ASUS 2 Monitor,HP Wireless Printer,Lenovo Desktop Computer,Panasonic In-Ear Headphone ,Apple Wired Keyboard,Brother Printer Toner,Full Motion Monitor Mount,Apple MacBook Pro,Acer Desktop,Zombie Gaming Headset,Wireless Portable Mouse,Dell Laptop,PC Gaming Headset,,,,,,,,,,
Dell 2 Desktop,Wireless Portable Mouse,Dell Laptop,,,,,,,,,,,,,,,,,,,,,,,,,,,,,
Acer Monitor,CYBERPOWER Gamer Desktop,Apple MacBook Air,,,,,,,,,,,,,,,,,,,,,,,,,,,,,
Lenovo Desktop Computer,Apple Magic Keyboard,,,,,,,,,,,,,,,,,,,,,,,,,,,,,,
Apple MacBook Pro,Apple Earpods,Apple MacBook Air,Wireless Portable Mouse,Dell Laptop,JBL Splashproof Portable Bluetooth Speaker,,,,,,,,,,,,,,,,,,,,,,,,,,
Apple MacBook Pro,,,,,,,,,,,,,,,,,,,,,,,,,,,,,,,
Dell 2 Desktop,,,,,,,,,,,,,,,,,,,,,,,,,,,,,,,
3-Button Mouse,Dell Laptop,HP Desktop,iPad,PC Gaming Headset,,,,,,,,,,,,,,,,,,,,,,,,,,,
Acer Aspire,Dell Desktop,Acer Desktop,ViewSonic Monitor,CYBERPOWER Gamer Desktop,,,,,,,,,,,,,,,,,,,,,,,,,,,
HP Wireless Mouse,ViewSonic Monitor,HP Laptop,iMac,ASUS Monitor,Lenovo Desktop Computer,Google Home,Microsoft Office Home and Student 2016,3-Button Mouse,Mackie CR Speakers,Halter Acrylic Monitor Stand,Acer Desktop,Zombie Gaming Headset,Epson Black Ink,,,,,,,,,,,,,,,,,,
Samsung Monitor,HP Wireless Mouse,HP Laptop,iMac,Lenovo Desktop Computer,CYBERPOWER Gamer Desktop,Apple Earpods,Brother Printer,iPad Pro ,Microsoft Wireless Desktop Keyboard and Mouse,,,,,,,,,,,,,,,,,,,,,,
HP Monitor,,,,,,,,,,,,,,,,,,,,,,,,,,,,,,,
Slim 2TB Portable External Hard Drive,,,,,,,,,,,,,,,,,,,,,,,,,,,,,,,
Bose Companion Speakers,3-Button Mouse,Belkin Mouse Pad,,,,,,,,,,,,,,,,,,,,,,,,,,,,,
Logitech Desktop MK120 Mouse and keyboard Combo,Dell Desktop,Logitech MK270 Wireless Keyboard and Mouse Combo,HP Laptop,iMac,ASUS 2 Monitor,Lenovo Desktop Computer,Dell Wired Keyboard,HP USB Keyboard ,Logitech Keyboard,,,,,,,,,,,,,,,,,,,,,,
LG Touchscreen Laptop,Dell KM117 Wireless Keyboard & Mouse,iPad Pro ,,,,,,,,,,,,,,,,,,,,,,,,,,,,,
HP Laptop,iMac, Intel Desktop ,Cambridge Bluetooth Speaker,CYBERPOWER Gamer Desktop,Logitech 3-button Mouse,Apple MacBook Pro,Backlit LED Gaming Keyboard,,,,,,,,,,,,,,,,,,,,,,,,
HP Laptop,Lenovo Desktop Computer,,,,,,,,,,,,,,,,,,,,,,,,,,,,,,
Samsung Monitor,Monster Beats By Dr Dre,Dell Laptop,,,,,,,,,,,,,,,,,,,,,,,,,,,,,
Monster Beats By Dr Dre,CYBERPOWER Gamer Desktop,,,,,,,,,,,,,,,,,,,,,,,,,,,,,,
Alienware Laptop,Logitech MK550 Wireless Wave Keyboard and Mouse Combo,Apple Wireless Keyboard,,,,,,,,,,,,,,,,,,,,,,,,,,,,,
Acer Desktop,,,,,,,,,,,,,,,,,,,,,,,,,,,,,,,
CYBERPOWER Gamer Desktop,Microsoft Basic Optical Mouse,HP Desktop,DYMO Label Manker  ,,,,,,,,,,,,,,,,,,,,,,,,,,,,
Acer Monitor,iMac,3-Button Mouse,Computer Game,,,,,,,,,,,,,,,,,,,,,,,,,,,,
Acer Monitor,ViewSonic Monitor,HP Laptop,Logitech MK550 Wireless Wave Keyboard and Mouse Combo,,,,,,,,,,,,,,,,,,,,,,,,,,,,
iMac,3TB Portable External Hard Drive,Apple Earpods,,,,,,,,,,,,,,,,,,,,,,,,,,,,,
Acer Monitor,iMac,,,,,,,,,,,,,,,,,,,,,,,,,,,,,,
HP Wireless Printer,CYBERPOWER Gamer Desktop,Apple Earpods,,,,,,,,,,,,,,,,,,,,,,,,,,,,,
HP Laptop,iMac,,,,,,,,,,,,,,,,,,,,,,,,,,,,,,
Etekcity Power Extension Cord Cable,Brother Printer,,,,,,,,,,,,,,,,,,,,,,,,,,,,,,
Dell KM117 Wireless Keyboard & Mouse,,,,,,,,,,,,,,,,,,,,,,,,,,,,,,,
CYBERPOWER Gamer Desktop,,,,,,,,,,,,,,,,,,,,,,,,,,,,,,,
Dell Desktop,ASUS 2 Monitor,,,,,,,,,,,,,,,,,,,,,,,,,,,,,,
ViewSonic Monitor,,,,,,,,,,,,,,,,,,,,,,,,,,,,,,,
Lenovo Desktop Computer,,,,,,,,,,,,,,,,,,,,,,,,,,,,,,,
Samsung Monitor,CYBERPOWER Gamer Desktop,,,,,,,,,,,,,,,,,,,,,,,,,,,,,,
iMac,ASUS 2 Monitor, Intel Desktop ,Generic Black 3-Button,Redragon Gaming Mouse,Apple Wireless Keyboard,Wireless Portable Mouse,,,,,,,,,,,,,,,,,,,,,,,,,
HDMI Cable 6ft,Acer Desktop,ViewSonic Monitor,HP Laptop,Lenovo Desktop Computer,CYBERPOWER Gamer Desktop,Smart Light Bulb,,,,,,,,,,,,,,,,,,,,,,,,,
Microsoft Office Home and Student 2016,CYBERPOWER Gamer Desktop,Belkin Mouse Pad,,,,,,,,,,,,,,,,,,,,,,,,,,,,,
Dell Desktop,HP Laptop,Apple Earpods,,,,,,,,,,,,,,,,,,,,,,,,,,,,,
ViewSonic Monitor,Alienware Laptop, Intel Desktop ,Apple Wired Keyboard,,,,,,,,,,,,,,,,,,,,,,,,,,,,
HP Wireless Mouse,Dell Desktop,Acer Desktop,HP Laptop,Logitech Wireless Mouse,Microsoft Office Home and Student 2016,CYBERPOWER Gamer Desktop,Rii LED Gaming Keyboard & Mouse Combo ,Cyber Acoustics,HP USB Keyboard ,Apple MacBook Pro,Backlit LED Gaming Keyboard,,,,,,,,,,,,,,,,,,,,
LG Monitor,ASUS Chromebook,HP Laptop,iMac,Microsoft Basic Optical Mouse,ASUS Desktop,Dell Laptop,,,,,,,,,,,,,,,,,,,,,,,,,
Apple Wireless Keyboard,Apple Earpods,HP Monitor,Wireless Portable Mouse,PC Gaming Headset,,,,,,,,,,,,,,,,,,,,,,,,,,,
Wireless Portable Mouse,,,,,,,,,,,,,,,,,,,,,,,,,,,,,,,
ASUS Monitor,,,,,,,,,,,,,,,,,,,,,,,,,,,,,,,
Samsung Monitor,Apple Wireless Keyboard,Microsoft Wireless Desktop Keyboard and Mouse,,,,,,,,,,,,,,,,,,,,,,,,,,,,,
HP Laptop,HP Wireless Printer,Dell Desktop,,,,,,,,,,,,,,,,,,,,,,,,,,,,,
Epson Black Ink,,,,,,,,,,,,,,,,,,,,,,,,,,,,,,,
Monster Beats By Dr Dre,ViewSonic Monitor,Slim Wireless Mouse,Rii LED Keyboard,Dell Laptop,,,,,,,,,,,,,,,,,,,,,,,,,,,
Acer Aspire,ViewSonic Monitor,iMac,Alienware Laptop,Dell Wired Keyboard,Epson Printer,Fire HD Tablet,HP Monitor,iPad Pro ,,,,,,,,,,,,,,,,,,,,,,,
Eluktronics Pro Gaming Laptop,ViewSonic Monitor,iMac,3-Button Mouse,Fire TV Stick,,,,,,,,,,,,,,,,,,,,,,,,,,,
Samsung Monitor,,,,,,,,,,,,,,,,,,,,,,,,,,,,,,,
HP Laptop,CYBERPOWER Gamer Desktop,HP Monitor,Dell Laptop,,,,,,,,,,,,,,,,,,,,,,,,,,,,
Acer Aspire,Acer Desktop,Sonos,Apple MacBook Pro,,,,,,,,,,,,,,,,,,,,,,,,,,,,
Samsung Monitor,Logitech 3-button Mouse,Slim Wireless Mouse,Dell Laptop,,,,,,,,,,,,,,,,,,,,,,,,,,,,
HP Laptop,CYBERPOWER Gamer Desktop,Samsung Charging Cable,Apple Earpods,LG Touchscreen Laptop,Backlit LED Gaming Keyboard,,,,,,,,,,,,,,,,,,,,,,,,,,
HDMI Cable 6ft,ASUS Monitor,Epson Black Ink,,,,,,,,,,,,,,,,,,,,,,,,,,,,,
Dell Desktop,CYBERPOWER Gamer Desktop,Apple MacBook Pro,,,,,,,,,,,,,,,,,,,,,,,,,,,,,
iPad Pro ,Sceptre Monitor,,,,,,,,,,,,,,,,,,,,,,,,,,,,,,
iMac,Lenovo Desktop Computer,Dell Laptop,,,,,,,,,,,,,,,,,,,,,,,,,,,,,
Logitech 3-button Mouse,,,,,,,,,,,,,,,,,,,,,,,,,,,,,,,
Samsung Monitor,Microsoft Office Home and Student 2016,3TB Portable External Hard Drive,HP Monitor,Backlit LED Gaming Keyboard,,,,,,,,,,,,,,,,,,,,,,,,,,,
Eluktronics Pro Gaming Laptop,3-Button Mouse,,,,,,,,,,,,,,,,,,,,,,,,,,,,,,
Acer Aspire,iMac,Rii LED Gaming Keyboard & Mouse Combo ,,,,,,,,,,,,,,,,,,,,,,,,,,,,,
Slim 2TB Portable External Hard Drive,,,,,,,,,,,,,,,,,,,,,,,,,,,,,,,
Cambridge Bluetooth Speaker,,,,,,,,,,,,,,,,,,,,,,,,,,,,,,,
ASUS Chromebook,HP Laptop,3-Button Mouse,,,,,,,,,,,,,,,,,,,,,,,,,,,,,
Samsung Monitor,HP Monitor,,,,,,,,,,,,,,,,,,,,,,,,,,,,,,
Samsung Monitor,HP Wireless Mouse,Acer Aspire,Acer Desktop,Lenovo Desktop Computer,Epson Black Ink,Epson Printer,Microsoft Office Home and Student 2016,CYBERPOWER Gamer Desktop,3-Button Mouse,ASUS Desktop,Wireless Portable Mouse,Backlit LED Gaming Keyboard,,,,,,,,,,,,,,,,,,,
Eluktronics Pro Gaming Laptop,Acer Desktop,ViewSonic Monitor,HP Laptop,,,,,,,,,,,,,,,,,,,,,,,,,,,,
Logitech MK270 Wireless Keyboard and Mouse Combo,,,,,,,,,,,,,,,,,,,,,,,,,,,,,,,
Otium Wireless Sports Bluetooth Headphone,Apple Earpods,,,,,,,,,,,,,,,,,,,,,,,,,,,,,,
HP Laptop,iMac,AOC Monitor,Apple Earpods,,,,,,,,,,,,,,,,,,,,,,,,,,,,
LG Monitor,ViewSonic Monitor,HP Laptop,iMac, Intel Desktop ,Etekcity Power Extension Cord Cable,Dell Laptop,iPad Pro ,,,,,,,,,,,,,,,,,,,,,,,,
Dell Desktop,Lenovo Desktop Computer,CYBERPOWER Gamer Desktop,iPad,Microsoft Wireless Desktop Keyboard and Mouse,,,,,,,,,,,,,,,,,,,,,,,,,,,
Acer Desktop,Epson Printer,Apple MacBook Pro,,,,,,,,,,,,,,,,,,,,,,,,,,,,,
Logitech 3-button Mouse,Etekcity Power Extension Cord Cable,JBL Splashproof Portable Bluetooth Speaker,,,,,,,,,,,,,,,,,,,,,,,,,,,,,
Wireless Portable Mouse,,,,,,,,,,,,,,,,,,,,,,,,,,,,,,,
iMac,,,,,,,,,,,,,,,,,,,,,,,,,,,,,,,
iMac,,,,,,,,,,,,,,,,,,,,,,,,,,,,,,,
ViewSonic Monitor,,,,,,,,,,,,,,,,,,,,,,,,,,,,,,,
HP Laptop,Apple Magic Keyboard,CYBERPOWER Gamer Desktop,,,,,,,,,,,,,,,,,,,,,,,,,,,,,
LG Monitor,ASUS Chromebook,Dell Desktop,HP Laptop,Lenovo Desktop Computer,Epson Printer,,,,,,,,,,,,,,,,,,,,,,,,,,
APIE Bluetooth Headphone,,,,,,,,,,,,,,,,,,,,,,,,,,,,,,,
Apple MacBook Pro,,,,,,,,,,,,,,,,,,,,,,,,,,,,,,,
Lenovo Desktop Computer,Bose Companion Speakers,Kindle ,,,,,,,,,,,,,,,,,,,,,,,,,,,,,
Bose Companion Speakers,Apple Earpods,,,,,,,,,,,,,,,,,,,,,,,,,,,,,,
Apple MacBook Air,,,,,,,,,,,,,,,,,,,,,,,,,,,,,,,
Apple MacBook Pro,Apple Earpods,Acer Desktop,Apple MacBook Air,,,,,,,,,,,,,,,,,,,,,,,,,,,,
Acer Aspire,iMac,3-Button Mouse,,,,,,,,,,,,,,,,,,,,,,,,,,,,,
Bose Companion Speakers,Apple MacBook Pro,,,,,,,,,,,,,,,,,,,,,,,,,,,,,,
iMac,Microsoft Office Home and Student 2016,Dell Laptop,,,,,,,,,,,,,,,,,,,,,,,,,,,,,
HP Wireless Mouse,ASUS Chromebook,Dell Desktop,Acer Desktop,ViewSonic Monitor,HP Laptop,iMac,Microsoft Office Home and Student 2016,3-Button Mouse,Full Motion Monitor Mount,Microsoft Basic Optical Mouse,Apple Wireless Keyboard,Apple Earpods,Apple MacBook Air,Canon Ink ,,,,,,,,,,,,,,,,,
Acer Aspire,Apple MacBook Air,LG Touchscreen Laptop,,,,,,,,,,,,,,,,,,,,,,,,,,,,,
LG Monitor,iMac,Rii LED Keyboard,,,,,,,,,,,,,,,,,,,,,,,,,,,,,
Samsung Monitor,HP Laptop,iMac,Logitech MK550 Wireless Wave Keyboard and Mouse Combo,Cambridge Bluetooth Speaker,Sonos,Logitech 3-button Mouse,3-Button Mouse,Slim Wireless Mouse,Microsoft Wireless Desktop Keyboard and Mouse,,,,,,,,,,,,,,,,,,,,,,
Acer Aspire,Dell Desktop,Acer Desktop,CYBERPOWER Gamer Desktop,Apple Earpods,Apple MacBook Air,,,,,,,,,,,,,,,,,,,,,,,,,,
ASUS Chromebook,HP Laptop,Cyber Acoustics,Logitech MK360 Wireless Keyboard and Mouse Combo,,,,,,,,,,,,,,,,,,,,,,,,,,,,
Dell 2 Desktop,HP Laptop,Lenovo Desktop Computer,Apple Magic Keyboard,,,,,,,,,,,,,,,,,,,,,,,,,,,,
Slim 2TB Portable External Hard Drive,,,,,,,,,,,,,,,,,,,,,,,,,,,,,,,
Microsoft Wireless Desktop Keyboard and Mouse,,,,,,,,,,,,,,,,,,,,,,,,,,,,,,,
HP Wireless Mouse,iMac,AOC Monitor,,,,,,,,,,,,,,,,,,,,,,,,,,,,,
iPad Pro ,JBL Splashproof Portable Bluetooth Speaker,,,,,,,,,,,,,,,,,,,,,,,,,,,,,,
Apple Wireless Keyboard,Apple TV,,,,,,,,,,,,,,,,,,,,,,,,,,,,,,
ViewSonic Monitor,Lenovo Desktop Computer,Apple Magic Keyboard,Bose Companion Speakers,Microsoft Office Home and Student 2016,CYBERPOWER Gamer Desktop,Microsoft Basic Optical Mouse,Apple Earpods,Apple MacBook Air,,,,,,,,,,,,,,,,,,,,,,,
HP Laptop,iMac,Lenovo Desktop Computer,CYBERPOWER Gamer Desktop,3-Button Mouse,Belkin Mouse Pad,Microsoft Office Home and Student 2016,Smart Light Bulb,Apple Earpods,Sceptre Monitor,Backlit LED Gaming Keyboard,,,,,,,,,,,,,,,,,,,,,
Apple MacBook Air,,,,,,,,,,,,,,,,,,,,,,,,,,,,,,,
Apple MacBook Air,Kindle ,Dell Laptop,Canon Office Printer,,,,,,,,,,,,,,,,,,,,,,,,,,,,
Apple MacBook Air,Kindle ,Dell Laptop,,,,,,,,,,,,,,,,,,,,,,,,,,,,,
Eluktronics Pro Gaming Laptop,Lenovo Desktop Computer,Belkin Mouse Pad,Samsung Charging Cable,Full Motion Monitor Mount,Apple Earpods,,,,,,,,,,,,,,,,,,,,,,,,,,
Acer Monitor,Acer Desktop,HP Laptop,iMac,ASUS Monitor,3-Button Mouse,Apple Earpods,ASUS Desktop,,,,,,,,,,,,,,,,,,,,,,,,
ViewSonic Monitor,HP Laptop,ASUS Monitor,Logitech MK550 Wireless Wave Keyboard and Mouse Combo,Belkin Mouse Pad,Fire HD Tablet,Microsoft Basic Optical Mouse,,,,,,,,,,,,,,,,,,,,,,,,,
Apple Earpods,,,,,,,,,,,,,,,,,,,,,,,,,,,,,,,
Eluktronics Pro Gaming Laptop,JBL Splashproof Portable Bluetooth Speaker,,,,,,,,,,,,,,,,,,,,,,,,,,,,,,
Lenovo Desktop Computer,Apple Earpods,,,,,,,,,,,,,,,,,,,,,,,,,,,,,,
Apple Earpods,,,,,,,,,,,,,,,,,,,,,,,,,,,,,,,
Backlit LED Gaming Keyboard,,,,,,,,,,,,,,,,,,,,,,,,,,,,,,,
iMac,3-Button Mouse,Apple Earpods,HP Desktop,,,,,,,,,,,,,,,,,,,,,,,,,,,,
Acer Monitor,ASUS Chromebook,Acer Aspire,Dell Desktop,Computer Game,HP Laptop,iMac,Lenovo Desktop Computer,Apple Magic Keyboard,HP Monitor,,,,,,,,,,,,,,,,,,,,,,
Acer Monitor,Lenovo Desktop Computer,Panasonic In-Ear Headphone ,Height-Adjustable Standing Desk,Slim Wireless Mouse,,,,,,,,,,,,,,,,,,,,,,,,,,,
Apple MacBook Air,,,,,,,,,,,,,,,,,,,,,,,,,,,,,,,
EagleTec Wireless Combo Keyboard and Mouse,,,,,,,,,,,,,,,,,,,,,,,,,,,,,,,
Samsung Monitor,HP Wireless Printer,Microsoft Office Home and Student 2016,CYBERPOWER Gamer Desktop,Apple Earpods,Apple MacBook Air,Dell KM117 Wireless Keyboard & Mouse,Slim Wireless Mouse,iPad Pro ,,,,,,,,,,,,,,,,,,,,,,,
Zombie Gaming Headset,Halter Mesh Metal Monitor Stand,,,,,,,,,,,,,,,,,,,,,,,,,,,,,,
ASUS Monitor,Apple MacBook Pro,iPhone Charger Cable,HP Desktop,JBL Splashproof Portable Bluetooth Speaker,Microsoft Wireless Desktop Keyboard and Mouse,,,,,,,,,,,,,,,,,,,,,,,,,,
Apple MacBook Air,iPhone Charger Cable,Microsoft Headset,,,,,,,,,,,,,,,,,,,,,,,,,,,,,
HDMI Cable 6ft,iMac,ASUS 2 Monitor,iPad Pro ,,,,,,,,,,,,,,,,,,,,,,,,,,,,
Brother Printer,,,,,,,,,,,,,,,,,,,,,,,,,,,,,,,
Dell Desktop,ASUS 2 Monitor,Backlit LED Gaming Keyboard,,,,,,,,,,,,,,,,,,,,,,,,,,,,,
Dell Desktop,HP Laptop,ASUS Monitor,Logitech MK550 Wireless Wave Keyboard and Mouse Combo,Microsoft Office Home and Student 2016,,,,,,,,,,,,,,,,,,,,,,,,,,,
Otium Wireless Sports Bluetooth Headphone,HP Laptop,,,,,,,,,,,,,,,,,,,,,,,,,,,,,,
HP Wireless Mouse,Acer Desktop,HP Notebook Touchscreen Laptop PC,LG Touchscreen Laptop,,,,,,,,,,,,,,,,,,,,,,,,,,,,
APIE Bluetooth Headphone,,,,,,,,,,,,,,,,,,,,,,,,,,,,,,,
Slim 2TB Portable External Hard Drive,Dell Laptop,,,,,,,,,,,,,,,,,,,,,,,,,,,,,,
Samsung Monitor,HP Laptop,iMac,CYBERPOWER Gamer Desktop,Computer Game,Rii LED Keyboard,Microsoft Wireless Desktop Keyboard and Mouse,,,,,,,,,,,,,,,,,,,,,,,,,
Lenovo Desktop Computer,,,,,,,,,,,,,,,,,,,,,,,,,,,,,,,
iMac,Backlit LED Gaming Keyboard,,,,,,,,,,,,,,,,,,,,,,,,,,,,,,
Etekcity Power Extension Cord Cable,,,,,,,,,,,,,,,,,,,,,,,,,,,,,,,
Samsung Monitor,HDMI Cable 6ft,LG Monitor,Eluktronics Pro Gaming Laptop,Acer Aspire,iMac,ASUS Monitor,Lenovo Desktop Computer,Apple Magic Keyboard,Panasonic In-Ear Headphone ,Logitech MK550 Wireless Wave Keyboard and Mouse Combo, Intel Desktop ,Cambridge Bluetooth Speaker,Logitech 3-button Mouse,,,,,,,,,,,,,,,,,,
Apple Wireless Keyboard,Apple MacBook Air,,,,,,,,,,,,,,,,,,,,,,,,,,,,,,
Monster Beats By Dr Dre,iMac,ASUS 2 Monitor,Cambridge Bluetooth Speaker,,,,,,,,,,,,,,,,,,,,,,,,,,,,
Samsung Monitor,Ailihen Stereo Headphones,Brother Printer Toner,Slim Wireless Mouse,Microsoft Wireless Comfort Keyboard and Mouse,iPad Pro ,,,,,,,,,,,,,,,,,,,,,,,,,,
Acer Monitor,Samsung Monitor,iMac,CYBERPOWER Gamer Desktop,Etekcity Power Extension Cord Cable,Logitech Wireless Keyboard,Multi Media Stand,,,,,,,,,,,,,,,,,,,,,,,,,
Apple Magic Keyboard,,,,,,,,,,,,,,,,,,,,,,,,,,,,,,,
Epson Printer,,,,,,,,,,,,,,,,,,,,,,,,,,,,,,,
Apple Magic Keyboard,,,,,,,,,,,,,,,,,,,,,,,,,,,,,,,
Acer Monitor,Roku Express,,,,,,,,,,,,,,,,,,,,,,,,,,,,,,
iMac,ASUS Monitor,Microsoft Office Home and Student 2016,Apple MacBook Pro,Slim Wireless Mouse,,,,,,,,,,,,,,,,,,,,,,,,,,,
Lenovo Desktop Computer,Epson Printer,,,,,,,,,,,,,,,,,,,,,,,,,,,,,,
iPad Pro ,,,,,,,,,,,,,,,,,,,,,,,,,,,,,,,
ViewSonic Monitor,HP Black & Tri-color Ink ,HP Wireless Printer,Lenovo Desktop Computer,Belkin Mouse Pad,Apple Earpods,,,,,,,,,,,,,,,,,,,,,,,,,,
Apple MacBook Pro,,,,,,,,,,,,,,,,,,,,,,,,,,,,,,,
HP Laptop,Bose Companion Speakers,,,,,,,,,,,,,,,,,,,,,,,,,,,,,,
Apple MacBook Pro,,,,,,,,,,,,,,,,,,,,,,,,,,,,,,,
Acer Desktop,ViewSonic Monitor,Logitech Wireless Mouse,iMac,Microsoft Office Home and Student 2016,Rii LED Gaming Keyboard & Mouse Combo ,Lenovo Desktop Computer,,,,,,,,,,,,,,,,,,,,,,,,,
iPad Pro ,,,,,,,,,,,,,,,,,,,,,,,,,,,,,,,
Dell Desktop,ViewSonic Monitor,CYBERPOWER Gamer Desktop,,,,,,,,,,,,,,,,,,,,,,,,,,,,,
Lenovo Desktop Computer,Sonos,Apple Earpods,ASUS Desktop,Dell Laptop,iPad Pro ,,,,,,,,,,,,,,,,,,,,,,,,,,
Samsung Monitor,HP Wireless Printer,Bose Companion Speakers,Apple Earpods,LG Touchscreen Laptop,,,,,,,,,,,,,,,,,,,,,,,,,,,
Lenovo Desktop Computer,Bose Companion Speakers,Epson Printer,3-Button Mouse,Computer Game,Apple Earpods,Microsoft Wireless Desktop Keyboard and Mouse,,,,,,,,,,,,,,,,,,,,,,,,,
 Intel Desktop ,,,,,,,,,,,,,,,,,,,,,,,,,,,,,,,
Acer Desktop,,,,,,,,,,,,,,,,,,,,,,,,,,,,,,,
Acer Desktop,iMac,Epson Black Ink,Halter Acrylic Monitor Stand,Acer Desktop,HP Monitor,iPad,,,,,,,,,,,,,,,,,,,,,,,,,
Eluktronics Pro Gaming Laptop,Logitech 3-button Mouse,Brother Printer Toner,,,,,,,,,,,,,,,,,,,,,,,,,,,,,
Dell Desktop,,,,,,,,,,,,,,,,,,,,,,,,,,,,,,,
Samsung Monitor,HP Laptop, Intel Desktop ,Apple Earpods,Apple MacBook Air,LG Touchscreen Laptop,Dell Laptop,,,,,,,,,,,,,,,,,,,,,,,,,
Samsung Monitor,HDMI Cable 6ft,Dell Desktop,Acer Desktop,HP Laptop,iMac,ASUS 2 Monitor,HP Wireless Printer,Epson Black Ink,AOC Monitor,HP Monitor,,,,,,,,,,,,,,,,,,,,,
Samsung Monitor,Apple MacBook Pro,Apple MacBook Air,Brother Printer,Microsoft Wireless Desktop Keyboard and Mouse,,,,,,,,,,,,,,,,,,,,,,,,,,,
Apple Wireless Keyboard,,,,,,,,,,,,,,,,,,,,,,,,,,,,,,,
Acer Desktop,ASUS Monitor,Slim 2TB Portable External Hard Drive,Panasonic In-Ear Headphone ,Sonos,CYBERPOWER Gamer Desktop,Apple MacBook Pro,,,,,,,,,,,,,,,,,,,,,,,,,
iMac,Apple Earpods,,,,,,,,,,,,,,,,,,,,,,,,,,,,,,
Computer Game,iMac,Apple Wireless Keyboard,,,,,,,,,,,,,,,,,,,,,,,,,,,,,
HDMI Cable 6ft,iMac,Brother Printer Toner,,,,,,,,,,,,,,,,,,,,,,,,,,,,,
Apple Earpods,,,,,,,,,,,,,,,,,,,,,,,,,,,,,,,
ViewSonic Monitor,,,,,,,,,,,,,,,,,,,,,,,,,,,,,,,
HDMI Cable 6ft,HP Laptop,iMac,HP Wireless Printer,Lenovo Desktop Computer,Cyber Acoustics,Etekcity Power Extension Cord Cable,Halter Acrylic Monitor Stand,Apple Wireless Keyboard,Apple Earpods,Microsoft Wireless Desktop Keyboard and Mouse,,,,,,,,,,,,,,,,,,,,,
Samsung Monitor,HDMI Cable 6ft,HP Laptop,,,,,,,,,,,,,,,,,,,,,,,,,,,,,
Brother Printer Toner,,,,,,,,,,,,,,,,,,,,,,,,,,,,,,,
HP Laptop,iMac,Apple Earpods,HP Desktop,,,,,,,,,,,,,,,,,,,,,,,,,,,,
 Intel Desktop ,AOC Monitor,Logitech MK360 Wireless Keyboard and Mouse Combo,HP Monitor,,,,,,,,,,,,,,,,,,,,,,,,,,,,
HP Wireless Printer,Lenovo Desktop Computer,Epson Printer,Apple Earpods,Acer Desktop,LG Touchscreen Laptop,Computer Game,ASUS Desktop,Wireless Portable Mouse,Apple TV,Etekcity Power Extension Cord Cable,DYMO Label Manker  ,iPad Pro ,Backlit LED Gaming Keyboard,,,,,,,,,,,,,,,,,,
iMac,,,,,,,,,,,,,,,,,,,,,,,,,,,,,,,
Acer Monitor,Apple Magic Keyboard,Epson Black Ink,Epson Printer,Slim Wireless Mouse,iPad,,,,,,,,,,,,,,,,,,,,,,,,,,
Large Mouse Pad,,,,,,,,,,,,,,,,,,,,,,,,,,,,,,,
ASUS 2 Monitor,Dell Laptop,,,,,,,,,,,,,,,,,,,,,,,,,,,,,,
ASUS 2 Monitor,Lenovo Desktop Computer,,,,,,,,,,,,,,,,,,,,,,,,,,,,,,
HP Laptop,Alienware Laptop,Lenovo Desktop Computer,HP Monitor,,,,,,,,,,,,,,,,,,,,,,,,,,,,
LG Monitor,Computer Game,HP Laptop,Slim Wireless Mouse,Halter Mesh Metal Monitor Stand,,,,,,,,,,,,,,,,,,,,,,,,,,,
Cambridge Bluetooth Speaker,,,,,,,,,,,,,,,,,,,,,,,,,,,,,,,
Apple Earpods,HP Monitor,Microsoft Headset,,,,,,,,,,,,,,,,,,,,,,,,,,,,,
Samsung Monitor,iMac,Logitech MK550 Wireless Wave Keyboard and Mouse Combo,Acer Desktop,,,,,,,,,,,,,,,,,,,,,,,,,,,,
HP Laptop,Apple Earpods,HP Desktop,,,,,,,,,,,,,,,,,,,,,,,,,,,,,
Acer Desktop,ViewSonic Monitor,HP Laptop,iMac,Lenovo Desktop Computer,CYBERPOWER Gamer Desktop,,,,,,,,,,,,,,,,,,,,,,,,,,
Dell Desktop,iMac,ASUS Monitor, Intel Desktop ,Microsoft Office Home and Student 2016,HP Monitor,Logitech ClearChat Headset,,,,,,,,,,,,,,,,,,,,,,,,,
Apple MacBook Air,,,,,,,,,,,,,,,,,,,,,,,,,,,,,,,
ViewSonic Monitor,HP Black & Tri-color Ink ,iMac,,,,,,,,,,,,,,,,,,,,,,,,,,,,,
Samsung Monitor,LG Touchscreen Laptop,ASUS Desktop,,,,,,,,,,,,,,,,,,,,,,,,,,,,,
Apple MacBook Pro,Apple Earpods,HP Monitor,,,,,,,,,,,,,,,,,,,,,,,,,,,,,
Acer Aspire,Dell Desktop,Acer Desktop,Dell 2 Desktop,HP Laptop,Apple Magic Keyboard,Koss Home Headphones,Logitech 3-button Mouse,3TB Portable External Hard Drive,Computer Game,ViewSonic Monitor,Apple Wireless Keyboard,Backlit LED Gaming Keyboard,Microsoft Wireless Desktop Keyboard and Mouse,,,,,,,,,,,,,,,,,,
iMac,,,,,,,,,,,,,,,,,,,,,,,,,,,,,,,
3-Button Mouse,Belkin Mouse Pad,HP Desktop,iPad,,,,,,,,,,,,,,,,,,,,,,,,,,,,
Acer Desktop,iMac,Lenovo Desktop Computer,Apple Magic Keyboard, Intel Desktop ,Belkin Mouse Pad,,,,,,,,,,,,,,,,,,,,,,,,,,
LG Monitor,,,,,,,,,,,,,,,,,,,,,,,,,,,,,,,
Acer Aspire,ViewSonic Monitor,iMac,3-Button Mouse,Redragon Gaming Mouse,Apple Earpods,Rii LED Keyboard,Brother Printer,,,,,,,,,,,,,,,,,,,,,,,,
ASUS 2 Monitor,Apple Earpods,,,,,,,,,,,,,,,,,,,,,,,,,,,,,,
Bose Companion Speakers,Apple Earpods,Apple MacBook Air,,,,,,,,,,,,,,,,,,,,,,,,,,,,,
CYBERPOWER Gamer Desktop,Apple MacBook Pro,iPhone Charger Cable,,,,,,,,,,,,,,,,,,,,,,,,,,,,,
iMac,Logitech 3-button Mouse,,,,,,,,,,,,,,,,,,,,,,,,,,,,,,
ViewSonic Monitor,Alienware Laptop,Google Home,HP Desktop,,,,,,,,,,,,,,,,,,,,,,,,,,,,
AOC Monitor,3-Button Mouse,iMac ,Apple Earpods,HP Monitor,ASUS Desktop,Wireless Portable Mouse,Microsoft Wireless Desktop Keyboard and Mouse,,,,,,,,,,,,,,,,,,,,,,,,
5TB Desktop Hard Drive,iMac,Logitech MK550 Wireless Wave Keyboard and Mouse Combo,Dell Wired Keyboard,Backlit LED Gaming Keyboard,,,,,,,,,,,,,,,,,,,,,,,,,,,
iMac, Intel Desktop ,Backlit LED Gaming Keyboard,,,,,,,,,,,,,,,,,,,,,,,,,,,,,
Apple Earpods,iPhone Charger Cable,Microsoft Wireless Desktop Keyboard and Mouse,,,,,,,,,,,,,,,,,,,,,,,,,,,,,
Brother Printer,Microsoft Wireless Desktop Keyboard and Mouse,,,,,,,,,,,,,,,,,,,,,,,,,,,,,,
HP Laptop,Google Home,Apple MacBook Pro,Dell Laptop,,,,,,,,,,,,,,,,,,,,,,,,,,,,
Acer Aspire,Logitech MK270 Wireless Keyboard and Mouse Combo,iMac,HP Wireless Printer,Lenovo Desktop Computer,Logitech 3-button Mouse,3-Button Mouse,Apple Earpods,Backlit LED Gaming Keyboard,Microsoft Wireless Desktop Keyboard and Mouse,,,,,,,,,,,,,,,,,,,,,,
Samsung Monitor,ViewSonic Monitor,HP Laptop,ASUS Monitor,Microsoft Office Home and Student 2016,CYBERPOWER Gamer Desktop,,,,,,,,,,,,,,,,,,,,,,,,,,
Apple MacBook Air,,,,,,,,,,,,,,,,,,,,,,,,,,,,,,,
LG Monitor,HP Laptop,ASUS 2 Monitor,,,,,,,,,,,,,,,,,,,,,,,,,,,,,
HP Laptop,Cambridge Bluetooth Speaker,Dell Laptop,,,,,,,,,,,,,,,,,,,,,,,,,,,,,
Dell 2 Desktop,ViewSonic Monitor,Logitech MK550 Wireless Wave Keyboard and Mouse Combo,Apple Wired Keyboard,Apple MacBook Pro,Apple Earpods,Apple MacBook Air,iPad Pro ,,,,,,,,,,,,,,,,,,,,,,,,
Acer Aspire,Logitech MK270 Wireless Keyboard and Mouse Combo,iMac,3-Button Mouse,Ethernet Cable,Halter Acrylic Monitor Stand,Dell Laptop,HP Desktop,Brother Printer,iPad Pro ,Microsoft Wireless Desktop Keyboard and Mouse,,,,,,,,,,,,,,,,,,,,,
Samsung Monitor,Acer Aspire,Dell Desktop,HP Laptop,Samsung Charging Cable,Microsoft Wireless Desktop Keyboard and Mouse,,,,,,,,,,,,,,,,,,,,,,,,,,
Acer Aspire,HP Laptop, Intel Desktop ,Slim Wireless Mouse,Wireless Portable Mouse,Dell Laptop,HP Desktop,iPad Pro ,,,,,,,,,,,,,,,,,,,,,,,,
ViewSonic Monitor,HP Laptop,Epson Printer,Full Motion Monitor Mount,Apple Wireless Keyboard,,,,,,,,,,,,,,,,,,,,,,,,,,,
Apple MacBook Air,,,,,,,,,,,,,,,,,,,,,,,,,,,,,,,
Apple Wireless Keyboard,,,,,,,,,,,,,,,,,,,,,,,,,,,,,,,
Acer Aspire,HP Laptop,iMac,ASUS Monitor,DYMO Label Manker  ,,,,,,,,,,,,,,,,,,,,,,,,,,,
Dell Desktop,Acer Desktop,,,,,,,,,,,,,,,,,,,,,,,,,,,,,,
Acer Monitor,Height-Adjustable Standing Desk,Brother Printer Toner,Apple MacBook Air,EagleTec Wireless Combo Keyboard and Mouse,Microsoft Headset,Microsoft Wireless Desktop Keyboard and Mouse,,,,,,,,,,,,,,,,,,,,,,,,,
LG Touchscreen Laptop,,,,,,,,,,,,,,,,,,,,,,,,,,,,,,,
HP Laptop,iMac,Logitech 3-button Mouse,iPad Pro ,,,,,,,,,,,,,,,,,,,,,,,,,,,,
EagleTec Wireless Combo Keyboard and Mouse,,,,,,,,,,,,,,,,,,,,,,,,,,,,,,,
Acer Monitor,Samsung Monitor,Acer Desktop,Logitech MK550 Wireless Wave Keyboard and Mouse Combo,Apple MacBook Pro,PC Gaming Headset,,,,,,,,,,,,,,,,,,,,,,,,,,
Apple Magic Keyboard,Halter Acrylic Monitor Stand,,,,,,,,,,,,,,,,,,,,,,,,,,,,,,
Slim Wireless Mouse,,,,,,,,,,,,,,,,,,,,,,,,,,,,,,,
iMac,3-Button Mouse,Etekcity Power Extension Cord Cable,Microsoft Wireless Comfort Keyboard and Mouse,Logitech Stereo Headset ,Zombie Gaming Headset,Microsoft Wireless Desktop Keyboard and Mouse,,,,,,,,,,,,,,,,,,,,,,,,,
Samsung Monitor,HP Laptop,Logitech 3-button Mouse,Lenovo Desktop Computer,Halter Acrylic Monitor Stand,Microsoft Wireless Desktop Keyboard and Mouse,,,,,,,,,,,,,,,,,,,,,,,,,,
HP Wireless Printer,Lenovo Desktop Computer,Koss Home Headphones,Apple Earpods,,,,,,,,,,,,,,,,,,,,,,,,,,,,
Acer Aspire,Dell Desktop,Acer Desktop,ViewSonic Monitor,HP Laptop,Dell Laptop,iPad,Microsoft Wireless Desktop Keyboard and Mouse,,,,,,,,,,,,,,,,,,,,,,,,
Acer Desktop,Slim 2TB Portable External Hard Drive,Apple MacBook Pro,Apple Earpods,HP Monitor,DYMO Labeling Tape ,Microsoft Wireless Desktop Keyboard and Mouse,,,,,,,,,,,,,,,,,,,,,,,,,
Lenovo Desktop Computer,Microsoft Office Home and Student 2016,HP Monitor,Microsoft Wireless Desktop Keyboard and Mouse,,,,,,,,,,,,,,,,,,,,,,,,,,,,
ASUS Monitor,Apple Earpods,HP Monitor,Apple MacBook Air,,,,,,,,,,,,,,,,,,,,,,,,,,,,
Dell Desktop,ASUS 2 Monitor,Apple MacBook Pro,iPad Pro ,,,,,,,,,,,,,,,,,,,,,,,,,,,,
ViewSonic Monitor,Computer Game,HP Laptop,iMac,Epson Printer,Cambridge Bluetooth Speaker,HDMI Adapter,Apple Wireless Keyboard,Apple MacBook Pro,Acer Desktop,Canon Office Printer,Brother Printer,iPad Pro ,,,,,,,,,,,,,,,,,,,
Otium Wireless Sports Bluetooth Headphone,iMac,CYBERPOWER Gamer Desktop,,,,,,,,,,,,,,,,,,,,,,,,,,,,,
Slim Wireless Mouse,,,,,,,,,,,,,,,,,,,,,,,,,,,,,,,
ASUS Chromebook,,,,,,,,,,,,,,,,,,,,,,,,,,,,,,,
Ailihen Stereo Headphones,iMac,,,,,,,,,,,,,,,,,,,,,,,,,,,,,,
ViewSonic Monitor,iMac,AOC Monitor,Apple Earpods,Wireless Portable Mouse,HP Desktop,Brother Printer,,,,,,,,,,,,,,,,,,,,,,,,,
iMac,,,,,,,,,,,,,,,,,,,,,,,,,,,,,,,
Apple Wireless Keyboard,Apple MacBook Pro,Logitech ClearChat Headset,,,,,,,,,,,,,,,,,,,,,,,,,,,,,
3-Button Mouse,Brother Printer Toner,Dell Desktop,,,,,,,,,,,,,,,,,,,,,,,,,,,,,
Wireless Portable Mouse,,,,,,,,,,,,,,,,,,,,,,,,,,,,,,,
Samsung Monitor,Acer Aspire,5TB Desktop Hard Drive,AOC Monitor,3-Button Mouse,,,,,,,,,,,,,,,,,,,,,,,,,,,
Samsung Monitor,iMac,,,,,,,,,,,,,,,,,,,,,,,,,,,,,,
Apple Earpods,,,,,,,,,,,,,,,,,,,,,,,,,,,,,,,
Samsung Monitor,Acer Aspire,,,,,,,,,,,,,,,,,,,,,,,,,,,,,,
Acer Desktop,Apple MacBook Air,Wireless Portable Mouse,,,,,,,,,,,,,,,,,,,,,,,,,,,,,
Acer Aspire,3-Button Mouse,,,,,,,,,,,,,,,,,,,,,,,,,,,,,,
Logitech 3-button Mouse,,,,,,,,,,,,,,,,,,,,,,,,,,,,,,,
Apple Earpods,Apple MacBook Air,,,,,,,,,,,,,,,,,,,,,,,,,,,,,,
CYBERPOWER Gamer Desktop,Belkin Mouse Pad,,,,,,,,,,,,,,,,,,,,,,,,,,,,,,
Acer Aspire,Dell Desktop,Acer Desktop,Computer Game,HP Laptop,Slim 2TB Portable External Hard Drive,Dell Wired Keyboard,,,,,,,,,,,,,,,,,,,,,,,,,
ASUS Monitor,Lenovo Desktop Computer,Belkin Mouse Pad,Dell Desktop,,,,,,,,,,,,,,,,,,,,,,,,,,,,
iMac, Intel Desktop ,,,,,,,,,,,,,,,,,,,,,,,,,,,,,,
HP Monitor,Apple MacBook Air,,,,,,,,,,,,,,,,,,,,,,,,,,,,,,
Halter Mesh Metal Monitor Stand,,,,,,,,,,,,,,,,,,,,,,,,,,,,,,,
Dell Laptop,,,,,,,,,,,,,,,,,,,,,,,,,,,,,,,
ASUS Chromebook,,,,,,,,,,,,,,,,,,,,,,,,,,,,,,,
ViewSonic Monitor,Sonos,,,,,,,,,,,,,,,,,,,,,,,,,,,,,,
iMac,CYBERPOWER Gamer Desktop,,,,,,,,,,,,,,,,,,,,,,,,,,,,,,
Samsung Monitor,HP Wireless Mouse,Computer Game,HP Laptop,Logitech Wireless Mouse,ASUS Monitor,Lenovo Desktop Computer,Slim 2TB Portable External Hard Drive,Logitech MK550 Wireless Wave Keyboard and Mouse Combo,Epson Printer,Microsoft Office Home and Student 2016,AOC Monitor,Apple MacBook Pro,Apple Earpods,HP Monitor,Apple MacBook Air,Apple MacBook Air,EagleTec Wireless Combo Keyboard and Mouse,Wireless Portable Mouse,Dell Laptop,iPad,Apple TV,DYMO Label Manker  ,,,,,,,,,
iMac,Samsung Charging Cable,CYBERPOWER Gamer Desktop,Apple MacBook Air,iPad Pro ,,,,,,,,,,,,,,,,,,,,,,,,,,,
ASUS Monitor,Alienware Laptop,Microsoft Office Home and Student 2016,,,,,,,,,,,,,,,,,,,,,,,,,,,,,
Acer Aspire,HP Laptop,Logitech 3-button Mouse,,,,,,,,,,,,,,,,,,,,,,,,,,,,,
Otium Wireless Sports Bluetooth Headphone,Acer Aspire,Dell Desktop,Dell 2 Desktop,ASUS 2 Monitor,Apple Magic Keyboard,AOC Monitor,Apple MacBook Pro,ASUS Desktop,Logitech ClearChat Headset,iPad,Apple TV,,,,,,,,,,,,,,,,,,,,
Samsung Monitor,Eluktronics Pro Gaming Laptop,Apple MacBook Air,JBL Splashproof Portable Bluetooth Speaker,,,,,,,,,,,,,,,,,,,,,,,,,,,,
Bose Companion Speakers,Cambridge Bluetooth Speaker,Logitech 3-button Mouse,HP Monitor,Microsoft Wireless Desktop Keyboard and Mouse,,,,,,,,,,,,,,,,,,,,,,,,,,,
Dell Desktop,Epson Printer,CYBERPOWER Gamer Desktop,Brother Printer Toner,Apple MacBook Air,Wireless Portable Mouse,,,,,,,,,,,,,,,,,,,,,,,,,,
Apple MacBook Pro,,,,,,,,,,,,,,,,,,,,,,,,,,,,,,,
Slim Wireless Mouse,,,,,,,,,,,,,,,,,,,,,,,,,,,,,,,
Acer Monitor,HDMI Cable 6ft,Dell Desktop,Acer Desktop,HP Laptop,Epson Printer,Microsoft Office Home and Student 2016,3TB Portable External Hard Drive,Belkin Mouse Pad,Apple Earpods,,,,,,,,,,,,,,,,,,,,,,
Dell Desktop,Dell 2 Desktop,Lenovo Desktop Computer,Logitech 3-button Mouse,Brother Printer,,,,,,,,,,,,,,,,,,,,,,,,,,,
Dell Desktop,Acer Desktop,HP Laptop,Acer Desktop,,,,,,,,,,,,,,,,,,,,,,,,,,,,
Samsung Monitor,iMac,HP Wireless Printer,3-Button Mouse,Apple Earpods,,,,,,,,,,,,,,,,,,,,,,,,,,,
Acer Monitor,LG Monitor,Acer Desktop,HP Laptop,Logitech MK550 Wireless Wave Keyboard and Mouse Combo,Cambridge Bluetooth Speaker,Logitech Keyboard,3-Button Mouse,Brother Printer Toner,Dell Desktop,Apple Earpods,Slim Wireless Mouse,Dell Laptop,HP Desktop,iPad,PC Gaming Headset,,,,,,,,,,,,,,,,
Samsung Monitor,Dell Desktop,Lenovo Desktop Computer,Apple MacBook Air,ASUS Desktop,,,,,,,,,,,,,,,,,,,,,,,,,,,
CYBERPOWER Gamer Desktop,Apple MacBook Air,,,,,,,,,,,,,,,,,,,,,,,,,,,,,,
Eluktronics Pro Gaming Laptop,Dell Desktop,HP Black & Tri-color Ink ,HP Laptop,iMac,ASUS 2 Monitor,Sonos,Logitech MK360 Wireless Keyboard and Mouse Combo,Backlit LED Gaming Keyboard,Microsoft Wireless Desktop Keyboard and Mouse,,,,,,,,,,,,,,,,,,,,,,
Otium Wireless Sports Bluetooth Headphone,,,,,,,,,,,,,,,,,,,,,,,,,,,,,,,
Eluktronics Pro Gaming Laptop,iMac, Intel Desktop ,3-Button Mouse,Acer Desktop,HP Monitor,LG Touchscreen Laptop,,,,,,,,,,,,,,,,,,,,,,,,,
HDMI Cable 6ft,CYBERPOWER Gamer Desktop,,,,,,,,,,,,,,,,,,,,,,,,,,,,,,
ASUS Chromebook,Lenovo Desktop Computer,Belkin Mouse Pad,,,,,,,,,,,,,,,,,,,,,,,,,,,,,
Otium Wireless Sports Bluetooth Headphone,,,,,,,,,,,,,,,,,,,,,,,,,,,,,,,
Dell Desktop,CYBERPOWER Gamer Desktop,Lenovo Desktop Computer,HP Monitor,Apple MacBook Air,iPad Pro ,,,,,,,,,,,,,,,,,,,,,,,,,,
iMac,Epson Black Ink,Sonos,Apple Wireless Keyboard,iPad Pro ,Multi Media Stand,Microsoft Wireless Desktop Keyboard and Mouse,,,,,,,,,,,,,,,,,,,,,,,,,
Acer Monitor,5TB Desktop Hard Drive,Cambridge Bluetooth Speaker,CYBERPOWER Gamer Desktop,Dell Laptop,,,,,,,,,,,,,,,,,,,,,,,,,,,
Apple MacBook Pro,Apple Earpods,iPad Pro ,,,,,,,,,,,,,,,,,,,,,,,,,,,,,
Acer Aspire,Acer Desktop,Dell 2 Desktop,Epson Black Ink,,,,,,,,,,,,,,,,,,,,,,,,,,,,
HP Laptop,Etekcity Power Extension Cord Cable,,,,,,,,,,,,,,,,,,,,,,,,,,,,,,
HP Wireless Printer,Apple Earpods,Rii LED Keyboard,Microsoft Wireless Desktop Keyboard and Mouse,,,,,,,,,,,,,,,,,,,,,,,,,,,,
Etekcity Power Extension Cord Cable,iPhone Charger Cable,Apple Wireless Keyboard,,,,,,,,,,,,,,,,,,,,,,,,,,,,,
Apple MacBook Pro,,,,,,,,,,,,,,,,,,,,,,,,,,,,,,,
ViewSonic Monitor,HP Laptop,ASUS Monitor,Dell Laptop,,,,,,,,,,,,,,,,,,,,,,,,,,,,
HP Wireless Mouse,,,,,,,,,,,,,,,,,,,,,,,,,,,,,,,
iMac,Apple Magic Keyboard,Fire TV Stick,Wireless Portable Mouse,Microsoft Headset,,,,,,,,,,,,,,,,,,,,,,,,,,,
Epson Printer,,,,,,,,,,,,,,,,,,,,,,,,,,,,,,,
Dell Desktop,Lenovo Desktop Computer,CYBERPOWER Gamer Desktop,3-Button Mouse,Apple Wireless Keyboard,Apple MacBook Pro,Backlit LED Gaming Keyboard,,,,,,,,,,,,,,,,,,,,,,,,,
ViewSonic Monitor,iMac,Cambridge Bluetooth Speaker,Microsoft Office Home and Student 2016,AOC Monitor,LG Touchscreen Laptop,,,,,,,,,,,,,,,,,,,,,,,,,,
LG Monitor,,,,,,,,,,,,,,,,,,,,,,,,,,,,,,,
 Intel Desktop ,CYBERPOWER Gamer Desktop,HP Monitor,,,,,,,,,,,,,,,,,,,,,,,,,,,,,
3TB Portable External Hard Drive,,,,,,,,,,,,,,,,,,,,,,,,,,,,,,,
HP Wireless Mouse,,,,,,,,,,,,,,,,,,,,,,,,,,,,,,,
Apple MacBook Pro,,,,,,,,,,,,,,,,,,,,,,,,,,,,,,,
LG Monitor,ASUS 2 Monitor,HP Wireless Printer,Apple Magic Keyboard,Rii LED Gaming Keyboard & Mouse Combo ,Apple MacBook Pro,,,,,,,,,,,,,,,,,,,,,,,,,,
Samsung Monitor,Dell Desktop,Lenovo Desktop Computer,Cambridge Bluetooth Speaker,Sonos,Logitech 3-button Mouse,,,,,,,,,,,,,,,,,,,,,,,,,,
iMac,Apple Wireless Keyboard,,,,,,,,,,,,,,,,,,,,,,,,,,,,,,
5TB Desktop Hard Drive,Lenovo Desktop Computer,HP Monitor,Dell Laptop,,,,,,,,,,,,,,,,,,,,,,,,,,,,
Samsung Monitor,Epson Printer,Microsoft Office Home and Student 2016,Apple MacBook Pro,Apple MacBook Air,,,,,,,,,,,,,,,,,,,,,,,,,,,
Kindle ,,,,,,,,,,,,,,,,,,,,,,,,,,,,,,,
HP Wireless Mouse,Cambridge Bluetooth Speaker,Belkin Mouse Pad,Apple Earpods,,,,,,,,,,,,,,,,,,,,,,,,,,,,
Apple Wired Keyboard,CYBERPOWER Gamer Desktop,AOC Monitor,APIE Bluetooth Headphone,HP Monitor,Backlit LED Gaming Keyboard,,,,,,,,,,,,,,,,,,,,,,,,,,
Dell Desktop,Epson Printer,,,,,,,,,,,,,,,,,,,,,,,,,,,,,,
Apple MacBook Air,,,,,,,,,,,,,,,,,,,,,,,,,,,,,,,
HP Wireless Mouse,ViewSonic Monitor,iMac,Mackie CR Speakers,Etekcity Power Extension Cord Cable,,,,,,,,,,,,,,,,,,,,,,,,,,,
Lenovo Desktop Computer,DOSS Touch Wireless Bluetooth,,,,,,,,,,,,,,,,,,,,,,,,,,,,,,
Acer Aspire,iMac,Lenovo Desktop Computer,Apple Wired Keyboard,Logitech 3-button Mouse,Apple MacBook Air,LG Touchscreen Laptop,ASUS Desktop,Halter Mesh Metal Monitor Stand,,,,,,,,,,,,,,,,,,,,,,,
Wireless Portable Mouse,iPad,,,,,,,,,,,,,,,,,,,,,,,,,,,,,,
HP Wireless Mouse, Intel Desktop ,Mackie CR Speakers,,,,,,,,,,,,,,,,,,,,,,,,,,,,,
Microsoft Headset,,,,,,,,,,,,,,,,,,,,,,,,,,,,,,,
iMac,Apple MacBook Pro,Apple MacBook Air,,,,,,,,,,,,,,,,,,,,,,,,,,,,,
Apple MacBook Air,,,,,,,,,,,,,,,,,,,,,,,,,,,,,,,
CYBERPOWER Gamer Desktop,Logitech 3-button Mouse,,,,,,,,,,,,,,,,,,,,,,,,,,,,,,
HP Laptop,,,,,,,,,,,,,,,,,,,,,,,,,,,,,,,
Acer Monitor,ASUS Chromebook,Dell Desktop,Logitech MK270 Wireless Keyboard and Mouse Combo,Computer Game,HP Laptop,iMac,Apple Magic Keyboard, Intel Desktop ,Brother Printer Toner,DOSS Touch Wireless Bluetooth,,,,,,,,,,,,,,,,,,,,,
Kensington Headphones ,HP Wireless Mouse,ViewSonic Monitor,iMac,Alienware Laptop,Logitech 3-button Mouse,HP Monitor,,,,,,,,,,,,,,,,,,,,,,,,,
Samsung Monitor,Acer Desktop,ViewSonic Monitor, Intel Desktop ,Google Home,AOC Monitor,Logitech 3-button Mouse,Lenovo Desktop Computer,Belkin Mouse Pad,Halter Acrylic Monitor Stand,Apple MacBook Pro,Apple Earpods,Wireless Portable Mouse,Microsoft Wireless Desktop Keyboard and Mouse,,,,,,,,,,,,,,,,,,
Samsung Monitor,Eluktronics Pro Gaming Laptop,HP Laptop,CYBERPOWER Gamer Desktop,Cyber Acoustics,Logitech MK360 Wireless Keyboard and Mouse Combo,Microsoft Wireless Desktop Keyboard and Mouse,,,,,,,,,,,,,,,,,,,,,,,,,
CYBERPOWER Gamer Desktop,,,,,,,,,,,,,,,,,,,,,,,,,,,,,,,
ViewSonic Monitor,iMac,Apple Wired Keyboard,CYBERPOWER Gamer Desktop,Apple Wireless Keyboard,Backlit LED Gaming Keyboard,,,,,,,,,,,,,,,,,,,,,,,,,,
iMac,Logitech 3-button Mouse,Dell Desktop,,,,,,,,,,,,,,,,,,,,,,,,,,,,,
iMac,CYBERPOWER Gamer Desktop,,,,,,,,,,,,,,,,,,,,,,,,,,,,,,
Samsung Monitor,Belkin Mouse Pad,Microsoft Wireless Desktop Keyboard and Mouse,,,,,,,,,,,,,,,,,,,,,,,,,,,,,
iMac,Lenovo Desktop Computer,,,,,,,,,,,,,,,,,,,,,,,,,,,,,,
Acer Desktop,,,,,,,,,,,,,,,,,,,,,,,,,,,,,,,
Apple Earpods,Microsoft Headset,HP Desktop,,,,,,,,,,,,,,,,,,,,,,,,,,,,,
Samsung Monitor,HDMI Cable 6ft,ASUS Chromebook,ViewSonic Monitor,Bose Companion Speakers,APIE Bluetooth Headphone,Apple Earpods,,,,,,,,,,,,,,,,,,,,,,,,,
Acer Monitor,Halter Acrylic Monitor Stand,iPad Pro ,Backlit LED Gaming Keyboard,,,,,,,,,,,,,,,,,,,,,,,,,,,,
Redragon Gaming Mouse,Apple MacBook Pro,Brother Printer,,,,,,,,,,,,,,,,,,,,,,,,,,,,,
Acer Monitor,HDMI Cable 6ft,Dell Desktop,HP Laptop,iMac,Dell Wired Keyboard,AOC Monitor,Computer Game,HP Monitor,iPhone Charger Cable,Microsoft Wireless Desktop Keyboard and Mouse,,,,,,,,,,,,,,,,,,,,,
LG Monitor,ViewSonic Monitor,,,,,,,,,,,,,,,,,,,,,,,,,,,,,,
LG Monitor,ViewSonic Monitor,Dell Wired Keyboard,ASUS 2 Monitor,Belkin Mouse Pad,,,,,,,,,,,,,,,,,,,,,,,,,,,
Apple MacBook Air,Microsoft Wireless Desktop Keyboard and Mouse,,,,,,,,,,,,,,,,,,,,,,,,,,,,,,
Logitech MK270 Wireless Keyboard and Mouse Combo,Koss Home Headphones,Apple MacBook Pro,,,,,,,,,,,,,,,,,,,,,,,,,,,,,
LG Monitor,,,,,,,,,,,,,,,,,,,,,,,,,,,,,,,
ASUS Chromebook,Eluktronics Pro Gaming Laptop,Acer Aspire,Dell Desktop,ViewSonic Monitor,Computer Game,HP Laptop,iMac,ASUS 2 Monitor,Apple Magic Keyboard,Rii LED Gaming Keyboard & Mouse Combo ,Panasonic On-Ear Stereo Headphones,,,,,,,,,,,,,,,,,,,,
ASUS Chromebook,Logitech MK270 Wireless Keyboard and Mouse Combo,HP Black & Tri-color Ink ,HP Laptop,iMac,ASUS 2 Monitor,Apple Magic Keyboard,Epson Printer,Sonos,Etekcity Power Extension Cord Cable,Apple Wireless Keyboard,HP Monitor,Microsoft Headset,Dell Laptop,Apple TV,Multi Media Stand,,,,,,,,,,,,,,,,
Samsung Monitor,Otium Wireless Sports Bluetooth Headphone,iMac, Intel Desktop ,Apple Earpods,Rii LED Keyboard,PC Gaming Headset,,,,,,,,,,,,,,,,,,,,,,,,,
Acer Monitor,LG Monitor,Bose Companion Speakers,Epson Black Ink,,,,,,,,,,,,,,,,,,,,,,,,,,,,
Dell Desktop,Computer Game,LG Touchscreen Laptop,,,,,,,,,,,,,,,,,,,,,,,,,,,,,
Acer Monitor,HP Black & Tri-color Ink ,,,,,,,,,,,,,,,,,,,,,,,,,,,,,,
3-Button Mouse,,,,,,,,,,,,,,,,,,,,,,,,,,,,,,,
iMac,,,,,,,,,,,,,,,,,,,,,,,,,,,,,,,
HDMI Cable 6ft,Panasonic In-Ear Headphone ,AOC Monitor,Full Motion Monitor Mount,Acer Desktop,Microsoft Wireless Desktop Keyboard and Mouse,,,,,,,,,,,,,,,,,,,,,,,,,,
CYBERPOWER Gamer Desktop,,,,,,,,,,,,,,,,,,,,,,,,,,,,,,,
Kensington Headphones ,,,,,,,,,,,,,,,,,,,,,,,,,,,,,,,
LG Monitor,Acer Desktop,HP Laptop,Alienware Laptop,AOC Monitor,3-Button Mouse,Apple Earpods,HP Monitor,,,,,,,,,,,,,,,,,,,,,,,,
Etekcity Power Extension Cord Cable,Apple Earpods,Backlit LED Gaming Keyboard,,,,,,,,,,,,,,,,,,,,,,,,,,,,,
Kensington Headphones ,Computer Game,Slim Wireless Mouse,,,,,,,,,,,,,,,,,,,,,,,,,,,,,
Acer Monitor,LG Monitor,Acer Aspire,iMac,Apple Magic Keyboard,CYBERPOWER Gamer Desktop,Etekcity Power Extension Cord Cable,Dell Desktop,Computer Game,Apple MacBook Pro,Apple MacBook Air,,,,,,,,,,,,,,,,,,,,,
HP Wireless Mouse,Acer Aspire,Computer Game,HP Laptop,Lenovo Desktop Computer,APIE Bluetooth Headphone,Logitech Keyboard,,,,,,,,,,,,,,,,,,,,,,,,,
Cambridge Bluetooth Speaker,Apple MacBook Air,iPad,,,,,,,,,,,,,,,,,,,,,,,,,,,,,
ASUS 2 Monitor,Redragon Gaming Mouse,,,,,,,,,,,,,,,,,,,,,,,,,,,,,,
ViewSonic Monitor,iMac,ASUS 2 Monitor,CYBERPOWER Gamer Desktop,3-Button Mouse,Cyber Acoustics,iPad Pro ,,,,,,,,,,,,,,,,,,,,,,,,,
Slim 2TB Portable External Hard Drive,,,,,,,,,,,,,,,,,,,,,,,,,,,,,,,
iMac,Google Home,Epson Printer,,,,,,,,,,,,,,,,,,,,,,,,,,,,,
LG Monitor,iMac,Cambridge Bluetooth Speaker,CYBERPOWER Gamer Desktop,3-Button Mouse,VGA Monitor Cable,Wireless Portable Mouse,Dell Laptop,Microsoft Wireless Desktop Keyboard and Mouse,,,,,,,,,,,,,,,,,,,,,,,
Cambridge Bluetooth Speaker,Microsoft Wireless Desktop Keyboard and Mouse,,,,,,,,,,,,,,,,,,,,,,,,,,,,,,
ASUS Chromebook,HP Laptop,iMac,Lenovo Desktop Computer,Logitech 3-button Mouse,iPhone Charger Cable,Backlit LED Gaming Keyboard,,,,,,,,,,,,,,,,,,,,,,,,,
Apple Wireless Keyboard,,,,,,,,,,,,,,,,,,,,,,,,,,,,,,,
LG Monitor,iMac,Lenovo Desktop Computer,Samsung Charging Cable,CYBERPOWER Gamer Desktop,Microsoft Basic Optical Mouse,VGA Monitor Cable,,,,,,,,,,,,,,,,,,,,,,,,,
HDMI Adapter,Brother Printer,,,,,,,,,,,,,,,,,,,,,,,,,,,,,,
Dell Laptop,,,,,,,,,,,,,,,,,,,,,,,,,,,,,,,
Apple Earpods,,,,,,,,,,,,,,,,,,,,,,,,,,,,,,,
HDMI Cable 6ft,HP Wireless Mouse,LG Monitor,ViewSonic Monitor,iMac,Apple Magic Keyboard,CYBERPOWER Gamer Desktop,Dell Desktop,Apple Earpods,Wireless Portable Mouse,Dell Laptop,Dell Laptop,Logitech ClearChat Headset,iPad Pro ,,,,,,,,,,,,,,,,,,
Microsoft Headset,Dell Laptop,,,,,,,,,,,,,,,,,,,,,,,,,,,,,,
Kensington Headphones ,HP Laptop,ASUS Monitor, Intel Desktop ,Dell Wired Keyboard,Microsoft Office Home and Student 2016,CYBERPOWER Gamer Desktop,3-Button Mouse,ASUS Desktop,iPad,,,,,,,,,,,,,,,,,,,,,,
Apple Earpods,,,,,,,,,,,,,,,,,,,,,,,,,,,,,,,
Acer Monitor,Lenovo Desktop Computer,CYBERPOWER Gamer Desktop,,,,,,,,,,,,,,,,,,,,,,,,,,,,,
HP Laptop,iMac,ASUS 2 Monitor,,,,,,,,,,,,,,,,,,,,,,,,,,,,,
Samsung Monitor,ASUS Monitor,3-Button Mouse,DOSS Touch Wireless Bluetooth,Belkin Mouse Pad,,,,,,,,,,,,,,,,,,,,,,,,,,,
3-Button Mouse,Apple Earpods,,,,,,,,,,,,,,,,,,,,,,,,,,,,,,
HP Desktop,Brother Printer,,,,,,,,,,,,,,,,,,,,,,,,,,,,,,
Alienware Laptop,Logitech Keyboard,Apple Earpods,Microsoft Wireless Desktop Keyboard and Mouse,,,,,,,,,,,,,,,,,,,,,,,,,,,,
Dell Desktop,Acer Desktop,Lenovo Desktop Computer,,,,,,,,,,,,,,,,,,,,,,,,,,,,,
APIE Bluetooth Headphone,Apple MacBook Air,,,,,,,,,,,,,,,,,,,,,,,,,,,,,,
HP Wireless Mouse,Acer Desktop,Apple Earpods,,,,,,,,,,,,,,,,,,,,,,,,,,,,,
HP Laptop,Lenovo Desktop Computer,Apple Magic Keyboard,Epson Printer,Mackie CR Speakers,Apple Earpods,Dell Laptop,DYMO Labeling Tape ,Halter Mesh Metal Monitor Stand,,,,,,,,,,,,,,,,,,,,,,,
HP Laptop,Logitech Wireless Mouse,Lenovo Desktop Computer,Apple Magic Keyboard,Slim 2TB Portable External Hard Drive,,,,,,,,,,,,,,,,,,,,,,,,,,,
iMac,Apple Wireless Keyboard,Acer Desktop,HP Monitor,Microsoft Headset,Microsoft Wireless Desktop Keyboard and Mouse,,,,,,,,,,,,,,,,,,,,,,,,,,
iMac,,,,,,,,,,,,,,,,,,,,,,,,,,,,,,,
Dell Desktop,iMac,ASUS 2 Monitor,HP Wireless Printer,Cyber Acoustics,Redragon Gaming Mouse,HP Monitor,Wireless Portable Mouse,,,,,,,,,,,,,,,,,,,,,,,,
Samsung Monitor,,,,,,,,,,,,,,,,,,,,,,,,,,,,,,,
Samsung Monitor,HP Wireless Mouse,Acer Desktop,Apple Wired Keyboard,CYBERPOWER Gamer Desktop,Dell Desktop,,,,,,,,,,,,,,,,,,,,,,,,,,
CYBERPOWER Gamer Desktop,Apple MacBook Air,Brother Printer,,,,,,,,,,,,,,,,,,,,,,,,,,,,,
Bose Companion Speakers,Apple Wireless Keyboard,,,,,,,,,,,,,,,,,,,,,,,,,,,,,,
iMac,,,,,,,,,,,,,,,,,,,,,,,,,,,,,,,
Acer Aspire,iMac,HP Monitor,LG Touchscreen Laptop,Dell Laptop,,,,,,,,,,,,,,,,,,,,,,,,,,,
LG Touchscreen Laptop,Microsoft Wireless Desktop Keyboard and Mouse,,,,,,,,,,,,,,,,,,,,,,,,,,,,,,
ASUS 2 Monitor,,,,,,,,,,,,,,,,,,,,,,,,,,,,,,,
Apple MacBook Air,iPhone Charger Cable,Philips Flexible Earhook Headphone,,,,,,,,,,,,,,,,,,,,,,,,,,,,,
ViewSonic Monitor,Computer Game,Microsoft Wireless Desktop Keyboard and Mouse,,,,,,,,,,,,,,,,,,,,,,,,,,,,,
Lenovo Desktop Computer,Cambridge Bluetooth Speaker,Apple Wireless Keyboard,Apple MacBook Pro,Microsoft Wireless Desktop Keyboard and Mouse,,,,,,,,,,,,,,,,,,,,,,,,,,,
3TB Portable External Hard Drive,,,,,,,,,,,,,,,,,,,,,,,,,,,,,,,
HDMI Cable 6ft,HP Laptop,,,,,,,,,,,,,,,,,,,,,,,,,,,,,,
Acer Aspire,HP Laptop,iMac,Lenovo Desktop Computer,Bose Companion Speakers,AOC Monitor,Lenovo Desktop Computer,Logitech MK360 Wireless Keyboard and Mouse Combo,Apple MacBook Pro,Monster Beats By Dr Dre,Backlit LED Gaming Keyboard,,,,,,,,,,,,,,,,,,,,,
iMac,3-Button Mouse,,,,,,,,,,,,,,,,,,,,,,,,,,,,,,
iPhone Charger Cable,,,,,,,,,,,,,,,,,,,,,,,,,,,,,,,
ASUS Chromebook,Dell Desktop,HP Laptop,iMac, Intel Desktop ,CYBERPOWER Gamer Desktop,Fire HD Tablet,Apple MacBook Pro,Dell KM117 Wireless Keyboard & Mouse,JBL Splashproof Portable Bluetooth Speaker,,,,,,,,,,,,,,,,,,,,,,
Brother Printer Toner,PC Gaming Headset,,,,,,,,,,,,,,,,,,,,,,,,,,,,,,
Acer Monitor,Dell Desktop,iMac,Logitech 3-button Mouse,Fire HD Tablet,Smart Light Bulb,XIBERIA Gaming Headset,HP Monitor,Microsoft Wireless Desktop Keyboard and Mouse,,,,,,,,,,,,,,,,,,,,,,,
CYBERPOWER Gamer Desktop,Apple MacBook Air,,,,,,,,,,,,,,,,,,,,,,,,,,,,,,
Acer Monitor,Samsung Monitor,Otium Wireless Sports Bluetooth Headphone,Eluktronics Pro Gaming Laptop,HP Laptop,iMac,ASUS Monitor,CYBERPOWER Gamer Desktop,Apple Wireless Keyboard,Apple MacBook Pro,,,,,,,,,,,,,,,,,,,,,,
Eluktronics Pro Gaming Laptop,ViewSonic Monitor,HP Laptop,CYBERPOWER Gamer Desktop,iMac ,APIE Bluetooth Headphone,Backlit LED Gaming Keyboard,,,,,,,,,,,,,,,,,,,,,,,,,
HP Laptop,Microsoft Office Home and Student 2016,Logitech 3-button Mouse,Apple Earpods,iPhone Charger Cable,Microsoft Wireless Desktop Keyboard and Mouse,,,,,,,,,,,,,,,,,,,,,,,,,,
Epson Black Ink,Logitech Keyboard,,,,,,,,,,,,,,,,,,,,,,,,,,,,,,
iMac,,,,,,,,,,,,,,,,,,,,,,,,,,,,,,,
HP Laptop,,,,,,,,,,,,,,,,,,,,,,,,,,,,,,,
Alienware Laptop,Rokono Mini Speaker,,,,,,,,,,,,,,,,,,,,,,,,,,,,,,
Apple MacBook Air,,,,,,,,,,,,,,,,,,,,,,,,,,,,,,,
ASUS Chromebook,iMac,Lenovo Desktop Computer,3-Button Mouse,,,,,,,,,,,,,,,,,,,,,,,,,,,,
ASUS 2 Monitor,Logitech 3-button Mouse,Ethernet Cable,Microsoft Wireless Desktop Keyboard and Mouse,,,,,,,,,,,,,,,,,,,,,,,,,,,,
Apple MacBook Air,,,,,,,,,,,,,,,,,,,,,,,,,,,,,,,
3-Button Mouse,,,,,,,,,,,,,,,,,,,,,,,,,,,,,,,
LG Touchscreen Laptop,,,,,,,,,,,,,,,,,,,,,,,,,,,,,,,
HP Laptop,iMac,ASUS 2 Monitor,Wireless Portable Mouse,HP Desktop,Zombie Gaming Headset,iPad Pro ,,,,,,,,,,,,,,,,,,,,,,,,,
iMac,ASUS Monitor,ASUS 2 Monitor,Dell Wired Keyboard,CYBERPOWER Gamer Desktop,Logitech 3-button Mouse,Acer Desktop,ASUS Desktop,,,,,,,,,,,,,,,,,,,,,,,,
HDMI Cable 6ft,Dell Desktop,iMac,HP Wireless Printer,Alienware Laptop,Logitech 3-button Mouse,3-Button Mouse,Etekcity Power Extension Cord Cable,Rii LED Keyboard,Dell Laptop,,,,,,,,,,,,,,,,,,,,,,
Dell Desktop,HP Wireless Printer,Samsung Charging Cable,3-Button Mouse,Wireless Portable Mouse,Apple TV,,,,,,,,,,,,,,,,,,,,,,,,,,
Samsung Monitor,HDMI Cable 6ft,Acer Desktop,iMac,ASUS 2 Monitor,Alienware Laptop,Lenovo Desktop Computer,Panasonic In-Ear Headphone ,,,,,,,,,,,,,,,,,,,,,,,,
HP Laptop,Microsoft Office Home and Student 2016,,,,,,,,,,,,,,,,,,,,,,,,,,,,,,
Samsung Monitor,HDMI Cable 6ft,Logitech MK550 Wireless Wave Keyboard and Mouse Combo,Samsung Charging Cable,,,,,,,,,,,,,,,,,,,,,,,,,,,,
Microsoft Office Home and Student 2016,Logitech 3-button Mouse,Rii LED Gaming Keyboard & Mouse Combo ,Etekcity Power Extension Cord Cable,Redragon Gaming Mouse,Apple Wireless Keyboard,Apple Earpods,iPad,Brother Printer,Multi Media Stand,,,,,,,,,,,,,,,,,,,,,,
HP Laptop,,,,,,,,,,,,,,,,,,,,,,,,,,,,,,,
Samsung Monitor,ViewSonic Monitor,HP Wireless Printer,3-Button Mouse,Rii LED Gaming Keyboard & Mouse Combo ,Dell Desktop,Apple Earpods,Rii LED Keyboard,,,,,,,,,,,,,,,,,,,,,,,,
Dell Desktop,Dell 2 Desktop,Computer Game,ASUS Monitor,Lenovo Desktop Computer,Apple Wireless Keyboard,Apple Earpods,HP Monitor,HP Desktop,,,,,,,,,,,,,,,,,,,,,,,
Wireless Portable Mouse,Microsoft Wireless Desktop Keyboard and Mouse,,,,,,,,,,,,,,,,,,,,,,,,,,,,,,
3-Button Mouse,Epson Black Ink,,,,,,,,,,,,,,,,,,,,,,,,,,,,,,
LG Monitor,Dell Wired Keyboard,Apple MacBook Air,,,,,,,,,,,,,,,,,,,,,,,,,,,,,
Wireless Portable Mouse,Zombie Gaming Headset,,,,,,,,,,,,,,,,,,,,,,,,,,,,,,
Acer Desktop,HP Laptop,Apple Wireless Keyboard,,,,,,,,,,,,,,,,,,,,,,,,,,,,,
CYBERPOWER Gamer Desktop,,,,,,,,,,,,,,,,,,,,,,,,,,,,,,,
Lenovo Desktop Computer,Microsoft Office Home and Student 2016,3-Button Mouse,,,,,,,,,,,,,,,,,,,,,,,,,,,,,
Acer Monitor,Lenovo Desktop Computer,Bose Companion Speakers,3-Button Mouse,Computer Game,DOSS Touch Wireless Bluetooth,Microsoft Office Home and Student 2016,Redragon Gaming Mouse,Apple Wireless Keyboard,Apple MacBook Pro,,,,,,,,,,,,,,,,,,,,,,
iPhone Charger Cable,Rii LED Keyboard,,,,,,,,,,,,,,,,,,,,,,,,,,,,,,
Lenovo Desktop Computer,CYBERPOWER Gamer Desktop,Microsoft Headset,,,,,,,,,,,,,,,,,,,,,,,,,,,,,
Apple Wireless Keyboard,,,,,,,,,,,,,,,,,,,,,,,,,,,,,,,
Dell 2 Desktop,,,,,,,,,,,,,,,,,,,,,,,,,,,,,,,
HP Wireless Printer, Intel Desktop ,Wireless Portable Mouse,,,,,,,,,,,,,,,,,,,,,,,,,,,,,
iMac,Sonos,Microsoft Wireless Desktop Keyboard and Mouse,,,,,,,,,,,,,,,,,,,,,,,,,,,,,
iMac,,,,,,,,,,,,,,,,,,,,,,,,,,,,,,,
Logitech 3-button Mouse,DOSS Touch Wireless Bluetooth,,,,,,,,,,,,,,,,,,,,,,,,,,,,,,
Samsung Monitor,Acer Aspire,iMac,,,,,,,,,,,,,,,,,,,,,,,,,,,,,
Computer Game,Logitech Wireless Mouse,iMac,Panasonic In-Ear Headphone ,Microsoft Office Home and Student 2016,Logitech 3-button Mouse,iPhone Charger Cable,XIBERIA Gaming Headset,Backlit LED Gaming Keyboard,Halter Mesh Metal Monitor Stand,,,,,,,,,,,,,,,,,,,,,,
Brother Printer,,,,,,,,,,,,,,,,,,,,,,,,,,,,,,,
iMac,,,,,,,,,,,,,,,,,,,,,,,,,,,,,,,
HP Laptop,CYBERPOWER Gamer Desktop,,,,,,,,,,,,,,,,,,,,,,,,,,,,,,
Dell Desktop,Full Motion Monitor Mount,Apple MacBook Air,Dell Laptop,,,,,,,,,,,,,,,,,,,,,,,,,,,,
Slim Wireless Mouse,,,,,,,,,,,,,,,,,,,,,,,,,,,,,,,
iMac,Belkin Mouse Pad,,,,,,,,,,,,,,,,,,,,,,,,,,,,,,
Lenovo Desktop Computer,Logitech 3-button Mouse,Apple Wireless Keyboard,,,,,,,,,,,,,,,,,,,,,,,,,,,,,
LG Monitor,Lenovo Desktop Computer,Apple Wireless Keyboard,,,,,,,,,,,,,,,,,,,,,,,,,,,,,
Apple MacBook Pro,Apple MacBook Air,,,,,,,,,,,,,,,,,,,,,,,,,,,,,,
iMac,,,,,,,,,,,,,,,,,,,,,,,,,,,,,,,
Slim Wireless Mouse,,,,,,,,,,,,,,,,,,,,,,,,,,,,,,,
Apple MacBook Air,PC Gaming Headset,,,,,,,,,,,,,,,,,,,,,,,,,,,,,,
HDMI Cable 6ft,iMac,ASUS Monitor,ASUS 2 Monitor,HP Wireless Printer,Alienware Laptop,Lenovo Desktop Computer,Koss Home Headphones,Logitech 3-button Mouse,3-Button Mouse,HP Monitor,Dell Laptop,Microsoft Wireless Desktop Keyboard and Mouse,,,,,,,,,,,,,,,,,,,
Sonos,3-Button Mouse,Apple Earpods,Slim Wireless Mouse,,,,,,,,,,,,,,,,,,,,,,,,,,,,
Logitech ClearChat Headset,iPad,,,,,,,,,,,,,,,,,,,,,,,,,,,,,,
Acer Desktop,HP Laptop,Lenovo Desktop Computer,Cambridge Bluetooth Speaker,3-Button Mouse,Wireless Portable Mouse,HP Desktop,,,,,,,,,,,,,,,,,,,,,,,,,
iMac,Apple MacBook Pro,Philips Flexible Earhook Headphone,Microsoft Headset,,,,,,,,,,,,,,,,,,,,,,,,,,,,
Lenovo Desktop Computer,,,,,,,,,,,,,,,,,,,,,,,,,,,,,,,
Lenovo Desktop Computer,,,,,,,,,,,,,,,,,,,,,,,,,,,,,,,
Brother Printer,iPad Pro ,,,,,,,,,,,,,,,,,,,,,,,,,,,,,,
Bose Companion Speakers,Apple Wireless Keyboard,Apple MacBook Air,Dell Laptop,iPad,,,,,,,,,,,,,,,,,,,,,,,,,,,
ViewSonic Monitor,HP Black & Tri-color Ink ,HP Laptop,iPad Pro ,Halter Mesh Metal Monitor Stand,,,,,,,,,,,,,,,,,,,,,,,,,,,
Dell Laptop,,,,,,,,,,,,,,,,,,,,,,,,,,,,,,,
Samsung Monitor,ViewSonic Monitor,HP Laptop,iMac,Lenovo Desktop Computer,Slim 2TB Portable External Hard Drive,Logitech 3-button Mouse,HP Monitor,,,,,,,,,,,,,,,,,,,,,,,,
Dell Desktop,iMac,ASUS Monitor,Apple MacBook Pro,Brother Printer,iPad Pro ,,,,,,,,,,,,,,,,,,,,,,,,,,
Kensington Headphones ,Lenovo Desktop Computer,Cyber Acoustics,,,,,,,,,,,,,,,,,,,,,,,,,,,,,
Dell Desktop,ASUS Desktop,Dell Laptop,,,,,,,,,,,,,,,,,,,,,,,,,,,,,
HDMI Cable 6ft,HP Wireless Mouse,HP Laptop,iMac,Epson Printer,Dell Laptop,,,,,,,,,,,,,,,,,,,,,,,,,,
ViewSonic Monitor,CYBERPOWER Gamer Desktop,AOC Monitor,3-Button Mouse,Etekcity Power Extension Cord Cable,Logitech MK360 Wireless Keyboard and Mouse Combo,iPad Pro ,,,,,,,,,,,,,,,,,,,,,,,,,
Backlit LED Gaming Keyboard,,,,,,,,,,,,,,,,,,,,,,,,,,,,,,,
LG Monitor,Eluktronics Pro Gaming Laptop,Dell Desktop,iMac,Belkin Mouse Pad,Full Motion Monitor Mount,Microsoft Wireless Desktop Keyboard and Mouse,,,,,,,,,,,,,,,,,,,,,,,,,
Apple Wireless Keyboard,Rokono Mini Speaker,,,,,,,,,,,,,,,,,,,,,,,,,,,,,,
Acer Aspire,Acer Desktop,ViewSonic Monitor,iMac,ASUS Monitor,Apple Magic Keyboard,Lenovo Desktop Computer,Logitech Multimedia Speakers,Apple MacBook Pro,Dell Laptop,,,,,,,,,,,,,,,,,,,,,,
Apple MacBook Air,Large Mouse Pad,DYMO Label Manker  ,Backlit LED Gaming Keyboard,,,,,,,,,,,,,,,,,,,,,,,,,,,,
Acer Monitor,CYBERPOWER Gamer Desktop,HP Monitor,,,,,,,,,,,,,,,,,,,,,,,,,,,,,
CYBERPOWER Gamer Desktop,,,,,,,,,,,,,,,,,,,,,,,,,,,,,,,
Acer Monitor,Apple Earpods,,,,,,,,,,,,,,,,,,,,,,,,,,,,,,
HP Wireless Mouse,,,,,,,,,,,,,,,,,,,,,,,,,,,,,,,
Acer Desktop,iMac,Lenovo Desktop Computer,Koss Home Headphones,Panasonic In-Ear Headphone , Intel Desktop ,Belkin Mouse Pad,Apple MacBook Pro,HP Monitor,Philips Flexible Earhook Headphone,DYMO Labeling Tape ,,,,,,,,,,,,,,,,,,,,,
Acer Aspire,Dell Desktop,Etekcity Power Extension Cord Cable,,,,,,,,,,,,,,,,,,,,,,,,,,,,,
ViewSonic Monitor,HP Laptop,3-Button Mouse,Microsoft Basic Optical Mouse,,,,,,,,,,,,,,,,,,,,,,,,,,,,
HP Laptop,CYBERPOWER Gamer Desktop,Apple Earpods,Dell Laptop,,,,,,,,,,,,,,,,,,,,,,,,,,,,
Acer Monitor,Acer Aspire,HP Laptop,iMac,Epson Black Ink,CYBERPOWER Gamer Desktop,AOC Monitor,Apple Wireless Keyboard,HP Monitor,Apple MacBook Air,Kindle ,,,,,,,,,,,,,,,,,,,,,
Otium Wireless Sports Bluetooth Headphone,Dell Laptop,,,,,,,,,,,,,,,,,,,,,,,,,,,,,,
iMac,Logitech 3-button Mouse,Halter Mesh Metal Monitor Stand,,,,,,,,,,,,,,,,,,,,,,,,,,,,,
CYBERPOWER Gamer Desktop,3-Button Mouse,Apple Earpods,,,,,,,,,,,,,,,,,,,,,,,,,,,,,
Apple Earpods,Wireless Portable Mouse,,,,,,,,,,,,,,,,,,,,,,,,,,,,,,
Panasonic In-Ear Headphone ,,,,,,,,,,,,,,,,,,,,,,,,,,,,,,,
Samsung Monitor,ViewSonic Monitor,Dell Laptop,,,,,,,,,,,,,,,,,,,,,,,,,,,,,
ViewSonic Monitor,HP Black & Tri-color Ink ,Lenovo Desktop Computer,Apple Magic Keyboard,Bose Companion Speakers,Epson Printer,ASUS Desktop,,,,,,,,,,,,,,,,,,,,,,,,,
Eluktronics Pro Gaming Laptop,Computer Game,iMac,CYBERPOWER Gamer Desktop,Cyber Acoustics,,,,,,,,,,,,,,,,,,,,,,,,,,,
Dell Desktop,iMac,Apple Magic Keyboard,Panasonic In-Ear Headphone ,Microsoft Office Home and Student 2016,CYBERPOWER Gamer Desktop,Belkin Mouse Pad,Apple MacBook Pro,HP Monitor,,,,,,,,,,,,,,,,,,,,,,,
Apple MacBook Air,,,,,,,,,,,,,,,,,,,,,,,,,,,,,,,
Samsung Monitor,Microsoft Office Home and Student 2016,CYBERPOWER Gamer Desktop,Logitech 3-button Mouse,,,,,,,,,,,,,,,,,,,,,,,,,,,,
Epson Black Ink,CYBERPOWER Gamer Desktop,Apple Wireless Keyboard,Backlit LED Gaming Keyboard,,,,,,,,,,,,,,,,,,,,,,,,,,,,
iMac,Slim 2TB Portable External Hard Drive,3-Button Mouse,Backlit LED Gaming Keyboard,,,,,,,,,,,,,,,,,,,,,,,,,,,,
HP Wireless Mouse,,,,,,,,,,,,,,,,,,,,,,,,,,,,,,,
iMac,,,,,,,,,,,,,,,,,,,,,,,,,,,,,,,
ASUS Chromebook,iMac,CYBERPOWER Gamer Desktop,Full Motion Monitor Mount,HP Monitor,Wireless Portable Mouse,Dell Laptop,Backlit LED Gaming Keyboard,,,,,,,,,,,,,,,,,,,,,,,,
ViewSonic Monitor,,,,,,,,,,,,,,,,,,,,,,,,,,,,,,,
HP Wireless Mouse,Acer Aspire,USB Cable,,,,,,,,,,,,,,,,,,,,,,,,,,,,,
LG Monitor,,,,,,,,,,,,,,,,,,,,,,,,,,,,,,,
Epson Printer,Cambridge Bluetooth Speaker,Microsoft Wireless Desktop Keyboard and Mouse,,,,,,,,,,,,,,,,,,,,,,,,,,,,,
iMac,CYBERPOWER Gamer Desktop,HP Desktop,,,,,,,,,,,,,,,,,,,,,,,,,,,,,
Eluktronics Pro Gaming Laptop,HP Laptop,Lenovo Desktop Computer,Logitech 3-button Mouse,3-Button Mouse,Redragon Gaming Mouse,Gaming Mouse Professional,JBL Splashproof Portable Bluetooth Speaker,,,,,,,,,,,,,,,,,,,,,,,,
Acer Monitor,Dell Desktop,HP Laptop,iMac,Koss Home Headphones,ASUS 2 Monitor,Redragon Gaming Mouse,Brother Printer,Microsoft Wireless Desktop Keyboard and Mouse,,,,,,,,,,,,,,,,,,,,,,,
Dell Desktop,Acer Desktop,ViewSonic Monitor,Lenovo Desktop Computer,Apple Magic Keyboard, Intel Desktop ,Apple MacBook Pro,DYMO Label Manker  ,Backlit LED Gaming Keyboard,,,,,,,,,,,,,,,,,,,,,,,
Apple Earpods,,,,,,,,,,,,,,,,,,,,,,,,,,,,,,,
Lenovo Desktop Computer,3-Button Mouse,,,,,,,,,,,,,,,,,,,,,,,,,,,,,,
Bose Companion Speakers, Intel Desktop ,Apple Earpods,Wireless Portable Mouse,,,,,,,,,,,,,,,,,,,,,,,,,,,,
3-Button Mouse,Apple Wireless Keyboard,Large Mouse Pad,Dell KM117 Wireless Keyboard & Mouse,Microsoft Wireless Desktop Keyboard and Mouse,,,,,,,,,,,,,,,,,,,,,,,,,,,
Acer Aspire,Acer Desktop,HP Laptop,Bose Companion Speakers,Slim Wireless Mouse,,,,,,,,,,,,,,,,,,,,,,,,,,,
AOC Monitor,,,,,,,,,,,,,,,,,,,,,,,,,,,,,,,
Etekcity Power Extension Cord Cable,Zombie Gaming Headset,,,,,,,,,,,,,,,,,,,,,,,,,,,,,,
ViewSonic Monitor,HP Laptop,Alienware Laptop,CYBERPOWER Gamer Desktop,Lenovo Desktop Computer,,,,,,,,,,,,,,,,,,,,,,,,,,,
LG Monitor,ASUS Chromebook,iMac,Lenovo Desktop Computer,Panasonic In-Ear Headphone ,Etekcity Power Extension Cord Cable,,,,,,,,,,,,,,,,,,,,,,,,,,
Dell Desktop,iMac,Lenovo Desktop Computer,CYBERPOWER Gamer Desktop,3-Button Mouse,Wireless Portable Mouse,,,,,,,,,,,,,,,,,,,,,,,,,,
Samsung Monitor,Dell Desktop,ASUS Monitor,Lenovo Desktop Computer,CYBERPOWER Gamer Desktop,3-Button Mouse,Apple Wireless Keyboard,Apple MacBook Pro,Apple Earpods,Backlit LED Gaming Keyboard,,,,,,,,,,,,,,,,,,,,,,
Otium Wireless Sports Bluetooth Headphone,iMac,ASUS Monitor,Logitech MK550 Wireless Wave Keyboard and Mouse Combo,CYBERPOWER Gamer Desktop,,,,,,,,,,,,,,,,,,,,,,,,,,,
Samsung Monitor,iMac,Apple Magic Keyboard,Panasonic In-Ear Headphone ,Apple Wireless Keyboard,,,,,,,,,,,,,,,,,,,,,,,,,,,
ASUS 2 Monitor,Cambridge Bluetooth Speaker,3-Button Mouse,ASUS Desktop,Wireless Portable Mouse,iPad Pro ,,,,,,,,,,,,,,,,,,,,,,,,,,
iMac,Apple MacBook Air,,,,,,,,,,,,,,,,,,,,,,,,,,,,,,
Samsung Monitor,HDMI Cable 6ft,iMac,Apple Wireless Keyboard,Apple Earpods,Dell KM117 Wireless Keyboard & Mouse,,,,,,,,,,,,,,,,,,,,,,,,,,
Samsung Monitor,Computer Game,Apple Wired Keyboard,Apple MacBook Pro,Apple MacBook Air,,,,,,,,,,,,,,,,,,,,,,,,,,,
Microsoft Wireless Desktop Keyboard and Mouse,,,,,,,,,,,,,,,,,,,,,,,,,,,,,,,
Bose Companion Speakers, Intel Desktop ,Apple Wireless Keyboard,Apple MacBook Pro,,,,,,,,,,,,,,,,,,,,,,,,,,,,
Acer Monitor,ASUS Chromebook,HP Black & Tri-color Ink ,iMac,CYBERPOWER Gamer Desktop,,,,,,,,,,,,,,,,,,,,,,,,,,,
Apple Earpods,Apple MacBook Air,,,,,,,,,,,,,,,,,,,,,,,,,,,,,,
Acer Aspire,ASUS 2 Monitor,Gaming Mouse Professional,Epson Black Ink,,,,,,,,,,,,,,,,,,,,,,,,,,,,
HP Wireless Mouse,Dell 2 Desktop,ViewSonic Monitor,HP Laptop,iMac,ASUS Monitor,ASUS 2 Monitor,Epson Black Ink,CYBERPOWER Gamer Desktop,AOC Monitor,Logitech 3-button Mouse,Etekcity Power Extension Cord Cable,Smart Light Bulb,Slim Wireless Mouse,ASUS Desktop,,,,,,,,,,,,,,,,,
LG Monitor,Eluktronics Pro Gaming Laptop,Acer Desktop,ViewSonic Monitor,Computer Game,HP Laptop,iMac,HP Wireless Printer,Apple Magic Keyboard,Koss Home Headphones,Logitech MK550 Wireless Wave Keyboard and Mouse Combo,Microsoft Office Home and Student 2016,Lenovo Desktop Computer,Cyber Acoustics,Redragon Gaming Mouse,HP Monitor,Multi Media Stand,,,,,,,,,,,,,,,
Acer Monitor,Samsung Monitor,Alienware Laptop,CYBERPOWER Gamer Desktop,Belkin Mouse Pad,,,,,,,,,,,,,,,,,,,,,,,,,,,
Acer Desktop,iMac,3-Button Mouse,Brother Printer,iPad Pro ,,,,,,,,,,,,,,,,,,,,,,,,,,,
HP Wireless Mouse,LG Monitor,Apple Wireless Keyboard,Apple MacBook Air,,,,,,,,,,,,,,,,,,,,,,,,,,,,
HDMI Cable 6ft,Eluktronics Pro Gaming Laptop,Acer Desktop,ASUS Monitor,Alienware Laptop,Lenovo Desktop Computer,Cambridge Bluetooth Speaker,CYBERPOWER Gamer Desktop,Brother Printer Toner,Cyber Acoustics,Fire TV Stick,Wireless Portable Mouse,USB Cable,Microsoft Wireless Desktop Keyboard and Mouse,,,,,,,,,,,,,,,,,,
Slim 2TB Portable External Hard Drive,3-Button Mouse,Backlit LED Gaming Keyboard,,,,,,,,,,,,,,,,,,,,,,,,,,,,,
Belkin Mouse Pad,Dell Desktop,Apple MacBook Pro,HP Monitor,Backlit LED Gaming Keyboard,,,,,,,,,,,,,,,,,,,,,,,,,,,
LG Monitor,HP Laptop,Microsoft Headset,iPad Pro ,JBL Splashproof Portable Bluetooth Speaker,,,,,,,,,,,,,,,,,,,,,,,,,,,
HDMI Cable 6ft,HP Laptop,iMac,Apple Magic Keyboard,Logitech 3-button Mouse,Etekcity Power Extension Cord Cable,Dell Desktop,Brother Printer,,,,,,,,,,,,,,,,,,,,,,,,
Dell 2 Desktop,ASUS 2 Monitor,Lenovo Desktop Computer,Apple Magic Keyboard,CYBERPOWER Gamer Desktop,Apple Earpods,2TB Portable External Hard Drive,,,,,,,,,,,,,,,,,,,,,,,,,
Dell Desktop,iMac,ASUS 2 Monitor,Lenovo Desktop Computer,Panasonic In-Ear Headphone ,Height-Adjustable Standing Desk,Cambridge Bluetooth Speaker,3-Button Mouse,Apple Earpods,,,,,,,,,,,,,,,,,,,,,,,
Dell Desktop,5TB Desktop Hard Drive,HP Laptop,iMac,HP Wireless Printer,Panasonic In-Ear Headphone ,Apple Earpods,Apple MacBook Air,iPad Pro ,,,,,,,,,,,,,,,,,,,,,,,
3-Button Mouse,Backlit LED Gaming Keyboard,,,,,,,,,,,,,,,,,,,,,,,,,,,,,,
HP Wireless Printer,AOC Monitor,Belkin Mouse Pad,Dell Desktop,Dell Laptop,,,,,,,,,,,,,,,,,,,,,,,,,,,
iMac,ASUS 2 Monitor,Apple MacBook Pro,,,,,,,,,,,,,,,,,,,,,,,,,,,,,
Sonos,,,,,,,,,,,,,,,,,,,,,,,,,,,,,,,
Panasonic In-Ear Headphone ,Cambridge Bluetooth Speaker,Belkin Mouse Pad,Dell KM117 Wireless Keyboard & Mouse,,,,,,,,,,,,,,,,,,,,,,,,,,,,
ASUS Chromebook,ViewSonic Monitor,HP Laptop,Epson Printer,Logitech Keyboard,Microsoft Office Home and Student 2016,,,,,,,,,,,,,,,,,,,,,,,,,,
Otium Wireless Sports Bluetooth Headphone,Eluktronics Pro Gaming Laptop,Logitech MK360 Wireless Keyboard and Mouse Combo,Apple Earpods,,,,,,,,,,,,,,,,,,,,,,,,,,,,
Acer Aspire,Dell 2 Desktop,HP Laptop,iMac,Cambridge Bluetooth Speaker,Backlit LED Gaming Keyboard,,,,,,,,,,,,,,,,,,,,,,,,,,
Dell Desktop,Acer Desktop,CYBERPOWER Gamer Desktop,3-Button Mouse,Apple MacBook Pro,HP Monitor,Backlit LED Gaming Keyboard,,,,,,,,,,,,,,,,,,,,,,,,,
Samsung Monitor,iMac,Panasonic In-Ear Headphone ,3-Button Mouse,,,,,,,,,,,,,,,,,,,,,,,,,,,,
iMac,Lenovo Desktop Computer,Cambridge Bluetooth Speaker,Apple MacBook Pro,,,,,,,,,,,,,,,,,,,,,,,,,,,,
Cambridge Bluetooth Speaker,,,,,,,,,,,,,,,,,,,,,,,,,,,,,,,
Samsung Monitor,Acer Aspire,ViewSonic Monitor,,,,,,,,,,,,,,,,,,,,,,,,,,,,,
Samsung Monitor,HP Laptop,iMac,HP Wireless Printer,Alienware Laptop,Lenovo Desktop Computer,Apple Magic Keyboard,Logitech 3-button Mouse,Apple MacBook Pro,Apple Earpods,ASUS Desktop,Rii LED Keyboard,,,,,,,,,,,,,,,,,,,,
Backlit LED Gaming Keyboard,,,,,,,,,,,,,,,,,,,,,,,,,,,,,,,
iMac,ASUS 2 Monitor,Lenovo Desktop Computer,Apple Magic Keyboard,CYBERPOWER Gamer Desktop,Apple Wireless Keyboard,Apple MacBook Pro,Wireless Portable Mouse,Backlit LED Gaming Keyboard,,,,,,,,,,,,,,,,,,,,,,,
ASUS Chromebook,Acer Aspire, Intel Desktop ,Ailihen Stereo Headphones,Rii LED Gaming Keyboard & Mouse Combo ,Belkin Mouse Pad,Dell Desktop,Smart Light Bulb,Slim Wireless Mouse,Microsoft Headset,,,,,,,,,,,,,,,,,,,,,,
Acer Desktop,Logitech MK270 Wireless Keyboard and Mouse Combo,Dell 2 Desktop,HP Laptop,iMac,Bose Companion Speakers,CYBERPOWER Gamer Desktop,3TB Portable External Hard Drive,Apple MacBook Pro,Apple Earpods,Dell KM117 Wireless Keyboard & Mouse,HP Desktop,,,,,,,,,,,,,,,,,,,,
Lenovo Desktop Computer,ASUS Desktop,,,,,,,,,,,,,,,,,,,,,,,,,,,,,,
LG Monitor,Epson Printer,3-Button Mouse,,,,,,,,,,,,,,,,,,,,,,,,,,,,,
Sonos,ASUS Desktop,Dell Laptop,HP Desktop,,,,,,,,,,,,,,,,,,,,,,,,,,,,
HP Wireless Mouse,Eluktronics Pro Gaming Laptop,Acer Aspire,ViewSonic Monitor,HP Laptop, Intel Desktop ,ASUS 2 Monitor,Microsoft Office Home and Student 2016,Redragon Gaming Mouse,ASUS Desktop,,,,,,,,,,,,,,,,,,,,,,
Acer Aspire,HP Black & Tri-color Ink ,HP Laptop,HP Wireless Printer,Dell Desktop,Microsoft Wireless Desktop Keyboard and Mouse,,,,,,,,,,,,,,,,,,,,,,,,,,
Acer Monitor,Dell Desktop,HP Laptop,iMac,Cambridge Bluetooth Speaker,CYBERPOWER Gamer Desktop,Zombie Gaming Headset,iPad Pro ,Backlit LED Gaming Keyboard,,,,,,,,,,,,,,,,,,,,,,,
Samsung Monitor,ASUS Monitor,CYBERPOWER Gamer Desktop,Microsoft Basic Optical Mouse,Apple Earpods,HP Monitor,Wireless Portable Mouse,,,,,,,,,,,,,,,,,,,,,,,,,
Dell Desktop,HP Laptop,Microsoft Office Home and Student 2016,3TB Portable External Hard Drive,iPhone Charger Cable,Apple Earpods,JBL Splashproof Portable Bluetooth Speaker,,,,,,,,,,,,,,,,,,,,,,,,,
Samsung Monitor,HP Wireless Mouse,ASUS Chromebook,Eluktronics Pro Gaming Laptop,Acer Aspire,Logitech MK270 Wireless Keyboard and Mouse Combo,ViewSonic Monitor,iMac,ASUS Monitor,Apple Magic Keyboard,Rii LED Gaming Keyboard & Mouse Combo ,Apple Wireless Keyboard,Dell KM117 Wireless Keyboard & Mouse,Slim Wireless Mouse,Dell Laptop,Brother Printer,iPad Pro ,,,,,,,,,,,,,,,
Dell Laptop,,,,,,,,,,,,,,,,,,,,,,,,,,,,,,,
HP Wireless Mouse,Acer Aspire,HP Laptop,ASUS Monitor,Lenovo Desktop Computer,Logitech Keyboard,Microsoft Office Home and Student 2016,CYBERPOWER Gamer Desktop,Philips Flexible Earhook Headphone,DYMO Labeling Tape ,,,,,,,,,,,,,,,,,,,,,,
Brother Printer Toner,Apple MacBook Pro,Apple Earpods,Apple MacBook Air,,,,,,,,,,,,,,,,,,,,,,,,,,,,
HP Wireless Mouse,Dell Desktop,HP Laptop,DOSS Touch Wireless Bluetooth,Microsoft Wireless Desktop Keyboard and Mouse,,,,,,,,,,,,,,,,,,,,,,,,,,,
